Marker,UnorderedCall,DiplPostProb,DiplCertainty,Hap1Clade,Hap2Clade,Chrom,Pos,MissingMarkers,"{EA,EA}","{EA,Mus}","{EA,NA1}","{EA,NA2}","{EA,Vv}","{Mus,Mus}","{Mus,NA1}","{Mus,NA2}","{Mus,Vv}","{NA1,NA1}","{NA1,NA2}","{NA1,Vv}","{NA2,NA2}","{NA2,Vv}","{Vv,Vv}"
rh_chr1_93619,"{Vv,Vv}",0.9980526777629576,0.9979135833174546,Vv,Vv,chr01,89866,False,1.5689849136717263e-06,2.3799489862133086e-06,2.383093095870595e-06,2.4056403185663714e-06,0.0005032514040996175,1.4359740643556336e-06,2.320168184153463e-06,2.3391244608645466e-06,0.00047061963928000396,1.4411768291407544e-06,2.3419110093455886e-06,0.0004719804841323021,1.479569676011292e-06,0.0004813751179923822,0.9980526777629576
rh_chr1_268616,"{Vv,Vv}",0.9998445907148262,0.9998334900515995,Vv,Vv,chr01,263248,False,5.716234128208671e-08,6.440861138534083e-08,6.509527746122429e-08,7.069362771461715e-08,6.0993813845252105e-05,4.3153394892995055e-08,6.142630178989462e-08,6.333613999352994e-08,2.7081258394477507e-05,4.338787793629713e-08,6.365552994987319e-08,2.849551560941629e-05,4.750263980867033e-08,3.8258875582446653e-05,0.9998445907148262
rh_chr1_334737,"{Vv,Vv}",0.9999418144964858,0.9999376583890919,Vv,Vv,chr01,329439,False,2.410707784991058e-08,2.683547888648189e-08,2.7150341109021413e-08,3.011343798757603e-08,2.2451078414772064e-05,1.7433856275898483e-08,2.509993039628898e-08,2.647338834523456e-08,1.0229275483133751e-05,1.7576425343992426e-08,2.663682738694759e-08,1.0730176256528374e-05,2.0247095779467455e-08,1.4533299500473663e-05,0.9999418144964858
rh_chr1_443667,"{Vv,Vv}",0.9999713500408973,0.9999693036152472,Vv,Vv,chr01,438310,False,7.616084843221308e-09,8.130764213553162e-09,8.255948808458891e-09,9.694441969365041e-09,1.0098911951759197e-05,4.8734286614200185e-09,7.167290169695487e-09,8.068827251735277e-09,5.3929300154090455e-06,4.959289719721243e-09,8.14860601989164e-09,5.5772644045655165e-06,6.5017940942094344e-09,7.507436255239769e-06,0.9999713500408973
rh_chr1_547952,"{Vv,Vv}",0.9999869120450318,0.9999859771911055,Vv,Vv,chr01,544389,False,2.5426559486463743e-09,2.174397384096317e-09,2.2348003283132917e-09,3.1117924027269237e-09,4.334809703889741e-06,1.156294084491764e-09,1.537697838205332e-09,2.2190939035714003e-09,2.4702902562548135e-06,1.2148364553074837e-09,2.2671757738190267e-09,2.5468234984033167e-06,2.2661956848133864e-09,3.7153065698748786e-06,0.9999869120450318
rh_chr1_631086,"{Vv,Vv}",0.9999393934982621,0.9999350644624236,Vv,Vv,chr01,627268,False,2.1059722140508396e-09,1.874362998979251e-09,1.931428849619994e-09,2.782629593284595e-09,1.7464423788527563e-05,8.648137672564416e-10,1.2409003007657302e-09,1.922772272801402e-09,1.2625789635270752e-05,9.209050368426578e-10,1.969969397897298e-09,1.2880680959902253e-05,1.915427605853631e-09,1.7618078172232298e-05,0.9999393934982621
rh_chr1_741516,"{Vv,Vv}",0.9999030801005371,0.9998961572505755,Vv,Vv,chr01,737678,False,1.6773009874825652e-09,1.6860235887685138e-09,1.7453601973300288e-09,2.6660817390356665e-09,2.8219531161689324e-05,5.518497233367696e-10,9.730548866374212e-10,1.7559169540411848e-09,1.9391687305578327e-05,6.089535650370678e-10,1.8082362783163009e-09,1.9885754628545284e-05,1.5956733416768915e-09,2.9407857915936597e-05,0.9999030801005371
rh_chr1_1060803,"{Vv,Vv}",0.9999315814778661,0.9999266944405708,Vv,Vv,chr01,1049416,False,2.450329781432445e-10,3.942460330274633e-10,3.928937184476932e-10,5.080818162981263e-10,1.7495357104018076e-05,1.6137401903242833e-10,3.140477020622037e-10,4.1846142474850174e-10,1.5961001798398434e-05,1.5529830169558144e-10,4.162781934669334e-10,1.5642030924107747e-05,2.6717206707513923e-10,1.9316859421212015e-05,0.9999315814778661
rh_chr1_1170229,"{Vv,Vv}",0.9999865320722418,0.9999855700774019,Vv,Vv,chr01,1140710,False,2.17471480433468e-11,4.3331456441721615e-11,3.8389518783768755e-11,5.2769882349340615e-11,2.7149746251100025e-06,2.3836770272527224e-11,3.6911954925309975e-11,5.132120106394307e-11,3.290998783544002e-06,1.5400539971691674e-11,4.5731457681263323e-11,2.734756622351596e-06,2.7522710771335032e-11,4.726840764660703e-06,0.9999865320722418
rh_chr1_1304008,"{Vv,Vv}",0.9999915953533562,0.9999909950214532,Vv,Vv,chr01,1265000,False,7.709098837621813e-12,1.7910643493352808e-11,1.2300204047122331e-11,1.4454000536187287e-11,1.4038659035385415e-06,2.210028279020088e-11,1.6570715759918233e-11,1.8555370227002472e-11,4.34484686354041e-06,6.843493855708856e-12,1.3992941852810474e-11,1.4281398631966688e-06,7.32600160063961e-12,1.2276562507274137e-06,0.9999915953533562
rh_chr1_1400565,"{Vv,Vv}",0.9999826475639274,0.999981408104208,Vv,Vv,chr01,1361620,False,9.948237679638015e-12,4.878195952609363e-11,1.3440071531892404e-11,1.5799126819874946e-11,4.6528739555926575e-06,4.920067897830941e-11,4.582377800319635e-11,4.3575852188512655e-11,5.141244346254837e-06,8.188401079009953e-12,1.557725824576215e-11,5.10781883364688e-06,8.274666756663216e-12,2.450240327098931e-06,0.9999826475639274
rh_chr1_1482273,"{Vv,Vv}",0.9999337398398404,0.9999290069712575,Vv,Vv,chr01,1441962,False,5.530627727512727e-11,3.2106620956160827e-10,7.930550466474684e-11,8.869004529925404e-11,1.3730039742660659e-05,3.169753118817121e-10,2.9135422754949704e-10,3.0096434717509244e-10,2.7563457254387766e-05,3.940059577780736e-11,8.123852710198405e-11,1.1984534873981509e-05,5.513074018721564e-11,1.298049885685955e-05,0.9999337398398404
rh_chr1_1623606,"{Vv,Vv}",0.9998741642199672,0.9998651759499649,Vv,Vv,chr01,1583376,False,3.4305734945109606e-10,9.772008933861967e-10,4.887837437475081e-10,6.807610671330981e-10,3.034394556019289e-05,6.358415532014284e-10,8.001091547001774e-10,1.041186763148983e-09,3.954165118392288e-05,1.926052634325356e-10,5.589832845297057e-10,2.309431504911296e-05,4.132751317295243e-10,3.2849736435311424e-05,0.9998741642199672
rh_chr1_1879893,"{Vv,Vv}",0.9998959273383653,0.99988849357682,Vv,Vv,chr01,1839399,False,2.7975834515201273e-10,4.601707468069172e-10,3.7104765859096213e-10,4.696978330195206e-10,3.033914046371587e-05,2.2207600545086946e-10,3.5663211189433876e-10,4.421706798067607e-10,2.2301850715083778e-05,1.6217972029706803e-10,3.746689631802567e-10,2.15863461365638e-05,2.672179573746089e-10,2.984191869931118e-05,0.9998959273383653
rh_chr1_1999515,"{Vv,Vv}",0.9998912648510684,0.9998834980547161,Vv,Vv,chr01,1959058,False,1.6667230355907245e-10,2.314303767243619e-10,2.0701275534240858e-10,2.7043146110698123e-10,3.6564190184824795e-05,8.332493148961865e-11,1.6115276671347943e-10,2.028821911680598e-10,2.1481706738401505e-05,6.99097346858884e-11,1.857278051035253e-10,2.104675195004143e-05,1.2164585877327285e-10,2.9640799868227727e-05,0.9998912648510684
rh_chr1_2145831,"{Vv,Vv}",0.9998700648804358,0.999860783800467,Vv,Vv,chr01,2106048,False,5.764911737225168e-10,6.596000352514962e-10,6.436993440627729e-10,8.565074772828769e-10,5.168311541886586e-05,1.8805199387999428e-10,4.297388553485198e-10,5.27750202213346e-10,2.2321426053667385e-05,1.8103450297225284e-10,5.169127294199914e-10,2.2088426614404874e-05,3.169277037820391e-10,3.383725476318325e-05,0.9998700648804358
rh_chr1_2306205,"{Vv,Vv}",0.9999088670620812,0.9999023575665156,Vv,Vv,chr01,2265211,False,4.507486631668964e-10,2.446751520972033e-10,2.4213992945452857e-10,5.257480233426989e-10,5.2707419962406636e-05,7.267703686689284e-11,1.580964070277784e-10,1.8076573187291642e-10,7.744828918618765e-06,7.17122749633721e-11,1.7928898034213355e-10,7.72872624996141e-06,1.5261670430046423e-10,2.294968431893906e-05,0.9999088670620812
rh_chr1_2424927,"{Vv,Vv}",0.9999086518103998,0.999902126939714,Vv,Vv,chr01,2384046,False,1.8623068110242397e-10,1.1368767486096284e-10,1.1376117913608953e-10,2.0482475989400723e-10,5.438694840415437e-05,1.9308889978710663e-11,4.639662993978465e-11,6.673978880628087e-11,8.858056436504879e-06,1.950177653447504e-11,6.695263566851316e-11,8.92778168984318e-06,5.044537768981512e-11,1.917451522022342e-05,0.9999086518103998
rh_chr1_2618562,"{Vv,Vv}",0.9999103971305114,0.999903996925548,Vv,Vv,chr01,2577582,False,3.3470469622377207e-10,7.286676330547476e-11,7.79960491844684e-11,2.0958272658492655e-10,6.950284260149509e-05,1.757128425091507e-11,3.321049176394592e-11,5.438228402831344e-11,3.803644623007928e-06,2.0001284428700482e-11,5.82314691627141e-11,4.066156036286915e-06,8.219953984041664e-11,1.2229265481142853e-05,0.9999103971305114
rh_chr1_2718543,"{Vv,Vv}",0.9999044451464661,0.9998976197997852,Vv,Vv,chr01,2677534,False,5.822787281985401e-10,2.2249794850978253e-10,2.5221721585892825e-10,7.161316043259389e-10,6.341757948559164e-05,3.957894768255169e-11,7.305515487169226e-11,8.954982132634345e-11,4.879588232914047e-06,4.71988125372346e-11,1.020605846426982e-10,5.584405640819497e-06,1.8792461633143252e-10,2.167096768108815e-05,0.9999044451464661
rh_chr1_2822616,"{Vv,Vv}",0.9998818793291393,0.9998734421383635,Vv,Vv,chr01,2781082,True,7.621597048832491e-10,5.90440840428097e-10,6.81757559314204e-10,1.0999582249477262e-09,6.04723846498442e-05,9.538217010574164e-11,1.743164771459714e-10,2.7626574374722585e-10,1.3576248216879822e-05,1.2011289905772533e-10,3.201923354700882e-10,1.5640309694304783e-05,2.99196192180665e-10,2.8427308517440742e-05,0.9998818793291393
rh_chr1_2955463,"{Vv,Vv}",0.9998926315126156,0.9998849623349454,Vv,Vv,chr01,2913710,True,5.837376919849323e-10,5.196800171578619e-10,6.782260128805508e-10,9.40100002588152e-10,4.687542216826625e-05,1.0128357664693356e-10,2.11955142962022e-10,2.961778425937463e-10,1.4750931769831521e-05,1.4462469271413041e-10,3.8822411485292373e-10,1.8570032165269665e-05,2.7804341637892426e-10,2.7167959228505402e-05,0.9998926315126156
rh_chr1_3008587,"{Vv,Vv}",0.9999094640259802,0.9999029971706931,Vv,Vv,chr01,2966940,True,4.4894375983719964e-10,4.0781188153755434e-10,5.849731598129718e-10,7.930281938210664e-10,3.8319515488561176e-05,7.877962697513974e-11,1.8317064237285776e-10,2.463114939409685e-10,1.207621350942273e-05,1.2098227783109082e-10,3.5539967307152046e-10,1.660374692022745e-05,2.2574268301154306e-10,2.3533052958073548e-05,0.9999094640259802
rh_chr1_3077430,"{Vv,Vv}",0.9999416847805443,0.9999375194077261,Vv,Vv,chr01,3035452,False,2.613091703557613e-10,1.9246726188010934e-10,3.8091344301566575e-10,5.184159273673737e-10,2.469147925178427e-05,4.403083432214774e-11,9.584268850268075e-11,1.2325246991509372e-10,5.981328522789853e-06,7.46630066300115e-11,2.4681997235552325e-10,1.1424505084051143e-05,1.4087052596933616e-10,1.6215828011765713e-05,0.9999416847805443
rh_chr1_3142598,"{Vv,Vv}",0.9999778020235282,0.9999762164537802,Vv,Vv,chr01,3100650,False,1.2324229638770629e-10,1.2327578347252684e-10,1.9317099940985854e-10,2.522654795159573e-10,8.659697075321139e-06,2.7438891409085898e-11,6.445748076411967e-11,8.35787262699933e-11,3.281835222245596e-06,3.8898937778030746e-11,1.2942194583582393e-10,4.310061154868122e-06,6.791263450872865e-11,5.945279356318484e-06,0.9999778020235282
rh_chr1_3325315,"{Vv,Vv}",0.9999780594014777,0.9999764922158689,Vv,Vv,chr01,3282755,False,5.44243095739328e-11,7.931066067707895e-11,7.460863715857719e-11,7.92221009036397e-11,4.740198096473505e-06,3.4650939148077954e-11,5.589963368449804e-11,7.059111467265246e-11,9.354657771596602e-06,3.082394067889713e-11,5.4360351740694914e-11,3.54544388719511e-06,3.2394922532356707e-11,4.299732480421113e-06,0.9999780594014777
rh_chr1_3523735,"{Vv,Vv}",0.9999266077119054,0.9999213654056129,Vv,Vv,chr01,3481846,False,2.564595487159389e-10,3.5873878793997517e-10,3.2961720643059605e-10,2.9760973782104083e-10,2.276155862169716e-05,1.774585661193645e-10,3.2297759698016895e-10,2.918071439918116e-10,1.559107033064899e-05,2.2603289298099077e-10,2.761976341352537e-10,1.9568315880672195e-05,1.906049280483404e-10,1.546861575755312e-05,0.9999266077119054
rh_chr1_3758335,"{Vv,Vv}",0.9998606069413695,0.9998506502943244,Vv,Vv,chr01,3716202,False,4.875473947932396e-10,6.961453332994354e-10,7.471168196746015e-10,6.227735743048418e-10,4.791975668940003e-05,3.2420509579033155e-10,6.606718661931924e-10,5.903127864801504e-10,1.2787706483617072e-05,5.289861855159872e-10,6.508997877703792e-10,4.004179312303993e-05,4.039579135814934e-10,3.863808971763729e-05,0.9998606069413695
rh_chr1_3875541,"{Vv,Vv}",0.9995103903910031,0.9994754182760748,Vv,Vv,chr01,3833574,False,5.176291698548923e-10,1.1657259674675827e-09,1.0933934061264966e-09,8.405205386493502e-10,0.000172907014401705,6.984506802347465e-10,1.1912541520517753e-09,1.097309532143697e-09,3.46366881651142e-05,8.286360475510165e-10,1.0582394873953808e-09,0.00014498734266140355,5.758024539791574e-10,0.0001370694968073142,0.9995103903910031
rh_chr1_3959025,"{Vv,Vv}",0.9991930909961363,0.9991354546387174,Vv,Vv,chr01,3919488,False,4.953715255951967e-10,1.3610502588013256e-09,1.3728184825736981e-09,9.498304691380596e-10,0.0003067729368654754,9.749148006811046e-10,1.4543172853511415e-09,1.380241972597234e-09,4.398723761227541e-05,7.521371651394873e-10,1.2284649399949006e-09,0.00023147706121070014,4.356443809268524e-10,0.00022466136338397593,0.9991930909961363
rh_chr1_4330482,"{Vv,Vv}",0.9996053355131382,0.9995771451926481,Vv,Vv,chr01,4291652,False,1.432844046063251e-09,5.876961859939296e-09,3.4340738770695293e-09,2.767662786662898e-09,0.00012824705323882042,1.889689559145287e-09,4.484311505547478e-09,4.476262010004698e-09,7.135017724823153e-05,1.395127924267586e-09,2.866467654679378e-09,9.877715284169993e-05,1.0204783749310351e-09,9.62604596534541e-05,0.9996053355131382
rh_chr1_4445423,"{Vv,Vv}",0.9997668699101239,0.999750217760847,Vv,Vv,chr01,4406530,True,6.692799099657147e-10,2.6764763676097256e-09,1.5173447612178317e-09,1.4254668632683164e-09,7.906384122892892e-05,7.769130428087969e-10,1.6893963055521424e-09,1.914259894384492e-09,4.449800904228405e-05,5.150031690005828e-10,1.3126613447808902e-09,4.998309361854946e-05,5.232688101802961e-10,5.957212591583108e-05,0.9997668699101239
rh_chr1_4517681,"{Vv,Vv}",0.9998853327871596,0.9998771422719568,Vv,Vv,chr01,4478494,False,1.583870664831812e-10,1.1213584929711122e-09,3.8977629925272993e-10,4.3600521145904185e-10,4.397437154615453e-05,2.7488210897710915e-10,4.0146865864038684e-10,6.425974960207529e-10,2.330757966986717e-05,1.3679850472198195e-10,3.828621578320644e-10,1.5120572881092e-05,1.7823488807912395e-10,3.226056637233636e-05,0.9998853327871596
rh_chr1_4613003,"{Vv,Vv}",0.9999462899640664,0.9999424535329283,Vv,Vv,chr01,4573746,False,6.363815526261789e-11,2.154797964197989e-10,9.532091615278531e-11,1.1478206146588532e-10,1.2981903742197063e-05,5.513311452641933e-11,7.967882951863076e-11,1.167312229739833e-10,3.836907189535229e-06,2.3307330071936613e-11,7.095023694619672e-11,9.001859681614142e-06,3.224053072642753e-11,2.7888498058076093e-05,0.9999462899640664
rh_chr1_4681418,"{Vv,Vv}",0.9999611210229494,0.9999583439531601,Vv,Vv,chr01,4642062,False,7.469668723075116e-11,1.753278433834829e-10,1.1924450612785746e-10,1.980510310818759e-10,1.248829788581546e-05,4.800148716254566e-11,1.0029230220040373e-10,1.8159945328417463e-10,3.3618203316837893e-06,3.775229876531568e-11,1.6554248354781494e-10,5.808358720275698e-06,8.777739383488237e-11,1.7219311827369236e-05,0.9999611210229494
rh_chr1_4913189,"{Vv,Vv}",0.9999726591409515,0.999970706222448,Vv,Vv,chr01,4876662,False,5.59754388496741e-11,1.0683887527056242e-10,9.833339627244493e-11,1.4678434301649312e-10,5.8941319835861465e-06,5.43385621151641e-11,8.224735864022868e-11,1.4354584593212787e-10,5.107267506348866e-06,4.336607621414181e-11,1.2643464044947367e-10,4.808274940650061e-06,9.724129818225842e-11,1.1530229512099346e-05,0.9999726591409515
rh_chr1_5045973,"{Vv,Vv}",0.999978551774481,0.9999770197583725,Vv,Vv,chr01,5009666,False,3.091166373646499e-11,7.483007705865928e-11,6.48647355642061e-11,1.0382837738992005e-10,3.7753943856226863e-06,5.136749011848953e-11,6.708847016539516e-11,1.4353583949135452e-10,5.647803629963319e-06,2.946115068210028e-11,9.787259550080223e-11,3.669515134797906e-06,7.289604220311564e-11,8.354775712206288e-06,0.999978551774481
rh_chr1_5191317,"{Vv,Vv}",0.9999763563462498,0.9999746675138391,Vv,Vv,chr01,5154704,False,1.3067312146488134e-11,2.9439283511507414e-11,3.087809191219819e-11,3.7438974027959174e-11,1.6265715990366734e-06,5.0881990835877584e-11,3.252720763979373e-11,1.4712209187215207e-10,8.601718907466985e-06,1.8859692931521896e-11,4.176385182222151e-11,2.286515694214333e-06,2.2100224972647622e-11,1.1128423470810702e-05,0.9999763563462498
rh_chr1_5368350,"{Vv,Vv}",0.9999837526957014,0.9999825921739658,Vv,Vv,chr01,5331614,False,1.3853760090668686e-11,2.974194912671125e-11,2.413212859326863e-11,3.729978637001152e-11,1.959993629296638e-06,2.3484857697840337e-11,3.4948938547839096e-11,5.657746491775054e-11,2.8608175692911632e-06,2.3839525672897045e-11,4.272666351781118e-11,7.869052035951381e-06,2.9119457927104995e-11,3.557125339466002e-06,0.9999837526957014
rh_chr1_5610096,"{Vv,Vv}",0.9999279736540299,0.999922828915032,Vv,Vv,chr01,5561220,False,1.6298346215642646e-10,1.944740893304878e-10,2.6732082241235076e-10,2.5682490831516394e-10,1.543099871260699e-05,1.294293193729176e-10,2.616638614980132e-10,2.3540138872609587e-10,1.4356622488057277e-05,4.394268386093078e-10,3.134762988367768e-10,2.3952787059745882e-05,2.367541691420042e-10,1.8283439954581326e-05,0.9999279736540299
rh_chr1_5702431,"{Vv,Vv}",0.9999431710264111,0.9999391118140118,Vv,Vv,chr01,5653744,False,1.376466190426044e-10,1.741455955678433e-10,2.404900335725997e-10,2.710538720974488e-10,1.1431344690216341e-05,8.875407500737816e-11,2.2538280309592625e-10,2.198765167273825e-10,9.55820643964775e-06,4.969982433753072e-10,2.9394493455475466e-10,2.1036692517128396e-05,2.2535912481915908e-10,1.4800356290060798e-05,0.9999431710264111
rh_chr1_5782424,"{Vv,Vv}",0.999935848674623,0.9999312664370961,Vv,Vv,chr01,5735962,False,1.3550186048217698e-10,1.65067641977381e-10,2.011343579312296e-10,3.014662512910059e-10,1.221735141161345e-05,7.065152705304419e-11,1.82777191940544e-10,2.1732824064177013e-10,8.862942583647764e-06,6.180962747039345e-10,2.6316467588344563e-10,2.5881539062631032e-05,2.4468633402984677e-10,1.718709244468239e-05,0.999935848674623
rh_chr1_5860561,"{Vv,Vv}",0.9999422519621428,0.9999381271022959,Vv,Vv,chr01,5812966,False,1.28430461890038e-10,1.3820747147323388e-10,2.0269549637458328e-10,3.132431362498661e-10,1.2959898137873913e-05,5.1577668968063736e-11,1.722139708692862e-10,1.9083539683898356e-10,7.435471408254151e-06,3.3114163914860814e-10,2.7719247217814434e-10,1.7086713850168466e-05,2.585585852018458e-10,2.0263890364592532e-05,0.9999422519621428
rh_chr1_5940848,"{Vv,Vv}",0.9999561089295161,0.999952973853053,Vv,Vv,chr01,5893372,False,1.0827544246657763e-10,7.517611763838176e-11,1.1494819360819037e-10,2.7857993697456455e-10,1.1668185429373801e-05,3.0322425709515213e-11,1.0674473023544585e-10,1.1067298985773239e-10,3.481723749465347e-06,1.443428200392728e-10,1.6678688693054321e-10,6.789816063359681e-06,2.510808667258676e-10,2.1949958311225428e-05,0.9999561089295161
rh_chr1_6034925,"{Vv,Vv}",0.9999666496692501,0.9999642675027679,Vv,Vv,chr01,5993486,False,6.718580174374151e-11,7.26199471464501e-11,9.47087318220684e-11,1.6225653509732727e-10,4.37111753205167e-06,2.397540464143146e-11,7.286754765938593e-11,8.291675765191657e-11,2.1516485059723675e-06,7.267549664295398e-11,1.0996313774482069e-10,3.0068296064529405e-06,2.6911854281347014e-10,2.3819706817609423e-05,0.9999666496692501
rh_chr1_6215954,"{Vv,Vv}",0.9999634700032694,0.9999608607177886,Vv,Vv,chr01,6174728,False,9.560431808737192e-11,1.2495078245372042e-10,1.3459179454930362e-10,2.351445015068815e-10,4.696776573529491e-06,6.917446193080665e-11,1.1388258008301467e-10,2.0446640721626582e-10,4.724757799429947e-06,8.618393433731076e-11,2.1141430851777686e-10,4.647116732340354e-06,2.8354390492115744e-10,2.2459786668315788e-05,0.9999634700032694
rh_chr1_6320667,"{Vv,Vv}",0.9998954048985907,0.9998879338199187,Vv,Vv,chr01,6280109,False,2.8862848369733714e-10,4.4071982178468113e-10,4.417849760360222e-10,7.468812927264445e-10,2.2661816656124336e-05,2.627237223545137e-10,4.202372752617575e-10,7.153017480109502e-10,2.262656031914408e-05,2.659988670718815e-10,7.099226884571234e-10,2.2022031467170565e-05,5.820610162933868e-10,3.727981870692197e-05,0.9998954048985907
rh_chr1_6615924,"{Vv,Vv}",0.999854637107798,0.9998442540440693,Vv,Vv,chr01,6574739,True,5.538880483413283e-10,9.445116806999153e-10,9.049277459770839e-10,1.1385614735924532e-09,3.549269065198196e-05,4.863172890542303e-10,8.37505019814196e-10,1.0687239117587544e-09,3.5278808526551825e-05,4.4711514086728477e-10,1.0205798615800982e-09,3.3181266363592756e-05,6.426970294418684e-10,4.1402081832714705e-05,0.999854637107798
rh_chr1_6763976,"{Vv,Vv}",0.9999173405094638,0.9999114362601398,Vv,Vv,chr01,6722740,False,2.0506614727042483e-10,3.515666446280983e-10,3.0857927979725884e-10,3.864635054671529e-10,2.1133394462196864e-05,1.0370053909104128e-10,1.902757141667046e-10,2.7357956991983767e-10,2.082894219880928e-05,8.128414403786771e-11,2.2553715744144575e-10,1.7971785650265024e-05,1.362269739330863e-10,2.2723105945201755e-05,0.9999173405094638
rh_chr1_6875844,"{Vv,Vv}",0.9999600115768118,0.9999571552608698,Vv,Vv,chr01,6834696,False,9.878846302135228e-11,2.505048248253405e-10,1.9206135629686045e-10,2.1084044029210933e-10,8.108703388215578e-06,1.0634809985901644e-10,2.0525105199659186e-10,2.7606054787369547e-10,1.2250125050892838e-05,7.306992850141427e-11,1.8119083091441852e-10,8.404983794927255e-06,8.804861547349826e-11,1.1222928789938114e-05,0.9999600115768118
rh_chr1_6966756,"{Vv,Vv}",0.9999640144476638,0.9999614440510683,Vv,Vv,chr01,6925534,False,6.908234748529123e-11,2.2748752260647387e-10,1.605315636319641e-10,1.7141780028478803e-10,5.964050509421282e-06,1.0788001714587349e-10,2.2782330683174327e-10,3.3429936778933785e-10,1.3994449424662464e-05,7.393246554776874e-11,1.8498400281964015e-10,7.803792156093879e-06,7.850825903362115e-11,8.221624299284377e-06,0.9999640144476638
rh_chr1_7092210,"{Vv,Vv}",0.9999364532390522,0.9999319141846988,Vv,Vv,chr01,7047050,False,5.7808046141024254e-11,2.335540381614351e-10,1.747323891612956e-10,1.6444304589544974e-10,8.13035916485775e-06,8.562496533307729e-11,3.151239249230259e-10,5.158009247349308e-10,3.123632282994292e-05,1.0442745636280085e-10,2.4377457978738673e-10,1.2624870973122836e-05,7.75759372973204e-11,1.1553235114538249e-05,0.9999364532390522
rh_chr1_7243488,"{Vv,Vv}",0.9999552882929406,0.9999520945995791,Vv,Vv,chr01,7198194,False,3.584493620206288e-11,9.733873449934982e-11,1.5857733461325685e-10,7.884077615324988e-11,3.68340580616111e-06,1.6586539454217743e-10,1.7244326952743023e-10,1.740464392422723e-10,2.6495730626350524e-05,9.859965901420912e-11,2.1075740734139154e-10,8.948813318066796e-06,4.316507025109238e-11,5.582521829883035e-06,0.9999552882929406
rh_chr1_7377641,"{Vv,Vv}",0.9998988316763979,0.9998916053675692,Vv,Vv,chr01,7330298,False,1.0284610343239686e-10,2.4833766516349363e-10,4.518251663729803e-10,1.8543840097207938e-10,1.4316833759153635e-05,1.9505919639834932e-10,4.4464175914128133e-10,2.922244235146494e-10,2.504349358597816e-05,2.2198571415038668e-10,6.106843635069326e-10,4.7689870806069136e-05,1.1061946025112998e-10,1.4115261788608657e-05,0.9998988316763979
rh_chr1_7478412,"{Vv,Vv}",0.9998855004800793,0.9998773219429421,Vv,Vv,chr01,7430958,False,9.851748936958982e-11,1.6173992513038057e-10,6.851989927201542e-10,2.2226887869547654e-10,1.4951478742567936e-05,1.0169254508585158e-10,1.577693759301557e-10,1.9913136186379953e-10,1.650550013291767e-05,3.983570395892598e-11,9.905553029263442e-10,6.98935366799621e-05,1.0752494234813191e-10,1.314624013075328e-05,0.9998855004800793
rh_chr1_7567870,"{Vv,Vv}",0.9999787315336215,0.9999772123574516,Vv,Vv,chr01,7520458,False,2.5577982535918986e-11,4.134112318155877e-11,1.4008022415686596e-10,5.617045864401683e-11,2.2794376464906334e-06,2.267318918393816e-11,6.823015409998617e-11,5.172276393686083e-11,5.306232585704706e-06,3.463695452711746e-11,2.168434363371659e-10,8.88431683198875e-06,5.885504540773161e-11,4.797763182996241e-06,0.9999787315336215
rh_chr1_7643877,"{Vv,Vv}",0.9999668684480524,0.9999645019086275,Vv,Vv,chr01,7595780,False,4.501883398181396e-11,8.693842269758531e-11,1.7541784553778301e-10,7.819711667773635e-11,4.415970157401049e-06,4.6100212855093455e-11,1.2987665739650246e-10,8.477251455575885e-11,5.04142619416412e-06,7.074138139810927e-11,2.1306381290755231e-10,8.16194847276793e-06,1.2820084309988775e-10,1.5511148795638264e-05,0.9999668684480524
rh_chr1_7710739,"{Vv,Vv}",0.9999227234414816,0.9999172036873017,Vv,Vv,chr01,7663597,True,1.3818630601691806e-10,2.2749427041794283e-10,3.3314851075502313e-10,3.1206335882864663e-10,1.810809028553227e-05,1.1384808233192546e-10,2.8130024874073645e-10,2.9537811285993884e-10,1.4803037514929103e-05,1.6398126053480844e-10,4.3707000348500753e-10,1.901015750217395e-05,2.493644288841718e-10,2.5352721381252995e-05,0.9999227234414816
rh_chr1_8017533,"{Vv,Vv}",0.9998685462214588,0.9998591566658488,Vv,Vv,chr01,7969722,False,2.3145270535582437e-10,2.4397212458547316e-10,3.419511424594382e-10,3.4756638897353557e-10,4.374743161479022e-05,8.90999633843722e-11,2.286431251406586e-10,2.383663176320932e-10,2.2486608118252567e-05,1.8470027945419446e-10,3.2984042397850675e-10,3.1694247343138204e-05,1.954706431916691e-10,3.352306040182715e-05,0.9998685462214588
rh_chr1_8217621,"{Vv,Vv}",0.9998716034150551,0.9998624322304162,Vv,Vv,chr01,8171368,False,1.7754509311943237e-10,1.7465110007410143e-10,3.905503110875419e-10,2.9727787331319094e-10,5.4898554450090497e-05,4.718464072840888e-11,2.341457932350001e-10,1.9766576604178782e-10,1.4693384612012333e-05,2.0479156891024932e-10,3.352596624093184e-10,2.9658201790103625e-05,1.6170360810641985e-10,2.9144223317326715e-05,0.9998716034150551
rh_chr1_8371555,"{Vv,Vv}",0.9998683350872851,0.9998589304506627,Vv,Vv,chr01,8323772,False,4.6444376738933366e-10,3.2945089539002035e-10,5.512786435504061e-10,5.440054183554452e-10,5.8311054819378486e-05,8.508469182304916e-11,3.7705062592604524e-10,3.705597185854381e-10,6.439350408274085e-06,2.8408642054054064e-10,5.210992009951131e-10,3.1894933368327814e-05,2.743702648569505e-10,3.501577268924932e-05,0.9998683350872851
rh_chr1_8477332,"{Vv,Vv}",0.999798098235577,0.9997836766809753,Vv,Vv,chr01,8429585,False,4.911905103485275e-10,5.750752433703934e-10,7.177228899449617e-10,7.264396526292175e-10,6.332634085678618e-05,1.3099460382638198e-10,4.3693680843212625e-10,4.3923904875906466e-10,7.018127300953124e-06,2.3089867919306956e-10,4.941128906342901e-10,6.19569450946438e-05,2.365590349035557e-10,6.959587200128021e-05,0.999798098235577
rh_chr1_9063579,"{Vv,Vv}",0.9996467387373184,0.999621505789984,Vv,Vv,chr01,9014776,False,7.796293304159902e-10,5.926030883956701e-10,8.43302295304308e-10,1.0256421877490443e-09,0.00011195850511637748,2.7997474079276585e-10,5.293440462959234e-10,5.782726483188459e-10,4.5865134191341655e-05,4.5733540994482506e-10,7.832527265985338e-10,8.988204475413224e-05,5.801682206164377e-10,0.00010554912909504837,0.9996467387373184
rh_chr1_9183554,"{Vv,Vv}",0.999736580551784,0.9997177648769114,Vv,Vv,chr01,9134182,False,8.573560238200242e-10,7.491237514063746e-10,1.0290431301996933e-09,1.4709455122175211e-09,8.072875614044427e-05,2.448890988140791e-10,6.70931088855367e-10,7.503021345065231e-10,3.5568000638281524e-05,4.52285755709873e-10,1.023629524445294e-09,6.569345407598883e-05,6.547117156574769e-10,8.142133414349275e-05,0.999736580551784
rh_chr1_9254255,"{Vv,Vv}",0.9998111098171893,0.9997976176612743,Vv,Vv,chr01,9204786,False,4.216696501732875e-10,4.675841745928604e-10,6.367553166371724e-10,8.582107534241365e-10,5.4336490710119934e-05,1.3473770805351578e-10,4.2165454770173496e-10,4.810446563344357e-10,2.5557998436666012e-05,2.621837557095634e-10,6.600443112313073e-10,4.765003788673244e-05,3.7524653801771555e-10,6.13409366457682e-05,0.9998111098171893
rh_chr1_9320212,"{Vv,Vv}",0.9998923736063169,0.999884686006768,Vv,Vv,chr01,9270836,False,6.433109576264263e-11,8.222448858877994e-11,1.1458970245415197e-10,1.492382792965724e-10,2.678923348167151e-05,2.1202998679998745e-11,7.641664587631316e-11,8.89289062955585e-11,1.3270705107103159e-05,4.762801350461502e-11,1.3582888467658022e-10,2.7883895491235886e-05,6.314926961571664e-11,3.968171606485203e-05,0.9998923736063169
rh_chr1_9388753,"{Vv,Vv}",0.9999387004863501,0.9999343219496609,Vv,Vv,chr01,9339350,False,6.874972176258412e-11,1.1227286657893706e-10,1.4638727013741314e-10,1.6387707948918669e-10,1.0667806857976636e-05,2.7186386896916933e-11,1.0135648076566933e-10,1.1245257574975478e-10,5.715987355830405e-06,5.813517862228688e-11,1.8424637912913393e-10,1.6757101558570827e-05,5.66370243132901e-11,2.8157586576511245e-05,0.9999387004863501
rh_chr1_9696161,"{Vv,Vv}",0.9999448437727192,0.9999409040421992,Vv,Vv,chr01,9641596,False,3.1341704017434386e-10,3.738078534028285e-10,4.652410689633715e-10,5.667540359226979e-10,1.4778293088344826e-05,1.7503971573667076e-10,3.6822682554774127e-10,4.483792008218925e-10,1.0537570119996822e-05,2.3176815402595793e-10,5.338657920092815e-10,1.2883465480039396e-05,2.958292029537693e-10,1.695312626345267e-05,0.9999448437727192
rh_chr1_9762687,"{Vv,Vv}",0.9999298779842063,0.9999248692687924,Vv,Vv,chr01,9708107,False,3.389098789918557e-10,4.659967934985502e-10,5.531525171594552e-10,6.640418002854091e-10,2.043167044280485e-05,1.8334993677691851e-10,4.4653727172598755e-10,5.311571069494818e-10,1.4068244657652463e-05,2.3231155387866532e-10,6.108647934597689e-10,1.6022676026053547e-05,2.9589639723403337e-10,1.959510244906612e-05,0.9999298779842063
rh_chr1_9997807,"{Vv,Vv}",0.9999616765143996,0.9999589391225711,Vv,Vv,chr01,9943323,False,2.1053647889081906e-10,1.3279791273023727e-10,1.4806105032799743e-10,2.0713575219131255e-10,1.940949912167379e-05,4.993747070336133e-11,1.1637546946520119e-10,1.283090436678317e-10,5.315094498222609e-06,5.3411782892387145e-11,1.3672448525253694e-10,5.667252576987641e-06,6.400610996081661e-11,7.93039210792708e-06,0.9999616765143996
rh_chr1_10143990,"{Vv,Vv}",0.9999920741515766,0.9999915080195464,Vv,Vv,chr01,10087616,False,1.8801930121551963e-11,1.4076974650661444e-11,1.409978280656953e-11,1.508370458770968e-11,3.4745854161740362e-06,4.165789621243198e-12,7.467896675275559e-12,7.334760657864162e-12,1.8333339178620002e-06,4.3573979704614664e-12,7.320128091451798e-12,1.3247754800577151e-06,3.5290618243953356e-12,1.2930573718617338e-06,0.9999920741515766
rh_chr1_10197542,"{Vv,Vv}",0.9999858041629593,0.9999847901745993,Vv,Vv,chr01,10141108,False,2.0954631781051e-11,2.0153316703879708e-11,1.9440418369725964e-11,1.875820331607207e-11,5.575087678876373e-06,6.198020273043534e-12,1.1059036766248698e-11,9.855004155893371e-12,3.3609425518833255e-06,6.552445307622509e-12,9.419713027268457e-12,2.941186680735016e-06,4.0478951895502845e-12,2.3184936904525914e-06,0.9999858041629593
rh_chr1_10270991,"{Vv,Vv}",0.9999890343965562,0.9999882511391673,Vv,Vv,chr01,10214574,False,1.688685135369289e-11,1.4804992278476925e-11,1.4007923922858403e-11,1.211725220713078e-11,5.537276876481026e-06,3.3021470274737356e-12,5.118739339424236e-12,2.950397864840384e-12,2.530141159821983e-06,1.8452365552720065e-12,2.918991561437319e-12,2.103733211122653e-06,1.3270581759590888e-12,7.943769168203254e-07,0.9999890343965562
rh_chr1_10327568,"{Vv,Vv}",0.9999773047909957,0.9999756837046382,Vv,Vv,chr01,10271205,False,3.363271662006579e-11,2.967534939489354e-11,2.8735248276780978e-11,2.2122771178820568e-11,1.699210652176122e-05,3.89387902452778e-12,9.15886448599044e-12,5.941301340629973e-12,1.9042718064794022e-06,5.311366080335858e-12,6.965081241266553e-12,2.215661919492946e-06,2.436493835417881e-12,1.5830208835382202e-06,0.9999773047909957
rh_chr1_10502666,"{Vv,Vv}",0.9998382547402204,0.999826701507379,Vv,Vv,chr01,10455471,False,7.861685145938938e-10,4.410063598371772e-10,5.710043655673485e-10,4.903023540065139e-10,0.00011956904032940738,4.610939294336209e-11,1.323147178194777e-10,7.718823158970894e-11,9.070690322369114e-06,1.90985143464132e-10,1.4786912515581643e-10,2.4888308544088065e-05,6.102271354094887e-11,8.21427661274641e-06,0.9998382547402204
rh_chr1_10608149,"{Vv,Vv}",0.9997522888391107,0.9997345951847615,Vv,Vv,chr01,10560797,False,4.5967035673557496e-10,2.200731243925403e-10,5.343273457242276e-10,3.9496831145757935e-10,0.0002071503386571948,1.5224935618440505e-11,9.328561272188291e-11,5.839335857006371e-11,3.551193701705746e-06,1.9432611995204498e-10,1.6328347126298853e-10,3.31393736786319e-05,6.30873998318525e-11,3.868058211764987e-06,0.9997522888391107
rh_chr1_10668596,"{Vv,Vv}",0.9996749476929278,0.999651729670994,Vv,Vv,chr01,10621020,False,5.907512501060069e-10,1.7048285004998936e-10,8.850376339254998e-10,6.490181783254512e-10,0.00028932048132307783,2.093111147969165e-11,2.0597291846134826e-10,1.018579660764344e-10,2.461482825626557e-06,4.621018213190875e-10,4.041719449472899e-10,2.6403851471411307e-05,1.0979513796296995e-10,6.862891331317911e-06,0.9996749476929278
rh_chr1_10871127,"{Vv,Vv}",0.9994246004837348,0.9993835005182873,Vv,Vv,chr01,10828008,False,1.773387174866149e-08,2.635011207351304e-09,1.2365258635329235e-08,2.327039498137799e-08,0.000374675260241869,2.7131632606096767e-10,1.3391699539689867e-09,1.4307317990214723e-09,1.2268244754104967e-05,4.3780050151419195e-09,3.323938488472314e-09,8.879423854089819e-05,3.0903856139260707e-09,9.959193464450986e-05,0.9994246004837348
rh_chr1_11081651,"{Vv,Vv}",0.9990716322318652,0.999005320248427,Vv,Vv,chr01,11038354,False,2.3090360099514426e-08,8.371970758736715e-09,4.854163232181444e-08,7.207675264336538e-08,0.00039969098289438764,7.266084321691431e-10,3.2344444742150883e-09,6.147763512525511e-09,2.454802358778713e-05,1.4815074063638026e-08,1.2171664431608876e-08,0.00025671325020859375,1.1302338133267617e-08,0.00024721503283513214,0.9990716322318652
rh_chr1_11409494,"{Vv,Vv}",0.9976942368625176,0.9975295394955546,Vv,Vv,chr01,11365884,True,7.868715145412296e-08,2.6342945388837914e-08,1.051738135113839e-07,3.609689693321725e-07,0.0005486365056157034,4.179229279681771e-09,1.934493618339551e-08,3.424816630231203e-08,9.064315915060847e-05,3.041702672900886e-08,6.616757697997635e-08,0.00044876915396072976,7.519941830364877e-08,0.0012169135895218602,0.9976942368625176
rh_chr1_11721015,"{Vv,Vv}",0.9967107315787016,0.9964757838343231,Vv,Vv,chr01,11657832,False,1.1323153959924578e-07,2.2933203062313083e-08,1.3504273586563386e-07,6.94696066606997e-07,0.0006181123077070281,4.45900564736603e-09,2.1254132805203666e-08,3.1644464975036193e-08,8.300187963685655e-05,2.653281917600426e-08,5.937309991120759e-08,0.000556656616402269,9.959100604264625e-08,0.0020302888594786483,0.9967107315787016
rh_chr1_11933074,"{Vv,Vv}",0.9961392988865129,0.9958635345212637,Vv,Vv,chr01,11870063,False,8.58611202101754e-08,2.5483567305303973e-08,1.9114381798788797e-07,7.794782745571511e-07,0.0005441325479886691,3.910707173514975e-09,1.1612565697723544e-08,1.3864868218367613e-08,8.25230165029834e-05,1.0676374942126535e-08,2.93331586774417e-08,0.0007324102988688254,3.879868120770443e-08,0.0025004450869906994,0.9961392988865129
rh_chr1_12209767,"{Vv,Vv}",0.9973028221191114,0.9971101665561908,Vv,Vv,chr01,12142706,False,5.156918942759213e-08,1.5226121013385072e-08,1.1443346894050836e-07,4.3006266396482733e-07,0.00043885914283461853,2.891959436466584e-09,1.1667885608043624e-08,2.8734891822077977e-08,5.817710034464028e-05,1.622978840022094e-08,8.073193632066926e-08,0.000494835860649617,6.35995713049424e-08,0.0017044906295835798,0.9973028221191114
rh_chr1_12424864,"{Vv,Vv}",0.9983637126115927,0.9982468349409922,Vv,Vv,chr01,12356248,True,2.0534674571616945e-08,9.538397288240539e-09,4.217725258316638e-08,1.6619930341535998e-07,0.0003133871170784014,1.9511708678515067e-09,8.048263847183135e-09,2.354578557619556e-08,5.04758503380824e-05,6.5389707975350105e-09,4.089916426712439e-08,0.00025696161869359944,3.273159309868504e-08,0.0010151106377208128,0.9983637126115927
rh_chr1_12562013,"{Vv,Vv}",0.9991098781088992,0.9990462979738205,Vv,Vv,chr01,12493327,False,3.6099196664653152e-09,2.709699511541316e-09,6.2276680530693865e-09,4.2307116368204574e-08,0.00021561928692118165,1.2216861613342918e-09,2.3447323989278064e-09,8.200052765191826e-09,2.733344697096627e-05,9.593464349080396e-10,1.0307104014851412e-08,8.768487355310463e-05,1.017447862754646e-08,0.0005593962218516014,0.9991098781088992
rh_chr1_12633525,"{Vv,Vv}",0.9994633876857535,0.9994250582347359,Vv,Vv,chr01,12565742,False,6.505344046847204e-10,7.5739534519583e-10,1.4534865990952955e-09,6.521749637669957e-09,0.00018438185872984275,1.1295272300087952e-09,1.3854309457079676e-09,2.659817496257214e-09,1.2537099193691469e-05,4.992106027316854e-10,3.2498189959293565e-09,2.7509685145253666e-05,1.5765367540849275e-09,0.0003121637876696775,0.9994633876857535
rh_chr1_12754531,"{Vv,Vv}",0.9997600941771638,0.9997429580469612,Vv,Vv,chr01,12666078,False,8.66381700780214e-10,1.039696488224686e-09,1.5189194507416152e-09,4.028466239164715e-09,0.00010948215041929676,1.7116603660761888e-09,1.4433574840299185e-09,2.7202775118240167e-09,2.0076544172343158e-05,4.680406071693057e-10,3.8781681829018516e-09,2.2463429449117833e-05,1.1606198435732473e-09,8.786486320753166e-05,0.9997600941771638
rh_chr1_12827804,"{Vv,Vv}",0.9997306213624189,0.9997113800311631,Vv,Vv,chr01,12739314,False,1.1473184232399144e-09,1.8211663459357561e-09,1.971677512303887e-09,4.243891942360536e-09,0.00012724215316837055,2.9188909896467377e-09,3.4422207951662133e-09,3.811281221663002e-09,1.9871517422548353e-05,7.077123622762709e-10,5.601050980518615e-09,5.1464195853311414e-05,1.4864748885963175e-09,7.077361945140407e-05,0.9997306213624189
rh_chr1_12892148,"{Vv,Vv}",0.99936649506131,0.9993212447085464,Vv,Vv,chr01,12803646,True,2.1832833578731247e-09,4.8264999117772414e-09,4.716833290813237e-09,6.305901356877434e-09,0.00018588433293697143,6.523189133160265e-09,9.039356416053644e-09,6.475218370624827e-09,5.898461849421315e-05,2.1473038003039084e-09,9.731774875283574e-09,0.00029892375551959045,2.427535137943586e-09,8.965785484355445e-05,0.99936649506131
rh_chr1_12994384,"{Vv,Vv}",0.998802790042296,0.9987172750453172,Vv,Vv,chr01,12907415,False,3.6186610908746125e-09,1.203518348017331e-08,9.275811355311004e-09,9.709790789237029e-09,0.0002742990764141422,1.8723782134533356e-08,3.1161818807992914e-08,1.2493284548673588e-08,0.00011565624982853116,5.510680452718917e-09,1.7369220729419156e-08,0.0006935204583478912,4.069324372211995e-09,0.00011361020555566761,0.998802790042296
rh_chr1_13061028,"{Vv,Vv}",0.998517102111521,0.9984111808337726,Vv,Vv,chr01,12974137,False,5.008799246493977e-09,1.6265129795858365e-08,1.464782873061071e-08,1.1926624823767658e-08,0.0003286242549479797,2.4758731241401624e-08,4.490896882101128e-08,1.5273406434172652e-08,0.00013441432138917327,9.039117818344874e-09,2.1105640366311334e-08,0.0008994275350038777,4.7212303421967614e-09,0.00012026412166034694,0.998517102111521
rh_chr1_13579877,"{Vv,Vv}",0.997721640202943,0.9975589002174389,Vv,Vv,chr01,13107362,False,6.675324146863533e-09,2.8168690051360434e-08,2.0144763698767982e-08,1.4863828450394606e-08,0.00048796032669762616,3.5559156822425844e-08,8.679350125267573e-08,2.3453052416314035e-08,0.00014881538304005093,1.2534489445582063e-08,2.2788674864364186e-08,0.0014976159717935622,6.062051790013302e-09,0.00014371107199279552,0.997721640202943
rh_chr1_13380398,"{Vv,Vv}",0.9951523136330711,0.9948060503211477,Vv,Vv,chr01,13305448,False,5.344169205875453e-08,1.6276220159628083e-07,1.6792095483982994e-07,8.125404734533241e-08,0.0008994068264104626,1.4547561134040085e-07,5.800836668634938e-07,9.15085274970957e-08,0.0007599886078263736,1.1497698523671155e-07,1.3057476883879703e-07,0.002728981961433853,2.986950778590793e-08,0.00045775110329489277,0.9951523136330711
rh_chr1_14789269,"{Vv,Vv}",0.990936014355247,0.9902885868091933,Vv,Vv,chr01,13652144,False,1.2721826066087261e-07,5.621092725767146e-07,3.9724722215056563e-07,2.358994917735044e-07,0.0015426329036114595,5.610248016994046e-07,2.2624345161423684e-06,3.3155486289225914e-07,0.0017567819132178891,2.0291200563772846e-07,3.2656795864150056e-07,0.004832868498774706,8.269006996476836e-08,0.0009266126706868442,0.990936014355247
rh_chr1_14682355,"{Vv,Vv}",0.9906867968118592,0.9900215680127064,Vv,Vv,chr01,13761095,False,1.607008984641277e-07,6.706740218390414e-07,6.595898253988607e-07,3.3073996160997365e-07,0.0016441775709433147,5.424363627389459e-07,2.371813979275299e-06,4.3391939022437444e-07,0.0018318609214936046,3.137436204896358e-07,5.645883496481402e-07,0.004798807673462681,1.0189873421818426e-07,0.0010322069170972895,0.9906867968118592
rh_chr1_15601127,"{Vv,Vv}",0.9948323199246595,0.994463199919278,Vv,Vv,chr01,19186510,False,3.7363457616360603e-06,2.2181280104120584e-06,2.159024469463831e-06,2.5246276478506375e-06,0.002538042276038592,1.0261364477954986e-06,1.9611170330851747e-06,1.7746400843776793e-06,0.0008356016926401972,1.0805111842993626e-06,1.9598942878227724e-06,0.0007855476712790115,1.1508700104366346e-06,0.0009888971404455552,0.9948323199246595
rh_chr1_16657949,"{Vv,Vv}",0.9991155190636835,0.9990523418539465,Vv,Vv,chr01,20241866,False,1.6147871249340302e-07,9.115069632973475e-08,8.462540252487868e-08,1.4031899420857745e-07,0.0004048953662954085,4.316386142545122e-08,5.643794149738979e-08,7.480534195070476e-08,0.00015112931374228325,3.589657832749684e-08,8.642152355485901e-08,7.51313512047873e-05,1.039428223350489e-07,0.00025244666319941615,0.9991155190636835
rh_chr1_16914460,"{Vv,Vv}",0.9987859503218438,0.9986992324876898,Vv,Vv,chr01,20492036,False,1.143228216711017e-07,7.488560795373443e-08,7.610841476468315e-08,1.241036624518973e-07,0.0004889515015603317,3.553927506704981e-08,5.079627517697653e-08,6.216569133408476e-08,0.00021443068279756845,3.392809758745365e-08,8.155063481296951e-08,9.588357148996474e-05,1.0022966927617943e-07,0.00041403029215816676,0.9987859503218438
rh_chr1_17053165,"{Vv,Vv}",0.9970975084401139,0.9968901876144077,Vv,Vv,chr01,20630864,False,1.1799657070399912e-07,8.768352743174414e-08,9.769340781010074e-08,1.638588112269729e-07,0.0010157950598037185,4.18357228876281e-08,6.46078279174048e-08,8.545806500551186e-08,0.0007247920912435373,4.6774243030661084e-08,1.2127046286609874e-07,0.0002963425064606717,1.4587408454567047e-07,0.000864588849654716,0.9970975084401139
rh_chr1_17438406,"{Vv,Vv}",0.9933101216920426,0.9928322732414742,Vv,Vv,chr01,21014584,False,6.175142125381193e-08,4.535975000119837e-08,7.304921693057807e-08,1.3248861661991332e-07,0.0022921358406128465,1.8085030512979785e-08,4.9088666979238184e-08,4.6500589853275724e-08,0.001981926172839077,3.8622679055200186e-08,9.137117546792104e-08,0.0006531225183282666,1.0491456729233348e-07,0.0017620325444632496,0.9933101216920426
rh_chr1_17642169,"{Vv,Vv}",0.9942710229350012,0.9938618102875013,Vv,Vv,chr01,21217962,False,1.809566414660005e-07,2.0579754438672725e-07,2.0225934981809728e-07,4.916530725006271e-07,0.0020388691259932263,7.393546753997497e-08,1.603560063864489e-07,1.9020054258692703e-07,0.0015458296293760763,6.75765386100125e-08,2.210883543914249e-07,0.0005729128956408672,2.646600678500314e-07,0.0015693069304030588,0.9942710229350012
rh_chr1_17835220,"{Vv,Vv}",0.9954887066398952,0.9951664713998877,Vv,Vv,chr01,21411247,False,1.899913280026804e-07,2.967188386313455e-07,2.5738737508796184e-07,5.126606675213621e-07,0.0016832191945572255,9.44898877816211e-08,2.225157235358215e-07,2.8241360854618644e-07,0.0011677293779120204,8.617004836141124e-08,2.7107639399133005e-07,0.0004689230186927258,2.2700931306207048e-07,0.001188981335758318,0.9954887066398952
rh_chr9_8610386,"{Vv,Vv}",0.995804398952382,0.9955047131632665,Vv,Vv,chr01,21458422,False,1.8831220156115328e-07,3.1234968629643007e-07,2.656644542448231e-07,5.157311252251585e-07,0.0015927727800397846,9.650176257288263e-08,2.33589075546766e-07,3.0003723093269036e-07,0.0010717681533681262,8.319838007028933e-08,2.7992492956201697e-07,0.0004360898679015149,2.1805429866766207e-07,0.0010924768831639098,0.995804398952382
rh_chr1_18659545,"{Vv,Vv}",0.9998313522176516,0.9998193059474839,Vv,Vv,chr01,22225654,False,2.05310459849008e-09,2.163470953358351e-09,1.8345744994964581e-09,2.59688129015321e-09,0.00010756519103619956,6.120256686124487e-10,1.3563984882983055e-09,1.8139468515007883e-09,2.356691992743315e-05,3.9453960797778306e-10,1.468551410080999e-09,1.354785889734348e-05,8.6794645077993e-10,2.395265104755306e-05,0.9998313522176516
rh_chr1_18751108,"{Vv,Vv}",0.9999866382953569,0.9999856838878824,Vv,Vv,chr01,22316420,False,1.8601903902519436e-10,2.0250853123457965e-10,1.7473317742287788e-10,2.364268389199302e-10,8.206194463430243e-06,5.299810813034001e-11,1.137935822256352e-10,1.5175982034193814e-10,1.950918957082391e-06,3.411494297254375e-11,1.228833114020363e-10,1.21485591891358e-06,7.399743873564197e-11,1.9883860689153137e-06,0.9999866382953569
rh_chr1_18877141,"{Vv,Vv}",0.9999914162895462,0.999990803167371,Vv,Vv,chr01,22437610,False,8.398505937616586e-11,1.1227791364003925e-10,1.0079045734669985e-10,1.2448133349235368e-10,3.334939769603371e-06,2.8396178048222275e-11,6.119782566128779e-11,7.64824527189256e-11,1.7894110228957186e-06,2.1261780039780068e-11,6.471338847896096e-11,1.6237596466678153e-06,3.563122303613719e-11,1.8348907969322077e-06,0.9999914162895462
rh_chr1_19421864,"{Vv,Vv}",0.9999826151390615,0.9999813733632802,Vv,Vv,chr01,22984146,False,6.089165416531868e-11,4.943333881399336e-11,4.9316122513238307e-11,5.837110531397866e-11,7.640158311560909e-06,1.724941469527085e-11,2.630493281868435e-11,3.108198114568957e-11,2.512903174301412e-06,1.7230414169958786e-11,3.1009958615710583e-11,2.5108838494642187e-06,2.3914923852668768e-11,4.720550799346601e-06,0.9999826151390615
rh_chr1_19567235,"{Vv,Vv}",0.9999737577564679,0.9999718833105014,Vv,Vv,chr01,23114578,False,2.213749374099713e-11,2.121592426490386e-11,2.1278577147717654e-11,3.090940409038258e-11,2.0253816624178755e-05,5.420603391771788e-12,8.751570538193952e-12,1.284261618370345e-11,1.7712621395532053e-06,5.478553612428993e-12,1.288854067128979e-11,1.778179732441518e-06,1.0315176400782893e-11,2.4388337974252825e-06,0.9999737577564679
rh_chr1_19658817,"{Vv,Vv}",0.9999747993112472,0.9999729992620506,Vv,Vv,chr01,23206078,False,3.256747692763577e-11,3.6957092925720334e-11,3.730512611795051e-11,6.487647017001439e-11,1.3403343649963578e-05,5.640390207664688e-12,9.908178629532225e-12,1.9391087817733135e-11,3.5519152006148243e-06,5.839687017234774e-12,1.9572185866574208e-11,3.582415082671203e-06,1.6815218349614286e-11,4.662765946559998e-06,0.9999747993112472
rh_chr1_19775332,"{Vv,Vv}",0.9999868678365192,0.999985929824842,Vv,Vv,chr01,23322055,False,6.736265176793436e-11,8.818603829220142e-11,8.986494110773084e-11,1.0406897707980209e-10,5.316711636937371e-06,2.4450011300950208e-11,4.35127203853128e-11,5.058426187864948e-11,2.464526087310037e-06,2.6170013481709272e-11,5.15615174646592e-11,2.5457557037689918e-06,3.304825601958152e-11,2.8045912433792424e-06,0.9999868678365192
rh_chr1_20000089,"{Vv,Vv}",0.9998039518018623,0.9997899483591383,Vv,Vv,chr01,23546829,False,1.2749237033320472e-09,1.6102877169127988e-09,1.6457525087376209e-09,1.6532591678090543e-09,5.261937285234e-05,1.0466478431824262e-09,1.4695240974771533e-09,1.4731935124416776e-09,4.661723358197932e-05,1.1497231501822622e-09,1.5061807140893065e-09,4.872371617440961e-05,1.1029805764432672e-09,4.807394305592296e-05,0.9998039518018623
rh_chr1_20297007,"{Vv,Vv}",0.9997593278910122,0.9997421370260845,Vv,Vv,chr01,23847020,False,1.720942196469686e-09,2.8371756922242853e-09,2.9108649636893366e-09,2.9238125523275515e-09,6.659523054561113e-05,1.3312139164640542e-09,2.6119794928384177e-09,2.6222252215595235e-09,5.621897922107446e-05,1.4316918190120118e-09,2.693306099023611e-09,5.862113134102467e-05,1.4428879148545313e-09,5.921424178024137e-05,0.9997593278910122
rh_chr4_4032151,"{Vv,Vv}",0.9998102173387335,0.9997966614343574,Vv,Vv,chr01,23975184,True,1.1817022870657925e-09,2.320349604674438e-09,2.3848928948782504e-09,2.4032264840679363e-09,5.509960468965851e-05,8.519258380901265e-10,2.114518637223105e-09,2.128858445064124e-09,4.282218533132557e-05,9.284925104176015e-10,2.1915568064924017e-09,4.535970354519243e-05,9.492750160015456e-10,4.6483712901737394e-05,0.9998102173387335
rh_chr1_20434288,"{Vv,Vv}",0.9998153906219814,0.9998022042378373,Vv,Vv,chr01,23984240,True,1.141897345606739e-09,2.2970337896379732e-09,2.360544267618301e-09,2.3787291997395525e-09,5.389338432620013e-05,8.202210431447021e-10,2.09488229731432e-09,2.1089363581263096e-09,4.148090644081202e-05,8.946591262760524e-10,2.1706732991352064e-09,4.4028193639286096e-05,9.153199210708688e-10,4.5189710715635544e-05,0.9998153906219814
rh_chr1_20624760,"{Vv,Vv}",0.9999661441599099,0.9999637258856178,Vv,Vv,chr01,24168496,False,5.012534992182451e-11,8.08106706542551e-11,8.966453582578197e-11,9.59418785422266e-11,1.7996302901643985e-05,2.65099719011396e-11,6.672574733698375e-11,6.535465972956943e-11,2.809396688140007e-06,3.508218017211452e-11,7.453257309424863e-11,5.561691025282972e-06,3.484557359590056e-11,7.4878298818666926e-06,0.9999661441599099
rh_chr1_20722844,"{Vv,Vv}",0.9999721193626034,0.9999701278885037,Vv,Vv,chr01,24266422,False,1.1740416248445922e-11,1.689645782503608e-11,2.033728497995441e-11,2.113027886559547e-11,1.2943634876021343e-05,3.492509927499127e-12,1.1025451603770365e-11,1.1119724395753433e-11,3.34471033541183e-06,6.14343208901015e-12,1.4100342045872269e-11,5.859903139009391e-06,5.9344864908469316e-12,5.732267125679608e-06,0.9999721193626034
rh_chr1_20843669,"{Vv,Vv}",0.9999851289857351,0.9999840667704305,Vv,Vv,chr01,24387358,False,3.3017847588837465e-12,4.854361075340502e-12,6.103311243157597e-12,9.061365538585281e-12,8.349170806412634e-06,1.1718835837704647e-12,3.336810612057528e-12,4.2952023918609575e-12,4.966934281645434e-07,1.9571199368241922e-12,6.2042951935692125e-12,4.28546207106176e-06,4.789045551458184e-12,1.7396428841319916e-06,0.9999851289857351
rh_chr1_20914451,"{Vv,Vv}",0.9999935703401758,0.9999931110787598,Vv,Vv,chr01,24458004,False,6.531796038149323e-12,8.628304405683158e-12,1.2685139521358822e-11,2.8407000529312466e-11,2.468270106614332e-06,1.280084645962526e-12,5.293788603824804e-12,6.874819969583451e-12,5.856252591726269e-07,3.742531520808014e-12,1.6936386397425562e-11,1.6049842154855725e-06,1.4029954765174587e-11,1.77067583320511e-06,0.9999935703401758
rh_chr1_20986109,"{Vv,Vv}",0.9999929704699836,0.9999924683606967,Vv,Vv,chr01,24529718,False,8.700060017249296e-12,1.0346528157271285e-11,1.5812188726308345e-11,5.668579833431016e-11,1.1822075281449732e-06,2.5520423552972637e-12,7.586848670053477e-12,1.7094214304295283e-11,6.025824985151672e-07,5.876664059970631e-12,3.8318237163996305e-11,9.574986570162019e-07,4.7354017747825314e-11,4.287031006158871e-06,0.9999929704699836
rh_chr1_21185705,"{Vv,Vv}",0.9998721673097408,0.9998630364032938,Vv,Vv,chr01,24729406,False,1.5198213671240976e-10,1.261036151017138e-10,2.0013018320898128e-10,1.2293425607101925e-09,8.120573958916485e-06,6.642510295505411e-11,1.1507168042984908e-10,3.337752287425278e-10,4.747183439403764e-06,1.29013642467455e-10,9.687037557109333e-10,7.914434372163058e-06,2.4824147182584666e-09,0.0001070446955260138,0.9998721673097408
rh_chr1_21277450,"{Vv,Vv}",0.9997353878462311,0.9997164869781047,Vv,Vv,chr01,24820377,False,7.356743358707822e-10,6.875537553599198e-10,1.12866402573321e-09,8.288896607404645e-09,4.190221011049027e-05,3.1577295689687757e-10,6.40978921496894e-10,2.058272942657607e-09,2.358931877974837e-05,6.266249527123496e-10,6.5686240488334115e-09,3.537408639094645e-05,1.212619757976934e-08,0.00016371336122766256,0.9997353878462311
rh_chr1_21821786,"{Vv,Vv}",0.999676184438495,0.9996530547555305,Vv,Vv,chr01,25357219,False,1.5218622120163442e-09,1.3086296012802805e-09,1.5180832693853168e-09,3.6106057618374444e-09,8.774059222161079e-05,5.518554594385942e-10,9.66966801403967e-10,2.0665214316957244e-09,4.862544185272326e-05,7.510091570159882e-10,2.5212319124972686e-09,5.820766688873183e-05,3.11754118709474e-09,0.00012922392623514856,0.999676184438495
rh_chr1_21945869,"{Vv,Vv}",0.9996837649871592,0.9996611767719562,Vv,Vv,chr01,25480690,True,2.025465865972571e-09,1.999466134401616e-09,2.2992938497803048e-09,4.8476957683617325e-09,9.37169641637938e-05,5.786243628500749e-10,1.3939569871090342e-09,2.7146046743897433e-09,4.4571361236693326e-05,8.334336251795948e-10,3.1356464966302822e-09,5.515400245484243e-05,3.244411939654298e-09,0.00012276961238584183,0.9996837649871592
rh_chr1_22123159,"{Vv,Vv}",0.9997635426672824,0.9997466528578026,Vv,Vv,chr01,25659262,False,1.6788456490282476e-09,9.60355539958099e-10,1.2481575232297237e-09,3.557555378387479e-09,8.521307693731271e-05,1.398530083606328e-10,4.593526062638334e-10,1.2465819089084598e-09,2.1387406845839696e-05,3.43269015736064e-10,1.4519181256873204e-09,3.345866075245552e-05,2.0644162491510813e-09,9.638503787699429e-05,0.9997635426672824
rh_chr1_22193391,"{Vv,Vv}",0.999809129896145,0.9997954963172982,Vv,Vv,chr01,25729272,False,1.3378657130886167e-09,5.492851448080263e-10,7.514868660632565e-10,2.562779749212532e-09,7.779436067100807e-05,6.35939568419641e-11,2.603120167577685e-10,6.839919953927572e-10,1.15730020607527e-05,2.1406946878216084e-10,7.041927500485142e-10,2.3442869748968034e-05,1.3041098737816882e-09,7.805143968671721e-05,0.999809129896145
rh_chr1_22284028,"{Vv,Vv}",0.9998573383673652,0.9998471482507485,Vv,Vv,chr01,25820024,False,7.972953319399179e-10,1.1837929465418543e-10,4.954560610246593e-10,9.150587540326872e-10,6.558048204551153e-05,1.797571095092247e-11,6.294065295902125e-11,1.8287876830787012e-10,2.4045192430788597e-06,4.707233379151967e-11,2.0467109282594226e-10,2.4551184763923053e-05,3.400127418075504e-10,5.012226484141932e-05,0.9998573383673652
rh_chr1_22352558,"{Vv,Vv}",0.9998782452203395,0.9998695484503638,Vv,Vv,chr01,25886133,False,3.4790654659206884e-10,1.0375953643646996e-10,2.711509163539382e-10,4.278027275671572e-10,5.186897690129968e-05,1.3587536740657942e-11,4.7947400400388114e-11,1.0418901054441233e-10,1.4752931243784614e-06,3.4254684279706427e-11,1.3336554947253996e-10,2.31588170026887e-05,1.4197513275497691e-10,4.5250066693005524e-05,0.9998782452203395
rh_chr1_22424733,"{Vv,Vv}",0.9998738968208121,0.99986488945087,Vv,Vv,chr01,25958276,False,5.076726003189473e-10,3.655694811583686e-10,6.491035667063579e-10,8.64002754078444e-10,4.9867015462413314e-05,3.876363804054179e-11,1.8916433253164515e-10,3.332533630825418e-10,7.726799582762894e-06,1.4207545462765251e-10,5.02165889325648e-10,2.5414783411759256e-05,3.182411943477189e-10,4.309067071872127e-05,0.9998738968208121
rh_chr1_22582321,"{Vv,Vv}",0.9999039989490526,0.9998971417311278,Vv,Vv,chr01,26115892,True,4.795894525477486e-10,4.289729630567595e-10,7.621768965234404e-10,8.632429760401992e-10,3.622519618644239e-05,6.768056757524633e-11,2.637677709579285e-10,3.738109231938621e-10,1.0929384167204111e-05,1.8999102554640222e-10,6.427919437928996e-10,2.0364953493325572e-05,3.6701044198410763e-10,2.847707806549508e-05,0.9999039989490526
rh_chr1_22701079,"{Vv,Vv}",0.9999682708954483,0.9999660045308374,Vv,Vv,chr01,26234681,False,2.769989776022724e-10,1.281586719197065e-10,4.4631430881427356e-10,3.8223489914525e-10,1.5606991751234182e-05,2.10458793482736e-11,9.151985378851313e-11,9.986516663215484e-11,2.8660301653709354e-06,1.07878998024282e-10,3.7907419836643297e-10,6.144528301602081e-06,2.658903019615921e-10,7.109355352234462e-06,0.9999682708954483
rh_chr1_22874519,"{Vv,Vv}",0.9999189570181066,0.9999131682336857,Vv,Vv,chr01,26424501,False,9.985791211099222e-10,1.8581894114321155e-10,1.6731956740147026e-09,1.0496154800432573e-09,4.551287252152922e-05,1.1293220803898584e-10,3.2994208800605353e-10,2.307691450815585e-10,6.396448336534488e-06,6.395175735079535e-10,1.621312353932838e-09,1.6297263561742363e-05,1.4486339060134707e-09,1.2828107157158709e-05,0.9999189570181066
rh_chr1_22974826,"{Vv,Vv}",0.9998972304678163,0.999889889786946,Vv,Vv,chr01,26524925,False,2.8086928451106146e-09,4.3223416591946043e-10,5.940098138843911e-09,3.4117179101212956e-09,6.662469474367126e-05,3.603131033766737e-10,1.2346784172954198e-09,7.774457680748786e-10,3.5283631045399292e-06,2.0232634036979127e-09,5.9637927229838426e-09,1.9681511075870663e-05,4.510921829633644e-09,1.2907500101275192e-05,0.9998972304678163
rh_chr1_23051638,"{Vv,Vv}",0.9998419867700549,0.9998307001107731,Vv,Vv,chr01,26601719,False,5.210880434507763e-09,1.0428224953152596e-09,1.6963409514178214e-08,9.321704796529416e-09,8.746084110046747e-05,8.3933294816291e-10,2.731124791189868e-09,1.6681455287349336e-09,4.511199762031986e-06,4.5173564372706825e-09,1.3200113823122031e-08,4.125608982453108e-05,1.0111707256588156e-08,2.4719492660031272e-05,0.9998419867700549
rh_chr1_23108100,"{Vv,Vv}",0.999742756301356,0.9997243817514528,Vv,Vv,chr01,26658150,False,1.024290428383624e-08,5.0550268093776075e-09,3.2349471212322727e-08,2.2904587071924628e-08,9.948421003356319e-05,2.4392261161552374e-09,8.536280105720344e-09,4.628407109336116e-09,1.6234928258311607e-05,1.4817922304933973e-08,4.254163828172848e-08,8.050415948305597e-05,3.135779312604752e-08,6.0845527612667265e-05,0.999742756301356
rh_chr1_23329538,"{Vv,Vv}",0.998630204843413,0.9985323623322282,Vv,Vv,chr01,26877766,False,7.604209345566476e-08,9.946673703763427e-08,2.922475614981797e-07,2.1594287544659157e-07,0.00019871820774449486,1.1694799281870646e-07,2.687640043837372e-07,1.6004582201904966e-07,0.00026744412576385325,4.52769249170175e-07,1.0200038780019419e-06,0.0005444308363178248,8.755188726974664e-07,0.0003556242376743146,0.998630204843413
rh_chr1_23665313,"{Vv,Vv}",0.9978950361637604,0.997744681604029,Vv,Vv,chr01,27238254,True,2.8023837047966247e-07,4.667991105327848e-07,8.226373669609286e-07,6.434590132689406e-07,0.0002998865529241462,6.412628506020131e-07,1.089132768080662e-06,6.632281276660119e-07,0.0006277252020178699,1.1919031161265908e-06,1.7625782739127023e-06,0.000732496728744545,1.1496271816231168e-06,0.000436144486373878,0.9978950361637604
rh_chr1_23733091,"{Vv,Vv}",0.997795615959373,0.9976381599564711,Vv,Vv,chr01,27306045,False,3.2215200690167555e-07,5.660705393171837e-07,9.522105022271306e-07,7.480319441885532e-07,0.00030894290879934197,7.56851741025912e-07,1.2978888706975932e-06,7.875246118986475e-07,0.0006859065866679919,1.3417781994403705e-06,1.940719282148226e-06,0.00075818867450558,1.2060190254693959e-06,0.0004414266239306645,0.997795615959373
rh_chr1_23872484,"{Vv,Vv}",0.9975062868113911,0.9973281644407762,Vv,Vv,chr01,27445346,False,4.595442891567676e-07,8.971698571310835e-07,1.3730762487868052e-06,1.059395841771217e-06,0.00037671118886442335,9.808268814297216e-07,1.770560205982879e-06,1.1551689183724127e-06,0.0007700380425142957,1.7551587507642431e-06,2.492596518256366e-06,0.0008305330227225885,1.39794553078137e-06,0.0005030894914650812,0.9975062868113911
rh_chr1_24215944,"{Vv,Vv}",0.9932304458832458,0.9927469063034777,Vv,Vv,chr01,27788822,False,3.5178077984524195e-06,5.378179486939505e-06,6.8879439703996104e-06,5.563884019326331e-06,0.001486813312476922,5.000695989436582e-06,7.683478928982125e-06,6.052589457944413e-06,0.002472348190151589,6.365853193147955e-06,8.644530876533433e-06,0.0015255517566156334,5.012872953235393e-06,0.001224733020835643,0.9932304458832458
rh_chr2_10978,"{Vv,Vv}",0.9981419727347327,0.9980092565014993,Vv,Vv,chr02,21667,False,1.748818596470335e-06,1.9395884280079015e-06,2.9832965892132343e-06,2.3576377210324867e-06,0.0003039828534895688,1.3222673283955253e-06,2.541894259927138e-06,1.939131933648087e-06,0.00034201213181764024,7.042440063697033e-06,2.8130362399252834e-06,0.0008764505235387587,1.7480944791396143e-06,0.00030914555078179646,0.9981419727347327
rh_chr2_116408,"{Vv,Vv}",0.9987191828722742,0.9986276959345796,Vv,Vv,chr02,127183,False,1.1740241122050297e-06,1.2471410916553163e-06,1.6729580424834857e-06,1.6376662532988846e-06,0.00016639824895376212,7.997902169266778e-07,1.2483144249249528e-06,1.2414705711546186e-06,0.00016650061447768446,5.3071246298004655e-06,1.494690156670814e-06,0.0007591874414230905,1.1630332140169687e-06,0.0001717446101580596,0.9987191828722742
rh_chr2_328355,"{Vv,Vv}",0.9991036390298846,0.999039613246305,Vv,Vv,chr02,339127,True,6.009171726198895e-07,6.275408976944961e-07,1.0140144293913448e-06,9.699493236483193e-07,0.0001405977887567352,3.3546424499808677e-07,6.279337785484108e-07,6.194946995361931e-07,0.0001171225200599645,2.4229316878838767e-06,8.009093427256964e-07,0.0004851021429229736,5.853955857511619e-07,0.00014493396721294082,0.9991036390298846
rh_chr2_583705,"{Vv,Vv}",0.9997209136366432,0.9997009788964034,Vv,Vv,chr02,592022,False,1.7219265373146192e-07,9.782775369293298e-08,4.123786150604284e-07,3.780208682826025e-07,6.894311949602388e-05,4.695716561185354e-08,8.38953342282263e-08,8.672121111580028e-08,1.7372218462898683e-05,5.145992013591283e-07,1.6286953181198817e-07,0.00011856684762612089,1.513086623117938e-07,7.209740677454669e-05,0.9997209136366432
rh_chr2_681324,"{Vv,Vv}",0.9996952109676226,0.9996734403224528,Vv,Vv,chr02,689754,False,1.1171399681116055e-07,5.704367708666312e-08,3.6500850920189237e-07,3.3136033176269087e-07,9.755181866007074e-05,3.483658864443956e-08,5.665341928420617e-08,6.000519258535524e-08,1.5053954410302163e-05,3.511582389847793e-07,1.22861783332042e-07,0.0001121974161675776,1.122534505383537e-07,7.838294795130921e-05,0.9996952109676226
rh_chr2_854531,"{Vv,Vv}",0.9996330638334748,0.9996068541072944,Vv,Vv,chr02,862421,True,8.086992382760247e-08,4.29580135002865e-08,2.5331856206440136e-07,2.377476989044211e-07,0.00011924852697860105,2.3252163526992643e-08,4.289934542996468e-08,4.549932338791996e-08,3.784989283268261e-05,2.249773433910206e-07,9.28414117023374e-08,0.000108998293586852,8.129779961074918e-08,9.9713791541679e-05,0.9996330638334748
rh_chr2_953454,"{Vv,Vv}",0.9996318419573864,0.9996055449543426,Vv,Vv,chr02,961592,True,6.58712933150615e-08,3.663759563606791e-08,2.0363287277966695e-07,1.9514477876290315e-07,0.00012312051303996484,1.8280609653209268e-08,3.688574838762713e-08,3.932378166707333e-08,4.222849059206749e-05,1.7068665043117505e-07,7.921223745979435e-08,9.854315753603438e-05,6.670202045797297e-08,0.00010335350385696323,0.9996318419573864
rh_chr2_1080658,"{Vv,Vv}",0.9996671259941929,0.9996433492794924,Vv,Vv,chr02,1088846,False,4.886052742354097e-08,2.887810341982907e-08,1.4754899389458225e-07,1.461863025635821e-07,0.00011891612461256029,1.3305531192403103e-08,2.9747134507107953e-08,3.21006924755441e-08,3.854120594709454e-05,1.1664311427243562e-07,6.303271432742472e-08,7.591252905343625e-05,5.0637507372794994e-08,9.882720557246485e-05,0.9996671259941929
rh_chr2_1503264,"{Vv,Vv}",0.9996380123903043,0.9996121561324689,Vv,Vv,chr02,1509082,False,1.3776834328569707e-08,6.213240527193538e-09,2.0130523143029226e-08,2.7040014440677087e-08,0.00012597951273555513,2.8639485467803738e-09,5.835765081214953e-09,7.69407739449822e-09,4.014269563784709e-05,1.4732743808440853e-08,1.238705190211507e-08,4.752842498120029e-05,1.049113543156565e-08,0.0001482158110065613,0.9996380123903043
rh_chr2_1626662,"{Vv,Vv}",0.9996670378965922,0.9996432548892059,Vv,Vv,chr02,1622076,False,8.097586470473528e-09,2.7351153618330963e-09,6.3654083569353814e-09,1.1885000745316867e-08,0.00013695767032990893,1.335796500699754e-09,2.1802229400185144e-09,3.062458396597529e-09,1.7945109840856563e-05,4.567691892302536e-09,3.768048190040888e-09,1.4987000446528291e-05,3.316043849348568e-09,0.000163025009417881,0.9996670378965922
rh_chr2_1755729,"{Vv,Vv}",0.9996514455413026,0.9996265487942527,Vv,Vv,chr02,1751071,False,7.527548845861315e-09,2.9853794842480808e-09,4.217049967170398e-09,8.701429615102403e-09,0.00014884040637175373,9.380822936044323e-10,1.378167218797351e-09,3.2572182427276277e-09,2.800166397879077e-05,2.1189314326407933e-09,2.8414528976154782e-09,1.5984724224111747e-05,2.7041134065815667e-09,0.0001556909947492968,0.9996514455413026
rh_chr2_1876931,"{Vv,Vv}",0.9996820872251808,0.9996593791698366,Vv,Vv,chr02,1880055,False,2.143585912623016e-09,2.117398707623297e-09,1.3813144419856632e-09,3.0659318935796435e-09,0.00014637710540848654,5.102218156033567e-10,5.403382070700625e-10,2.2501281411582584e-09,2.734901708024268e-05,7.457817457303363e-10,1.0096672098646107e-09,6.219874885382355e-06,9.150489341555787e-10,0.0001379520980280469,0.9996820872251808
rh_chr2_2122762,"{Vv,Vv}",0.9998052695233127,0.9997913602035493,Vv,Vv,chr02,2125572,False,1.8729172351094943e-09,1.4129976765353885e-09,6.416160142444493e-10,2.737166848974419e-09,0.00010889740152754973,1.9964535896917444e-10,2.0298638325443928e-10,1.1546468935037292e-09,1.7633257124687277e-05,1.4368222238506487e-10,5.425229334627465e-10,5.845236760192979e-06,7.543934550240457e-10,6.234491869984908e-05,0.9998052695233127
rh_chr2_2263163,"{Vv,Vv}",0.9998981265492083,0.9998908498741518,Vv,Vv,chr02,2265298,False,7.197201048807509e-10,4.1025342571672234e-10,2.9362976936926383e-10,8.523818080138595e-10,7.7266871016422e-05,5.821617335647805e-11,7.841280716195319e-11,3.295999279705856e-10,4.301007838287594e-06,5.48393411573985e-11,2.538682363175674e-10,3.024335422230089e-06,2.9333367049296296e-10,1.7277892259499667e-05,0.9998981265492083
rh_chr2_2348470,"{Vv,Vv}",0.9999012955180692,0.9998942451979312,Vv,Vv,chr02,2347870,False,3.530685580388013e-10,3.1019822845788413e-10,2.857047427994469e-10,6.221101292873746e-10,7.47131428981569e-05,4.640967233954261e-11,7.695566161597336e-11,2.32536524582903e-10,3.975368796392082e-06,6.234746606722189e-11,2.3404673065476324e-10,4.1910256170064445e-06,2.1682199059924268e-10,1.5822504419560017e-05,0.9999012955180692
rh_chr2_2688648,"{Vv,Vv}",0.9997860909108228,0.9997708116901673,Vv,Vv,chr02,2694084,False,1.7938480864724036e-09,1.594765553796274e-09,3.014451804200613e-09,2.8152863349728077e-09,7.248666873094979e-05,5.484555456697333e-10,7.69919667785512e-10,9.071999300376105e-10,2.5944129578751738e-05,2.187466163527396e-09,2.512728966460827e-09,6.049555680436234e-05,1.5297296004799024e-09,5.4965060211501624e-05,0.9997860909108228
rh_chr2_2787199,"{Vv,Vv}",0.9998074313073771,0.9997936764007612,Vv,Vv,chr02,2793594,False,1.6315687801928891e-09,1.7262459891005017e-09,2.8614296495042756e-09,2.742186458130138e-09,6.387717080613986e-05,5.057191666619132e-10,1.0869928274240222e-09,1.1510032128876334e-09,2.8357649551856726e-05,1.6376868326549053e-09,2.381857558611869e-09,5.151054558133522e-05,1.2679686700702274e-09,4.8806334024430944e-05,0.9998074313073771
rh_chr2_2912460,"{Vv,Vv}",0.999840600296305,0.9998292146031839,Vv,Vv,chr02,2918853,True,1.2283437462603382e-09,1.4668324844155737e-09,2.1491843554288235e-09,2.1473061303691802e-09,5.321501263461072e-05,3.8447766564051463e-10,1.0276392030309014e-09,1.065460453161867e-09,2.6915026737774737e-05,9.434332630396346e-10,1.7785642059747566e-09,3.9564534568177135e-05,8.470062779235698e-10,3.9692091506720447e-05,0.999840600296305
rh_chr2_3061567,"{Vv,Vv}",0.9999320755111706,0.9999272237619685,Vv,Vv,chr02,3067966,False,5.322270099719537e-10,4.3077420885466736e-10,5.458938994847006e-10,6.679605029617317e-10,2.757771581278675e-05,9.9261060127799e-11,2.6123473581752445e-10,3.0245344330321596e-10,1.213047802357982e-05,1.8333837996958636e-10,4.188448057205009e-10,1.2363272495719287e-05,2.624021783933461e-10,1.5849318107166964e-05,0.9999320755111706
rh_chr2_3271376,"{Vv,Vv}",0.9999074188736716,0.9999008059360768,Vv,Vv,chr02,3281908,False,1.0158506327213226e-09,3.083394656830724e-10,3.7492073285052625e-10,7.785452536924737e-10,5.025971696017942e-05,1.1738488720920175e-10,2.2657243112000626e-10,3.031302126906066e-10,9.20198314799016e-06,1.5105272283067216e-10,3.757883215233515e-10,1.0533068433997227e-05,4.295630653263202e-10,2.258227663848991e-05,0.9999074188736716
rh_chr2_3371243,"{Vv,Vv}",0.999893774195766,0.9998861866383207,Vv,Vv,chr02,3392904,False,9.465718839787082e-10,2.947285330914861e-10,4.0004938187976185e-10,1.1030876021867686e-09,5.101527417819774e-05,1.033751837116563e-10,1.9398105624463999e-10,2.4442958120413296e-10,9.573664437528107e-06,1.2274027465998006e-10,3.386780009922666e-10,1.2269593293784592e-05,5.165295938864402e-10,3.336300815347915e-05,0.999893774195766
rh_chr2_3474971,"{Vv,Vv}",0.9998967896282682,0.9998894174588588,Vv,Vv,chr02,3496660,False,5.896552598040946e-10,3.475344003782454e-10,4.079757597504414e-10,8.580076874208935e-10,4.1536821916641027e-05,9.189587287615422e-11,1.8124984544924205e-10,2.8674931481621527e-10,1.3173003419004069e-05,1.0989803981170977e-10,3.4589107569941126e-10,1.5175523416142385e-05,4.006940732637318e-10,3.332140342864127e-05,0.9998967896282682
rh_chr2_3531507,"{Vv,Vv}",0.9998920080105209,0.9998842942969867,Vv,Vv,chr02,3553096,False,3.946415906841835e-10,3.0252649139802815e-10,3.447763865013959e-10,6.771225137218626e-10,3.9492726104492024e-05,7.290927063983754e-11,1.6085945628905152e-10,2.628341007481345e-10,1.5551047428970223e-05,8.718220375060558e-11,3.0677269206187274e-10,1.738600512794943e-05,3.0893529712183883e-10,3.5559292257657267e-05,0.9998920080105209
rh_chr2_3665247,"{Vv,Vv}",0.9998587610202546,0.9998486725217014,Vv,Vv,chr02,3686664,True,5.770963430246474e-10,7.760290532180738e-10,8.323918122381337e-10,1.32701886817345e-09,4.245558736897533e-05,2.243577923976819e-10,5.041054597395209e-10,7.873036846325925e-10,2.3984975417281068e-05,2.57020789560643e-10,8.575911339824456e-10,2.592229808320164e-05,6.721659871894602e-10,4.886930379501505e-05,0.9998587610202546
rh_chr2_3759497,"{Vv,Vv}",0.9998625281194955,0.9998527086994594,Vv,Vv,chr02,3780991,True,5.261314920946704e-10,8.997068212114953e-10,9.60160272702467e-10,1.4855061110110358e-09,3.775237839461624e-05,2.347509073735015e-10,6.358915248494775e-10,9.782797484952952e-10,2.310531282339355e-05,2.730934950659844e-10,1.0649772951122069e-09,2.511964342278103e-05,7.306164356666947e-10,5.148675674951496e-05,0.9998625281194955
rh_chr2_3959655,"{Vv,Vv}",0.9999403431251747,0.99993608191983,Vv,Vv,chr02,3973629,False,7.629030979343701e-11,1.0063662804176806e-10,1.3873804604421423e-10,3.0168763329077776e-10,1.0650920660845373e-05,2.5730335331004882e-11,7.39647500625886e-11,1.7285701650316274e-10,3.717250038039646e-06,5.384589865667636e-11,2.718455482259665e-10,5.901158341566793e-06,2.2873112414311654e-10,3.938610145758164e-05,0.9999403431251747
rh_chr2_4094938,"{Vv,Vv}",0.9999356998794644,0.9999311070137119,Vv,Vv,chr02,4108318,False,6.220936535846634e-11,7.29414744891555e-11,1.3273243766078733e-10,2.863207429660202e-10,1.1582920988028609e-05,2.295511244872446e-11,5.317518729808228e-11,1.3142304755723415e-10,4.3232398400854775e-06,7.444690704877013e-11,3.653225004401263e-10,1.182289150549605e-05,2.7917926892238406e-10,3.656958749592231e-05,0.9999356998794644
rh_chr2_4224825,"{Vv,Vv}",0.999960316132022,0.9999574815700235,Vv,Vv,chr02,4237466,False,9.610588666943624e-12,1.0657976019171274e-11,1.793164718144718e-11,4.01053878566813e-11,8.486861122533577e-06,2.838674064956619e-12,8.864711999740412e-12,2.2260912864357472e-11,3.181407388196429e-06,8.015356844137857e-12,4.015290221183986e-11,5.699421104217123e-06,3.612130625276574e-11,2.2315981803625618e-05,0.999960316132022
rh_chr2_4288608,"{Vv,Vv}",0.9999708325024783,0.9999687491097982,Vv,Vv,chr02,4303096,False,8.59278257487178e-12,1.1020042017141156e-11,1.909806359157639e-11,3.4311533615238013e-11,7.048414197541011e-06,3.0207526810090285e-12,1.110019959117202e-11,1.9673175339337746e-11,1.2231962697052122e-06,8.658265507092789e-12,3.111371683343061e-11,2.467215978051443e-06,2.447176679632624e-11,1.842850001611734e-05,0.9999708325024783
rh_chr2_4497054,"{Vv,Vv}",0.9999358899402763,0.9999313106502961,Vv,Vv,chr02,4477824,False,5.847379780560646e-11,4.0349648506202926e-11,9.184552144668684e-11,1.4591493431304858e-10,1.5712807964804085e-05,1.4443101382892166e-11,3.6425920525659664e-11,6.00003668751422e-11,5.903581512511742e-06,3.673439580117072e-11,8.28294220949025e-11,1.6391606709762934e-05,6.405727444881487e-11,2.6101432462339658e-05,0.9999358899402763
rh_chr2_4599939,"{Vv,Vv}",0.9999235225240994,0.9999180598472494,Vv,Vv,chr02,4581701,False,1.069737472219377e-10,5.842998926753369e-11,2.3288145166753813e-10,3.15207684893703e-10,1.8811643197471216e-05,1.8983136249066512e-11,5.253300073219494e-11,6.62885665192006e-11,3.7754923294383304e-06,2.6015154240683898e-11,7.805044093622437e-11,2.322863689501777e-05,3.612509904493662e-11,3.0660711990437956e-05,0.9999235225240994
rh_chr2_4703733,"{Vv,Vv}",0.9999905890923049,0.9999899168846124,Vv,Vv,chr02,4755869,False,2.9788783068848974e-12,3.768876126645618e-12,8.35952105849567e-12,9.009682638375943e-12,3.6405573818290176e-06,8.230818109418042e-13,4.192281797305095e-12,4.507837691656398e-12,3.696867815437707e-07,2.6461771295941465e-12,7.519220996593116e-12,4.291659434936577e-06,2.5236215414388105e-12,1.1089577676007754e-06,0.9999905890923049
TA_1_7917619_1002_VariantMasked,"{Vv,Vv}",0.9999995085642804,0.999999473461729,Vv,Vv,chr02,4830096,False,1.8456760077771677e-14,2.6142500826746156e-14,7.365317791276225e-14,5.231226577243175e-14,1.0085444884555547e-07,6.001649050958849e-15,4.408292605136259e-14,2.4980802337876205e-14,3.9350332819338456e-08,7.532275326577777e-14,1.0684042618541335e-13,2.493108193035059e-07,2.4066509727504928e-14,1.019196667874338e-07,0.9999995085642804
TA_1_7907053_1002_VariantMasked,"{Vv,Vv}",0.9999994733844556,0.9999994357690596,Vv,Vv,chr02,4844806,False,4.2165514482252736e-15,5.582891047745965e-15,1.7128291483216344e-14,1.1984117417704216e-14,4.363930715863423e-08,1.8011230066392824e-15,1.0703219109816483e-14,6.578848020222613e-15,2.7792548479148778e-08,5.695523214310158e-14,7.543837692497105e-14,2.9364641870646615e-07,7.767100279136332e-15,1.6153707189234184e-07,0.9999994733844556
TA_1_7906196_1002_VariantMasked,"{Vv,Vv}",0.9999994890104238,0.9999994525111684,Vv,Vv,chr02,4845770,True,3.882525818951976e-15,5.284903525116848e-15,1.4634387254658117e-14,1.0432773503693442e-14,3.513367338207871e-08,1.683621459312896e-15,9.091982624750538e-15,5.7749103679457854e-15,2.228579366075435e-08,5.570412515849154e-14,7.460462559573727e-14,2.9288905777899263e-07,6.519957704018479e-15,1.6068086377208772e-07,0.9999994890104238
TA_1_7905085_1002_VariantMasked,"{Vv,Vv}",0.9999995093588139,0.9999994743130148,Vv,Vv,chr02,4846854,False,3.603817363051965e-15,5.032394376860402e-15,1.1790881913742148e-14,8.695525267609568e-15,2.4874791208826992e-08,1.5929984405029623e-15,7.219652941333857e-15,4.843273401291281e-15,1.5398870304624937e-08,5.4261331476050414e-14,7.360537424391159e-14,2.913435190640539e-07,5.090367501398428e-15,1.590238297854173e-07,0.9999995093588139
TA_1_7903404_1002_VariantMasked,"{Vv,Vv}",0.9999994989818916,0.9999994631948839,Vv,Vv,chr02,4848404,False,3.4690972054286844e-15,5.06118405991358e-15,1.295834360732291e-14,9.390677774870482e-15,2.943215505039022e-08,1.5937315542489725e-15,8.503191766525569e-15,5.680506739390054e-15,2.0169719348363334e-08,5.2730246879361237e-14,7.349758411916669e-14,2.903341458450771e-07,5.9405809980838685e-15,1.610819094120026e-07,0.9999994989818916
RH6AFA560C02594B1Z0Z,"{Vv,Vv}",0.9999993651832078,0.9999993198391511,Vv,Vv,chr02,4856344,True,5.6744723030571804e-15,9.375755573687561e-15,2.8613745197203524e-14,1.9587315467712847e-14,8.509420369784853e-08,4.1112731769305435e-15,2.4997116620648373e-14,1.649439262346551e-14,7.800395694125565e-08,4.7611402909394256e-14,7.825054372814584e-14,2.845106601356397e-07,1.2241850303512013e-14,1.8720772448864007e-07,0.9999993651832078
RH98D539BA4F874F9Z0Z,"{Vv,Vv}",0.999999356193594,0.9999993102074222,Vv,Vv,chr02,4859783,True,6.45170927793245e-15,1.2694000918131892e-14,3.450225710552471e-14,2.426179681648927e-14,9.695847273497825e-08,5.0447025019698595e-15,3.1188872123723523e-14,2.1402223095035837e-14,9.080867753053781e-08,4.4467161220418256e-14,8.015245454680136e-14,2.6975449204762975e-07,1.3678924312953777e-14,1.8628448975766584e-07,0.999999356193594
rh_chr2_4825658,"{Vv,Vv}",0.9999997845329327,0.9999997691424279,Vv,Vv,chr02,4877622,False,4.398306848332851e-15,8.215882307323278e-15,1.5938721663745997e-14,1.2491499932265063e-14,3.9728851203108714e-08,4.032937107308114e-15,1.5255949885941066e-14,1.1882447522520701e-14,3.845449239495532e-08,1.4741461460686253e-14,2.586323513994794e-14,7.451866332143811e-08,7.739999872316768e-15,6.27649397447271e-08,0.9999997845329327
TA_1_7861327_1002_VariantMasked,"{Vv,Vv}",0.9999991388744712,0.9999990773655049,Vv,Vv,chr02,4896086,False,7.922420050733485e-15,1.5226564576641777e-14,1.9959300796864026e-14,1.8748335121663183e-14,1.977195138551419e-07,7.729216836521741e-15,1.965418123273514e-14,1.84602545368203e-14,1.956279181532012e-07,1.2772874853031538e-14,2.5361174945793314e-14,2.361689817662085e-07,1.1160022098913452e-14,2.3160895798604008e-07,0.9999991388744712
TA_1_7820356_1002_VariantMasked,"{Vv,Vv}",0.9999996508218647,0.9999996258805693,Vv,Vv,chr02,4948818,True,3.5067449282748757e-15,3.9027605970693275e-15,6.468530745616462e-15,7.314802518032828e-15,3.97115898024655e-08,1.5717248751602267e-15,4.7141489740958625e-15,5.2864536620835795e-15,3.180454851274341e-08,4.683153065773529e-15,8.33239045773342e-15,1.3168072896093526e-07,6.323511389644474e-15,1.4598121593226e-07,0.9999996508218647
P2_INP1_7819486_1002_VariantMasked,"{Vv,Vv}",0.999999712904801,0.9999996923980011,Vv,Vv,chr02,4949627,False,3.1510906595319625e-15,3.4380170113404348e-15,5.363066105269728e-15,6.137174008705342e-15,2.3729240425731197e-08,1.2717784586083707e-15,3.614510318936537e-15,4.105965344043405e-15,1.573282578563113e-08,3.2776017678042687e-15,6.495748043291561e-15,1.1652160006070601e-07,4.787507167664319e-15,1.3111149108919092e-07,0.999999712904801
TA_1_7816326_1002_VariantMasked,"{Vv,Vv}",0.9999997192399909,0.9999996991857045,Vv,Vv,chr02,4952740,False,2.990662878892526e-15,3.3350039531957572e-15,6.811229129710934e-15,7.687390653144027e-15,3.221540402044005e-08,9.680641726337238e-16,4.290241113364426e-15,4.7916205206980846e-15,2.0586668911127998e-08,3.759155428135373e-15,9.222365937466279e-15,1.0323935391138038e-07,5.628650998728882e-15,1.24718532885131e-07,0.9999997192399909
TA_1_7814063_1002_VariantMasked,"{Vv,Vv}",0.9999997178574025,0.9999996977043598,Vv,Vv,chr02,4955117,True,3.1519625615298344e-15,4.016470744987523e-15,8.571953900902938e-15,9.753576388311911e-15,3.7431673281231415e-08,1.1433448331752654e-15,5.920981180435804e-15,6.738692286007336e-15,2.584430619211668e-08,4.412007434400101e-15,1.24512519589914e-14,9.507198758906679e-08,6.9868155593568324e-15,1.2379456723608123e-07,0.9999997178574025
TA_1_7807815_1002_VariantMasked,"{Vv,Vv}",0.999999781356564,0.9999997657391757,Vv,Vv,chr02,4961350,False,3.864328079721197e-15,6.0209753681891236e-15,1.203610784273268e-14,1.419920589294759e-14,3.432519804563056e-08,1.778193955111366e-15,9.155012293185246e-15,1.0998076294358628e-14,2.2844426230265592e-08,5.4865981112503635e-15,1.8475708276397137e-14,5.6877786327626785e-08,9.871852835648961e-15,1.0459593349165613e-07,0.999999781356564
TA_1_7752747_1002_VariantMasked,"{Vv,Vv}",0.9999988558130088,0.9999987740853666,Vv,Vv,chr02,5005154,False,1.799866628886082e-14,2.5058429402706738e-14,2.5985614360367618e-14,3.0466742184100485e-14,2.9620321769407684e-07,1.6822787148870856e-14,2.4694169236112674e-14,2.9282780393591156e-14,6.087297203797768e-08,1.6678433892315506e-14,3.039720531375368e-14,6.097561776061472e-08,2.2561341634394918e-14,7.261349437289431e-07,0.9999988558130088
TA_1_7751332_1002_VariantMasked,"{Vv,Vv}",0.9999987907439513,0.9999987043685192,Vv,Vv,chr02,5006974,True,2.2375885059610174e-14,3.343223518111309e-14,3.409034705823312e-14,5.412829688686496e-14,3.1227909590366185e-07,1.7426964882539055e-14,2.7229448879212085e-14,4.834882206927776e-14,8.776873801661119e-08,1.7189560334172698e-14,4.8932482105377965e-14,8.63801861957443e-08,3.348641680347222e-14,7.228276919427554e-07,0.9999987907439513
TA_1_7714298_1002_VariantMasked,"{Vv,Vv}",0.999998949436002,0.9999988743957164,Vv,Vv,chr02,5037822,False,2.9886098995635657e-14,5.697488342331254e-14,5.232512597766675e-14,7.843030547035526e-14,2.6935816069555023e-07,2.819871167146389e-14,4.3326540207916504e-14,7.41126106618688e-14,2.2815276050822593e-07,2.274624150253782e-14,6.962519319482143e-14,2.0146247434681034e-07,3.9096822435369257e-14,3.515901077002914e-07,0.999998949436002
TA_1_7699458_1002_VariantMasked,"{Vv,Vv}",0.9999996308242037,0.999999604454504,Vv,Vv,chr02,5052622,False,4.29282719356021e-15,8.89009016729279e-15,1.0197674844052275e-14,1.259478786063702e-14,9.556200009635624e-08,3.480701948671389e-15,7.477433330283046e-15,1.117922890659529e-14,7.97046850161699e-08,3.988370189895551e-15,1.2389850441661448e-14,7.54444523398796e-08,7.273686568898999e-15,1.184645769813953e-07,0.9999996308242037
TA_1_7694762_1002_VariantMasked,"{Vv,Vv}",0.9999999568169589,0.9999999537324559,Vv,Vv,chr02,5057188,False,6.208676122634591e-16,6.568818972785283e-16,2.8520843093876877e-15,1.4340882357350195e-15,1.428022822634228e-08,2.9665519923802357e-16,8.724502036550448e-16,7.686918609406435e-16,6.2372023788822004e-09,1.376619020018988e-15,2.7862678413252207e-15,8.892648691648847e-09,7.56233754138324e-16,1.3772949386275352e-08,0.9999999568169589
TA_1_7694230_1002_VariantMasked,"{Vv,Vv}",0.9999999850809869,0.9999999840153431,Vv,Vv,chr02,5057898,False,5.6428006529039e-16,5.954079770096786e-16,2.8522930437545727e-15,1.3134434699939736e-15,4.662077137073976e-09,2.700398819647786e-16,8.377178003021978e-16,6.902899822699532e-16,2.271920787900994e-09,1.3835396097679953e-15,2.76136257265677e-15,3.2973895908130077e-09,6.852300862241691e-16,4.687613640490426e-09,0.9999999850809869
TA_1_7693734_1002_VariantMasked,"{Vv,Vv}",0.9999999877564129,0.999999986881871,Vv,Vv,chr02,5058256,False,5.621240783743338e-16,5.995788319207725e-16,2.9090237454439104e-15,1.3202144675645436e-15,3.766453644371746e-09,2.68664779201862e-16,8.511142623639969e-16,6.931894526047551e-16,1.9950206868221284e-09,1.4084143575511949e-15,2.811111651505759e-15,2.750336594386738e-09,6.823636730975691e-16,3.731764207203214e-09,0.9999999877564129
P1_1_7687844_1002_VariantMasked,"{Vv,Vv}",0.9999999013224076,0.9999998942740081,Vv,Vv,chr02,5062632,True,2.0218092131949957e-15,2.5189283314579585e-15,1.1262389085081209e-14,3.822017402296965e-15,2.5013732248537644e-08,1.7126490141379714e-15,4.431799507501498e-15,2.6069356479610463e-15,2.4158796193059974e-08,9.112856052018534e-15,1.0252683232097245e-14,2.6115462118202155e-08,2.205237143333876e-15,2.3389551895496148e-08,0.9999999013224076
P1_1_7679179_1002_VariantMasked,"{Vv,Vv}",0.9999998609348923,0.9999998510016703,Vv,Vv,chr02,5068888,False,6.4969782829654674e-15,1.0595917408663823e-14,4.9407836934111787e-14,1.4258782908843887e-14,3.459414787620049e-08,6.303607497391527e-15,2.0896215060419356e-14,1.0674998788290216e-14,3.50495510567072e-08,3.6009661141588877e-14,4.4010326742969236e-14,3.8724339003871565e-08,6.946571517792917e-15,3.069686407492853e-08,0.9999998609348923
TA_1_7644532_1002_VariantMasked,"{Vv,Vv}",0.9999998667255442,0.9999998572059402,Vv,Vv,chr02,5071854,False,1.446881680417418e-14,1.8721361785424494e-14,8.764373346266658e-14,3.549092040236328e-14,3.3096282667010115e-08,9.341811876877447e-15,3.4941512262744664e-14,1.9313678724199292e-14,3.2132420664893257e-08,5.5469355300472656e-14,7.974325718163386e-14,3.779204885778939e-08,1.4702124979768478e-14,3.02533338571873e-08,0.9999998667255442
P1_apt3_7641402_1002_VariantMasked,"{Vv,Vv}",0.9999995028959139,0.9999994673884791,Vv,Vv,chr02,5074924,False,5.378027458117977e-14,4.994184380755631e-14,2.2140673810423337e-13,1.126105056401857e-13,1.3103980195981314e-07,2.564923657637231e-14,8.826540583191162e-14,5.352333655639658e-14,9.033175475499083e-08,1.5019250779843672e-13,2.0873930212229996e-13,1.472749431752121e-07,5.57926430241036e-14,1.2845656634814453e-07,0.9999995028959139
TA_1_7639706_1002_VariantMasked,"{Vv,Vv}",0.9999954819443406,0.9999951592260793,Vv,Vv,chr02,5076607,False,4.1231500584009444e-13,2.769660222744692e-13,1.286566525359086e-12,7.402924070749303e-13,1.2272642248685898e-06,1.564635401482409e-13,4.740552541648368e-13,3.058952649890576e-13,6.923596321053487e-07,1.0091598468471959e-12,1.2536604979904112e-12,1.3717940036569855e-06,4.3916404516701535e-13,1.2266314442401903e-06,0.9999954819443406
TA_1_7636634_1002_VariantMasked,"{Vv,Vv}",0.9999832018176902,0.9999820019475252,Vv,Vv,chr02,5079660,False,1.1965309075811158e-11,8.52417877932835e-12,2.4856706202936996e-11,2.214307213139335e-11,4.751175949536338e-06,4.2693476034183045e-12,8.812857179134493e-12,8.714618098683571e-12,2.6258141871572176e-06,1.2686266333618814e-11,2.3297702255893316e-11,4.7407430032515735e-06,1.0859740607143311e-11,4.680313040035425e-06,0.9999832018176902
rh_chr2_5870753,"{Vv,Vv}",0.9986688876143295,0.9985738081582102,Vv,Vv,chr02,7218246,True,5.55097175545852e-08,7.692826668985915e-08,5.0800950943857816e-08,7.831605920376125e-08,0.0003221346804689108,7.720500589667018e-08,5.29846387386697e-08,9.684655252592449e-08,0.00039437073760307075,3.576976604893605e-08,5.242470741924078e-08,0.00020445534514881283,8.104978256248635e-08,0.00040949378700208143,0.9986688876143295
rh_chr2_5966830,"{Vv,Vv}",0.9988952994838409,0.9988163923041152,Vv,Vv,chr02,7314037,False,4.069983664672658e-08,6.246434308809088e-08,3.9063981714433535e-08,6.353510395839059e-08,0.00026504645753407525,5.948869396256089e-08,3.9283483469554495e-08,8.208181020244453e-08,0.00034080351881693867,2.6664865293310964e-08,3.817793746412883e-08,0.0001417782390363815,6.268743710329986e-08,0.0003565581532786843,0.9988952994838409
rh_chr2_6129731,"{Vv,Vv}",0.9991052852151256,0.9990413770162061,Vv,Vv,chr02,7477498,True,2.760610864657377e-08,4.9223063436279666e-08,3.1186037848934616e-08,4.930557401223453e-08,0.00022207013907871753,3.945719169139607e-08,3.2565854893304936e-08,6.211704341035259e-08,0.00027024465156436485,1.724353597322183e-08,3.161400065217806e-08,0.0001264896350246156,3.947033025918761e-08,0.00027553057046582357,0.9991052852151256
rh_chr2_6241099,"{Vv,Vv}",0.9992895049559011,0.999238755309894,Vv,Vv,chr02,7589664,True,1.955952371978572e-08,3.9734641672936984e-08,2.5399843395223785e-08,3.925226914871605e-08,0.00018251348757033294,2.785670904685501e-08,2.7049314646617537e-08,4.913613225082351e-08,0.0002119017030100092,1.1819583874195314e-08,2.607152725144672e-08,0.00010573847498035727,2.6418904615219487e-08,0.00021004908008859436,0.9992895049559011
rh_chr2_6490761,"{Vv,Vv}",0.9998146829448903,0.9998014460123824,Vv,Vv,chr02,7838122,False,4.103785331966425e-09,9.364585196502341e-09,5.617260295449912e-09,7.654758306666183e-09,6.55460537832128e-05,7.617448591771457e-09,6.711701196891122e-09,1.1467359838560334e-08,5.3668404979074434e-05,2.154690227612565e-09,5.4610884440926286e-09,2.9926680163339084e-05,4.7784743048143025e-09,3.611098503243641e-05,0.9998146829448903
rh_chr2_6781830,"{Vv,Vv}",0.9999075108809389,0.9999009045152917,Vv,Vv,chr02,8131489,False,9.970572343278182e-10,3.014141076610884e-09,1.5244432148946314e-09,1.9243975879535137e-09,1.772767477873444e-05,2.1441024206389235e-09,1.9664857628868165e-09,2.9241410626210235e-09,5.204117025381556e-05,5.028862647181314e-10,1.3284938288585298e-09,1.0413096946784844e-05,9.635491099603464e-10,1.2289887384266666e-05,0.9999075108809389
rh_chr2_7412824,"{Vv,Vv}",0.9997837764763265,0.9997683319389213,Vv,Vv,chr02,8742972,False,6.529613107943662e-10,4.51352868860332e-09,6.90567718096541e-10,1.1287229980724025e-09,3.720957865824083e-05,1.8927997727423146e-09,1.1852367549904569e-09,1.8405954726289602e-09,0.00012570407916441255,3.257391489952342e-10,6.39284402299603e-10,2.022052204470215e-05,6.184759406654452e-10,3.307585589380063e-05,0.9997837764763265
rh_chr2_7474244,"{Vv,Vv}",0.9998194970249744,0.9998066039553297,Vv,Vv,chr02,8804510,False,4.342147790864167e-10,4.280270716386725e-09,5.9375034511955e-10,8.615173448720999e-10,2.946099739894884e-05,4.4986861126083194e-10,5.547203646940638e-10,8.910500539331407e-10,0.0001170293030469373,2.687917367239475e-10,4.4149336506367604e-10,1.26605175089754e-05,3.2094236754379893e-10,2.1343060451035632e-05,0.9998194970249744
rh_chr2_7588304,"{Vv,Vv}",0.9998773702964965,0.9998686110319606,Vv,Vv,chr02,8917800,False,4.2543849483538294e-10,2.778018485376011e-09,8.411034878950761e-10,7.297071307323341e-10,2.6135993488035305e-05,5.488321280763136e-10,1.033236305381234e-09,1.0545840127078235e-09,6.249672012678854e-05,3.459888412131592e-10,4.826711801179657e-10,1.7796196635036396e-05,2.2716094572797024e-10,1.6192326512643017e-05,0.9998773702964965
rh_chr2_7651035,"{Vv,Vv}",0.9999120587453126,0.9999057772271207,Vv,Vv,chr02,8980538,False,3.5427488385011545e-10,2.4007098640511843e-09,8.182665726172649e-10,7.134045525594255e-10,1.9237405240782732e-05,5.296333851041762e-10,1.119393103113091e-09,1.0994892431702386e-09,4.190526946681649e-05,3.0011167244531816e-10,5.119118050999652e-10,1.4157051494820982e-05,1.9908864562497633e-10,1.2633482201265815e-05,0.9999120587453126
rh_chr2_7919124,"{Vv,Vv}",0.9999890784424192,0.9999882983311634,Vv,Vv,chr02,9232602,False,1.3881137438006638e-11,5.406459210930754e-11,9.598207856752355e-11,2.425756826545273e-11,1.6658470917066112e-06,2.1584010876856873e-11,1.3617387988635396e-10,3.589513618870476e-11,2.744529899750893e-06,6.811050778294116e-11,7.365985780352918e-11,5.0556987761672775e-06,9.596582781074117e-12,1.4549486077309956e-06,0.9999890784424192
rh_chr2_7999319,"{Vv,Vv}",0.9999652744239482,0.9999627940256588,Vv,Vv,chr02,9312128,False,1.5472038528069728e-11,4.836494492065163e-11,1.6329863979833286e-10,2.965601007277256e-11,4.309625377308323e-06,2.06913559609588e-11,2.0622627566166784e-10,3.821204455081234e-11,4.848626941426906e-06,1.275539730543998e-10,1.4264458005785373e-10,2.161004183445989e-05,1.255838049386737e-11,3.956477220410734e-06,0.9999652744239482
rh_chr2_8110161,"{Vv,Vv}",0.9999939401192962,0.9999935072706745,Vv,Vv,chr02,9423392,False,3.3395696661012393e-12,9.041272423306584e-12,2.2533575315383334e-11,6.560583340995285e-12,1.3483361528201525e-06,5.3499567222484036e-12,2.8106248643261026e-11,8.369903373053676e-12,1.1381453598711965e-06,1.552000542366312e-11,2.0805292463317115e-11,2.7814682747622156e-06,2.9867226480555237e-12,7.918083031517663e-07,0.9999939401192962
rh_chr2_8206685,"{Vv,Vv}",0.999993615538379,0.999993159505406,Vv,Vv,chr02,9519290,False,3.791722127537205e-12,7.343448778662943e-12,1.1823089664338744e-11,6.46733036048463e-12,1.0913942982042536e-06,6.051360441126566e-12,1.2561127872231855e-11,7.0973704438534825e-12,2.756197632999733e-06,7.57553741573722e-12,1.0921478946293745e-11,1.3206935652063334e-06,3.4032509320635968e-12,1.2160990888973429e-06,0.999993615538379
rh_chr2_8319548,"{Vv,Vv}",0.9999803715426994,0.9999789695100351,Vv,Vv,chr02,9632158,True,1.352995114447753e-11,3.0195174192444386e-11,2.8071012170026845e-11,2.5929437070741933e-11,4.638653802021159e-06,1.6828482579661372e-11,3.27220635416718e-11,3.0555177381083423e-11,5.461834996502591e-06,1.510400600906324e-11,2.8178735809956534e-11,4.769632417841902e-06,1.3798569698270375e-11,4.758101171626251e-06,0.9999803715426994
rh_chr2_8433331,"{Vv,Vv}",0.9999987791723108,0.9999986919703331,Vv,Vv,chr02,9743752,False,4.1630773474315235e-13,8.303846070183174e-13,8.110955630752658e-13,8.428559318406411e-13,2.68606919993713e-07,3.580635190763084e-13,8.284217606380327e-13,8.441059758386566e-13,2.653335983488109e-07,3.6266630352822954e-13,8.255635308724197e-13,3.032527835918303e-07,4.0389492750230816e-13,3.8362786389151094e-07,0.9999987791723108
rh_chr2_8487996,"{Vv,Vv}",0.9999991789749686,0.9999991203303235,Vv,Vv,chr02,9798434,False,3.879099171023002e-13,3.24440978052661e-13,3.6954468836507304e-13,5.027248237846364e-13,2.570191434429142e-07,1.2289076705430674e-13,2.850755072839687e-13,3.4450608470360424e-13,1.1892235332224026e-07,1.8668090287066883e-13,4.025920872913923e-13,1.8327302902351499e-07,3.234053518574042e-13,2.618072558026631e-07,0.9999991789749686
rh_chr2_8579012,"{Vv,Vv}",0.9999907746293759,0.9999901156743314,Vv,Vv,chr02,9889342,False,1.2776662157513174e-11,3.880212278576794e-12,4.305881548286568e-12,8.220481620218865e-12,2.838995465977214e-06,1.6122242142828553e-12,2.528468525846569e-12,2.9730158687072552e-12,4.5703173389726893e-07,1.974339765978466e-12,3.920492658176956e-12,2.0823260814043015e-06,5.708937679615647e-12,3.846969442043596e-06,0.9999907746293759
rh_chr2_8709614,"{Vv,Vv}",0.9999863815232818,0.9999854087749448,Vv,Vv,chr02,10019984,False,3.340536898705293e-10,6.268425229492408e-11,6.939162833631767e-11,1.896820230611823e-10,7.4083968316280395e-06,2.0664865790203772e-11,3.1427758594980274e-11,4.250153561243626e-11,1.7014555228425184e-06,2.0185592333397665e-11,4.566199273289526e-11,1.8600074846062865e-06,7.293303020926325e-11,2.647727692778906e-06,0.9999863815232818
rh_chr2_9074768,"{Vv,Vv}",0.9996579606733442,0.9996335292928689,Vv,Vv,chr02,10384906,False,6.136832581008395e-08,5.561225889338685e-09,4.6172614678645385e-09,2.0402082086367317e-08,0.00024514317252056367,2.8516672650138293e-09,2.9867496879106207e-09,3.4609963860841507e-09,3.290976488723744e-05,1.909361627385018e-09,3.030210267906644e-09,2.4641028484325806e-05,9.285738572124054e-09,3.9229887144514764e-05,0.9996579606733442
rh_chr2_9127853,"{Vv,Vv}",0.9996553879602365,0.999630772814539,Vv,Vv,chr02,10437877,False,6.010654019766948e-08,7.175996814033976e-09,5.66415469834428e-09,1.994604490244661e-08,0.00025894405355371213,3.2335299838662137e-09,3.884065581073067e-09,4.6647896804543275e-09,3.0930639169431816e-05,2.150217266289742e-09,3.99129218842179e-09,2.125713554147583e-05,9.250127601947972e-09,3.336014474004697e-05,0.9996553879602365
rh_chr2_10104598,"{Vv,Vv}",0.9978165784238633,0.9976606197398535,Vv,Vv,chr02,11406490,True,2.4038185398413967e-07,3.74822094250262e-07,2.3981708902030435e-07,2.643745381322977e-07,0.0006846314989960247,1.8752914300611142e-07,1.978349036604699e-07,2.229352189382614e-07,0.0006724645946383306,1.1288248617241693e-07,1.6807326052547729e-07,0.0003854572317582281,1.3203260037605463e-07,0.00043872756755602033,0.9978165784238633
rh_chr2_10312496,"{Vv,Vv}",0.9977465921360816,0.997585634431516,Vv,Vv,chr02,11614314,True,2.4609731780222694e-07,4.824889773914413e-07,2.9809715637558464e-07,3.265524532461034e-07,0.0006956623909958002,1.9627641228373138e-07,2.5739357732921355e-07,2.924122937455905e-07,0.0007298603277921618,1.1926696880311958e-07,2.200908498380285e-07,0.0003814233754264858,1.388046457711998e-07,0.00044388428905130033,0.9977465921360816
rh_chr2_11004272,"{Vv,Vv}",0.9982868344082224,0.9981644654373811,Vv,Vv,chr02,12278604,False,2.0082847636280423e-07,6.406931135365033e-07,3.1321192993624155e-07,3.463448675556141e-07,0.000542065189516832,1.4022366748584667e-07,2.715457716622259e-07,3.3851774459971633e-07,0.0007257798704535685,1.1827490423969043e-07,2.567810416501649e-07,0.000174818617570046,1.2948947849486276e-07,0.0002677460032416955,0.9982868344082224
rh_chr2_13029837,"{Vv,Vv}",0.9956413162985125,0.9953299817484063,Vv,Vv,chr02,14947932,True,6.880402404973663e-07,9.93378143839552e-07,8.462224569016598e-07,8.700560530995468e-07,0.001223278931669444,6.039484287629415e-07,8.336382917350671e-07,8.597625179683469e-07,0.0011430068716564803,4.949864116132836e-07,7.343325575509461e-07,0.0009783380212940412,5.142217310857653e-07,0.0010066212900344497,0.9956413162985125
rh_chr2_13537760,"{Vv,Vv}",0.9973526787202323,0.997163584343106,Vv,Vv,chr02,15456009,True,2.955172936574705e-07,4.805866949824601e-07,4.166617457178413e-07,4.272186412096997e-07,0.0008037949572483754,2.3300670480159426e-07,4.006691031163041e-07,4.1336393484812686e-07,0.0006743772305620225,1.813999978721118e-07,3.5609026587404934e-07,0.0005741088615229094,1.9046398539083628e-07,0.0005916452520668805,0.9973526787202323
rh_chr2_13969416,"{Vv,Vv}",0.9993598926786553,0.9993141707271307,Vv,Vv,chr02,15888218,False,4.913212469427452e-08,4.122933966180821e-08,3.2796728134849013e-08,3.421626269631224e-08,0.00030988355396737425,3.1421805141336026e-08,3.88110564270255e-08,4.3055953327327995e-08,0.0001385921726322423,1.4418475694574592e-08,3.059883269658971e-08,9.129677888501271e-05,1.7331311607580887e-08,0.0001000018039700263,0.9993598926786553
rh_chr2_14184207,"{Vv,Vv}",0.9997960548726763,0.9997814873635817,Vv,Vv,chr02,16102826,False,6.2808110285912285e-09,5.819129542664965e-09,4.22743674912554e-09,4.695044612629052e-09,5.738838365535789e-05,9.491222940156244e-09,6.051575573467328e-09,8.79729697055564e-09,8.255030679991677e-05,1.916886319248992e-09,4.112501943357204e-09,2.597800259132382e-05,2.9506327412758773e-09,3.79740917386862e-05,0.9997960548726763
rh_chr2_14239122,"{Vv,Vv}",0.9998357002397061,0.9998239645425423,Vv,Vv,chr02,16157650,False,4.478624694922789e-09,4.361145575148915e-09,3.2500784463845316e-09,3.555378144306948e-09,4.079709998312873e-05,7.2514008346177455e-09,4.464758601090296e-09,6.920375521213749e-09,7.14463350305797e-05,1.3567399152456025e-09,3.0549484403901134e-09,1.9914343164145892e-05,2.1244411846539092e-09,3.2101164224604926e-05,0.9998357002397061
RHB40716D4B50E404Z0Z,"{Vv,Vv}",0.9998490901068464,0.9998383108287641,Vv,Vv,chr02,16203288,True,3.6672741382793027e-09,4.0361057472577485e-09,2.928123614098389e-09,3.2258643976299e-09,3.790608928267069e-05,5.879291914613952e-09,4.028284375538666e-09,6.098952394270111e-09,6.281660190490503e-05,1.126621120223791e-09,2.7258588724616635e-09,1.9995275041083036e-05,1.7618513046825649e-09,3.0156448697069677e-05,0.9998490901068464
RH8FC76EB7A9204CEZ0Z,"{Vv,Vv}",0.9998492667078072,0.9998385000440791,Vv,Vv,chr02,16203790,True,3.659407101609059e-09,4.03361521851129e-09,2.925579350567162e-09,3.223271854483727e-09,3.786695342268046e-05,5.866093305941239e-09,4.024806487156756e-09,6.092134567383022e-09,6.271444222395628e-05,1.1243898263835427e-09,2.723253289960647e-09,1.9988767743716297e-05,1.7583289986734936e-09,3.0127697922519837e-05,0.9998492667078072
RH7A325E66DAC84E5Z0Z,"{Vv,Vv}",0.9999279720926567,0.9999228272421322,Vv,Vv,chr02,16349963,True,1.5100824701512906e-09,2.0695427200306326e-09,1.4393559094282921e-09,1.6039055225833653e-09,1.9651359766631923e-05,2.278114792251247e-09,1.9120979505477977e-09,2.7071246075754605e-09,2.6207007456734173e-05,4.926281895609126e-10,1.2861535597474004e-09,1.1234019197601695e-05,7.530273691656832e-10,1.4919468889295508e-05,0.9999279720926567
RHDF2FA8DA489C474Z0Z,"{Vv,Vv}",0.9999304616113052,0.9999254945835413,Vv,Vv,chr02,16353384,True,1.4864871883034646e-09,2.0580732366789985e-09,1.4306705858831208e-09,1.5943692863009102e-09,1.9063013322631986e-05,2.2427876000272005e-09,1.9000736334573985e-09,2.686190086529189e-09,2.5192737137524745e-05,4.861462317961917e-10,1.2782618338911291e-09,1.0865746818350261e-05,7.427530202128494e-10,1.440098560361315e-05,0.9999304616113052
RH80E04FDDF68B409Z0Z,"{Vv,Vv}",0.9999360280035496,0.9999314585752318,Vv,Vv,chr02,16360890,True,1.436940655321994e-09,2.033129225959391e-09,1.4118746160198696e-09,1.5737012178417203e-09,1.7746079181796695e-05,2.169328208140126e-09,1.874132490296171e-09,2.6411437383225538e-09,2.29415472414972e-05,4.726913316977988e-10,1.2612705351838011e-09,1.0031505555448498e-05,7.213897768282229e-10,1.3237268869832511e-05,0.9999360280035496
rh_chr2_14464718,"{Vv,Vv}",0.9999524336896418,0.9999490360960448,Vv,Vv,chr02,16381979,False,1.3129668002043151e-09,1.960621571289505e-09,1.3581177919293048e-09,1.5143445291817485e-09,1.385438504855991e-05,1.9907508575160197e-09,1.800463003264463e-09,2.5153543543347876e-09,1.642682571695818e-05,4.4022058949834996e-10,1.213178891718608e-09,7.494765996897293e-06,6.695435354455431e-10,9.775558033794943e-06,0.9999524336896418
rh_chr2_14873799,"{Vv,Vv}",0.9998899524423298,0.9998820919024962,Vv,Vv,chr02,16774494,False,3.849187276016058e-09,7.619108284536495e-09,6.615176086074082e-09,6.859899628473142e-09,2.6995486479871145e-05,4.335784545443727e-09,7.063979336834191e-09,7.606908238701892e-09,2.7996819805717636e-05,3.140099544146525e-09,6.2283671889659326e-09,2.5042277640016143e-05,3.3729306153963947e-09,2.9956282303779754e-05,0.9998899524423298
rh_chr2_16603629,"{Vv,Vv}",0.9999702876797475,0.9999681653711581,Vv,Vv,chr02,18505796,False,1.0285074627796448e-10,1.6030479097013507e-10,1.214465805931866e-10,1.277343741519396e-10,4.439613460369574e-06,2.6997435038109306e-10,1.8012650367989488e-10,1.9130343261674898e-10,1.2633989867386632e-05,8.525500493979735e-11,1.2831289389169256e-10,5.82059355051247e-06,9.356942375015526e-11,6.816662496192185e-06,0.9999702876797475
rh_chr2_16657933,"{Vv,Vv}",0.9999797188212212,0.9999782701655942,Vv,Vv,chr02,18560152,False,6.938317536174259e-11,9.183900651312524e-11,7.375935929808271e-11,7.817941919003421e-11,2.506649734577654e-06,1.961365814358577e-10,1.1078415266210914e-10,1.201658171201496e-10,1.0618858526535236e-05,4.277581540833842e-11,7.43873165108623e-11,3.309764486774477e-06,4.728212637151104e-11,3.845001338207843e-06,0.9999797188212212
rh_chr2_16741500,"{Vv,Vv}",0.9999913898307256,0.9999907748186345,Vv,Vv,chr02,18643803,False,6.428517481356351e-11,8.73208510965645e-11,5.828903133381903e-11,6.2666205003876e-11,2.223071000571774e-06,1.0257034616142584e-10,8.282795020155082e-11,8.806129185749307e-11,3.2462180748397176e-06,2.693688183448355e-11,5.2933436124259e-11,1.499714311101824e-06,2.965066017837773e-11,1.640510346098767e-06,0.9999913898307256
rh_chr2_17012389,"{Vv,Vv}",0.9999377195193081,0.9999332709135444,Vv,Vv,chr02,18914661,False,1.0024768440728372e-09,3.4482047337089663e-10,3.3553995377749935e-10,3.600970993171755e-10,3.620499698009367e-05,1.7011269596845384e-10,2.7348269426560866e-10,2.739392411256899e-10,8.773046763301414e-06,1.6142441470012877e-10,2.593628414851804e-10,8.49163132149084e-06,1.5752370420859567e-10,8.807466847022524e-06,0.9999377195193081
rh_chr2_17246760,"{Vv,Vv}",0.9999720490008819,0.9999700525009448,Vv,Vv,chr02,19213150,False,1.2029278288727625e-09,4.5659253193857136e-10,5.513575915758487e-10,6.890258505012284e-10,2.044780766061623e-05,5.808138403247368e-11,1.2852974305315678e-10,1.084441970013119e-10,2.4397755791110324e-06,1.6421517632721273e-10,1.6840136797263454e-10,2.333083652391543e-06,1.174738484994025e-10,2.726687176560824e-06,0.9999720490008819
rh_chr2_17347640,"{Vv,Vv}",0.999939809737315,0.9999355104328375,Vv,Vv,chr02,19313737,False,2.0908860406030165e-09,8.667321686951139e-10,1.0774442147658998e-09,1.3940421275388497e-09,4.474296975099358e-05,1.0664358147112472e-10,2.6497211501439607e-10,2.1056952420955231e-10,3.917047850642438e-06,3.5875811750759724e-10,3.5512523340090583e-10,5.260411979104977e-06,2.4072764775774717e-10,6.262867203471257e-06,0.999939809737315
rh_chr2_17478449,"{Vv,Vv}",0.9996639810039902,0.9996399796471324,Vv,Vv,chr02,19443986,False,9.70025875429932e-09,3.927536683895615e-09,5.2289427634215315e-09,6.9767685741704905e-09,0.00024968418090930296,6.237238577383165e-10,1.5863471937775596e-09,1.1792511098708993e-09,1.9369773830851672e-05,2.4987529215007216e-09,2.198530687447984e-09,3.0253428803719894e-05,1.5520604438140295e-09,3.667614029293939e-05,0.9996639810039902
rh_chr2_17720094,"{Vv,Vv}",0.9992688787039508,0.9992166557542329,Vv,Vv,chr02,19685326,False,3.605682952978422e-08,1.3395771827921271e-08,2.111359372117276e-08,3.1429481279880723e-08,0.0006035212140448459,2.385720268148118e-09,7.778621374401485e-09,4.925486182712897e-09,1.7779774512741245e-05,1.2051763361634242e-08,1.1084803453594635e-08,4.6540873495765924e-05,6.4847414983035826e-09,6.313272718340235e-05,0.9992688787039508
rh_chr2_17785364,"{Vv,Vv}",0.9991560862862501,0.999095806735268,Vv,Vv,chr02,19749544,False,4.078370177259537e-08,1.940227574974473e-08,3.599235891606316e-08,4.5562294249388287e-08,0.0006855282813959625,3.258774361939214e-09,1.1420620361032448e-08,7.231871439978822e-09,1.8260871696644345e-05,1.6058242128078203e-08,1.6746704831689663e-08,6.467177964302309e-05,8.81312617600166e-09,7.52475110443097e-05,0.9991560862862501
rh_chr2_17916691,"{Vv,Vv}",0.9986931568502462,0.998599810910978,Vv,Vv,chr02,19879712,False,2.5349724614704826e-07,1.651842641725825e-07,3.152159049149097e-07,2.455276645249784e-07,0.0007868192155096413,1.51639265248604e-08,5.174931729907319e-08,3.530338768588852e-08,9.815298374109004e-05,8.722803670471572e-08,8.689416088773581e-08,0.00026508705195292726,4.012109019976925e-08,0.000155488013551091,0.9986931568502462
rh_chr2_18194652,"{Vv,Vv}",0.9979405412301356,0.9977934370322882,Vv,Vv,chr02,20138593,False,6.526227008370601e-07,6.124060164528282e-07,9.221333464066908e-07,8.139182532828401e-07,0.0008810463790486129,1.3212481810749354e-07,2.967783274731931e-07,2.5458463111028195e-07,0.0002840620809523285,3.569207985464001e-07,4.0308927885001796e-07,0.0005566652656681828,2.3898666703034514e-07,0.00033300147935719655,0.9979405412301356
rh_chr2_18448449,"{Vv,Vv}",0.9966646290352417,0.9964263882520447,Vv,Vv,chr02,20392396,False,3.18368564333432e-06,3.7482193687649397e-06,4.299595601266854e-06,4.077175956169006e-06,0.0011059424258416627,1.337089083994741e-06,2.3520059982933945e-06,2.1903526212875683e-06,0.0005790806149764963,2.044587268516697e-06,2.561478800524698e-06,0.0010180098443649732,1.5743340706278763e-06,0.0006049695551624196,0.9966646290352417
rh_chr2_18557687,"{Vv,Vv}",0.9929087710435558,0.992402254689524,Vv,Vv,chr02,20501616,False,5.357562221563384e-06,6.6132000957953755e-06,7.309667774604521e-06,7.005280131525392e-06,0.0018913751814002623,2.841340120770145e-06,4.71541455044933e-06,4.4455204145677355e-06,0.0014212348614939935,3.992272457326326e-06,4.952977026945487e-06,0.0023298488943684524,3.140266112677772e-06,0.0013983965182754001,0.9929087710435558
rh_chr3_177780,"{Vv,Vv}",0.9636669909780009,0.9610717760478581,Vv,Vv,chr03,187083,False,0.00011149754095886552,0.0001327056581644606,0.0004175822243318033,4.5757070930501756e-05,0.004904140308599873,5.150348188475959e-05,4.675420633714891e-05,3.118568141604464e-05,0.016179593847892478,0.00011460919291632438,4.0072724366723774e-05,0.011337275484511647,1.3287570858498872e-05,0.0029070440288299746,0.9636669909780009
rh_chr3_271381,"{Vv,Vv}",0.9653012185722488,0.9628227341845523,Vv,Vv,chr03,279516,False,0.00010396246908928977,0.00011915104795706792,0.00041044370256528554,3.9849258580059306e-05,0.004468762825070765,2.8264560959184095e-05,2.7325060912662338e-05,1.9058875909146195e-05,0.015751949390358153,9.775690983607054e-05,2.9204047437553387e-05,0.011084874435829933,9.076661192212268e-06,0.002509102182053776,0.9653012185722488
rh_chr3_342741,"{Vv,Vv}",0.9666746153249618,0.9642942307053162,Vv,Vv,chr03,350664,False,8.480823434034835e-05,0.00010951232084471782,0.00037533436485830715,3.320336098336481e-05,0.0041063421731823676,1.0959529555236448e-05,1.2292467941026033e-05,1.0023646250607223e-05,0.015423309676178307,4.256798285459771e-05,1.5435598855842005e-05,0.010904543235503916,5.832662316312501e-06,0.00219121942137329,0.9666746153249618
rh_chr3_441478,"{Vv,Vv}",0.9729625336464861,0.9710312860498066,Vv,Vv,chr03,449374,False,6.614209783458485e-05,8.079261489901377e-05,0.0002692907309962678,2.3197763468025726e-05,0.0038014579207983233,7.3409457914491766e-06,9.044298519603138e-06,7.015558692783248e-06,0.012631749807076858,2.9654427264684727e-05,1.0832459559573615e-05,0.008445318579668242,3.7754779912203353e-06,0.0016518536709532814,0.9729625336464861
rh_chr3_609816,"{Vv,Vv}",0.9838747832822986,0.9827229820881771,Vv,Vv,chr03,617415,False,3.814797112185317e-05,3.6273081758142916e-05,0.00010965486418489811,7.420817883471713e-06,0.0031824947329625987,2.3289674333261945e-06,3.4556669606382374e-06,2.3504223936546343e-06,0.007853574401886306,1.3623698518091059e-05,3.844920052582783e-06,0.004189503298193968,1.3555256386126653e-06,0.000681188348713238,0.9838747832822986
rh_chr3_736742,"{Vv,Vv}",0.9862851165863827,0.9853054820568387,Vv,Vv,chr03,744419,True,2.9373378093702927e-05,2.40949808448407e-05,8.40236601210598e-05,5.237478949062744e-06,0.002965784719621187,1.5529958324838793e-06,2.5416511170501145e-06,1.7179476995596474e-06,0.006176008180436169,1.0203754462838975e-05,2.7600793145391117e-06,0.0037899727255556012,9.193532232165707e-07,0.0006206925083459353,0.9862851165863827
rh_chr3_931142,"{Vv,Vv}",0.99001616364657,0.9893030324784678,Vv,Vv,chr03,934958,False,1.7570445330419645e-05,7.5724947131391325e-06,4.889072838495341e-05,1.994360703713943e-06,0.002600195247790948,5.793537665121635e-07,9.273780322152758e-07,7.030033364561519e-07,0.003645421346025121,5.608712700386558e-06,1.0938283681178689e-06,0.0031569579709523183,3.684063218078602e-07,0.0004959530770039171,0.99001616364657
rh_chr3_1041616,"{Vv,Vv}",0.9921427364965902,0.9915815033892038,Vv,Vv,chr03,1045356,False,6.405347255695089e-06,2.943437402585828e-06,1.9563198970623793e-05,8.714122772662336e-07,0.002198532019620844,2.1679826494301442e-07,3.942603061207971e-07,2.827243126370941e-07,0.002577618915728147,2.015592239130547e-06,4.955976669676895e-07,0.0026050323581102625,1.3942383204416045e-07,0.0004427524174225258,0.9921427364965902
rh_chr3_1252454,"{Vv,Vv}",0.9958258312668093,0.9955276763572958,Vv,Vv,chr03,1243002,False,2.3485626544972444e-06,1.0597097482585591e-06,7.570718068910267e-06,4.069195946779455e-07,0.0013111256368688851,9.256719848695581e-08,1.7898346576289865e-07,1.1703547758905683e-07,0.0011189948269421965,7.390328165839006e-07,2.606105733026169e-07,0.0014431124364912224,5.819828901965246e-08,0.00028810349500127966,0.9958258312668093
rh_chr3_1497682,"{Vv,Vv}",0.9986358897844361,0.9985384533404672,Vv,Vv,chr03,1488874,False,1.8212392167397692e-07,8.147489092034322e-08,5.046254761388331e-07,3.364457974911403e-08,0.000592731581180506,8.2985514946684e-09,1.747759894927701e-08,1.0329810024601701e-08,0.0004240804627863149,5.138468640131134e-08,1.9993329013198356e-08,0.0002622319293616837,4.682711321878373e-09,8.415220667971409e-05,0.9986358897844361
rh_chr3_1559837,"{Vv,Vv}",0.9988674659692612,0.9987865706813513,Vv,Vv,chr03,1551348,True,1.244463180704608e-07,6.249513054305089e-08,3.6633770594567287e-07,2.7213678609408817e-08,0.0004886747583596308,6.62714415206619e-09,1.5307155135068846e-08,9.310931740542047e-09,0.0003479404572754505,3.553647198296077e-08,1.6024510960608315e-08,0.00021991661310058054,3.437857955893852e-09,7.533546509796234e-05,0.9988674659692612
rh_chr3_1725150,"{Vv,Vv}",0.9995311680425464,0.9994976800455854,Vv,Vv,chr03,1716640,False,7.2530315552633624e-09,3.872306380635556e-09,2.149905360257431e-08,2.2255678111825897e-09,0.00020126817272158475,4.5314636774986793e-10,1.211991577453482e-09,8.501703364319463e-10,0.00013412119582365738,2.1637626387478638e-09,1.3026022667695508e-09,9.489372526934149e-05,2.911978708889695e-10,3.85077408085687e-05,0.9995311680425464
rh_chr3_1842464,"{Vv,Vv}",0.9998061504414156,0.9997923040443739,Vv,Vv,chr03,1836717,False,1.605394263436121e-09,1.0343179659532156e-09,4.972408083382353e-09,9.460673507081723e-10,8.46525563972666e-05,1.1948092852582117e-10,4.771269561229318e-10,4.1160460279505143e-10,4.59354356098847e-05,5.35883086471838e-10,5.529156299595198e-10,4.2378682563115735e-05,1.242549134887154e-10,2.0872104560344774e-05,0.9998061504414156
rh_chr3_1905301,"{Vv,Vv}",0.9999586382925885,0.9999556838849162,Vv,Vv,chr03,1899648,False,2.0530428528504775e-10,1.556485655103966e-10,6.238332866249394e-10,1.7473629471835565e-10,1.667687329409311e-05,2.696050496487315e-11,8.215667721961177e-11,8.333637127409252e-11,9.687544375615853e-06,8.205727618008432e-11,1.0940103379376515e-10,9.759390987672288e-06,2.4552949158665373e-11,5.2363307669117e-06,0.9999586382925885
rh_chr3_1999793,"{Vv,Vv}",0.9999870966038849,0.9999861749327338,Vv,Vv,chr03,1993640,False,7.548410398185624e-11,7.895146211775863e-11,1.7097416535463632e-10,1.30400011607439e-10,3.109974975861663e-06,3.198043475327752e-11,4.993167605630694e-11,7.55757171463483e-11,2.7521041197603977e-06,3.590087321505246e-11,8.922610757267976e-11,3.949892336886718e-06,2.0984652951368784e-11,3.090665273505785e-06,0.9999870966038849
rh_chr3_2101673,"{Vv,Vv}",0.9999449241043169,0.9999409901117681,Vv,Vv,chr03,2093833,False,1.4353899203711695e-10,2.116938575369256e-10,2.6174868750208925e-10,4.350574842085696e-10,9.56039096928398e-06,1.9703403230898325e-10,2.030113897173524e-10,3.61189570300085e-10,1.4075715121892084e-05,1.2546000623087502e-10,4.364093744710849e-10,1.0354633191176921e-05,1.5065740458097126e-10,2.108263059994838e-05,0.9999449241043169
RHCE601381563A4F3Z0Z,"{Vv,Vv}",0.9999445511190489,0.9999405904846953,Vv,Vv,chr03,2094183,True,1.4379946221573795e-10,2.1264131398507823e-10,2.6248763854767306e-10,4.3726414640303817e-10,9.618997528970816e-06,1.976736697926308e-10,2.0402694959624942e-10,3.633114654082255e-10,1.4174277466493825e-05,1.2578073821693554e-10,4.3881080299748375e-10,1.041454973515638e-05,1.5107827770732754e-10,2.1238519346019033e-05,0.9999445511190489
RHBBDE495EE5384A4Z0Z,"{Vv,Vv}",0.999895416011857,0.9998879457269897,Vv,Vv,chr03,2143162,True,2.0976546273811362e-10,3.807565895147264e-10,3.9274068769022424e-10,8.483289651846702e-10,1.7046347989022783e-05,3.5786896210285457e-10,3.822833914996827e-10,7.591250537587739e-10,2.7203088675917914e-05,2.0117719792347752e-10,8.825448913598903e-10,1.802569480606572e-05,2.543439718660913e-10,4.230418773670194e-05,0.999895416011857
RH05A1D00D2EB4C6Z0Z,"{Vv,Vv}",0.9998661541215271,0.9998565937016363,Vv,Vv,chr03,2175700,True,2.6145729788736755e-10,5.381192462338408e-10,5.161099927393097e-10,1.2588460643315851e-09,2.1127691374449874e-05,4.900794889099118e-10,5.47279835754259e-10,1.1517158323850893e-09,3.501444573631202e-05,2.5911956942986155e-10,1.3226133117142564e-09,2.2229585382187504e-05,3.2237582968159653e-10,5.546748826343673e-05,0.9998661541215271
RH61CC994833964FEZ0Z,"{Vv,Vv}",0.9998596415199171,0.999849615914197,Vv,Vv,chr03,2183380,True,2.7348552368614067e-10,5.797027937092743e-10,5.490558522278412e-10,1.3710824420657478e-09,2.199164539784963e-05,5.218962880053042e-10,5.907686626005993e-10,1.2582418578340714e-09,3.675974138832676e-05,2.7257231597017987e-10,1.4428091017641163e-09,2.3122513649698563e-05,3.3583016374343854e-10,5.847738420193348e-05,0.9998596415199171
RHC0A3FE82A09444CZ0Z,"{Vv,Vv}",0.9998584246456873,0.9998483121203793,Vv,Vv,chr03,2184835,True,2.757489007243114e-10,5.877478021759948e-10,5.554484883115788e-10,1.3929723934127527e-09,2.2151048940841134e-05,5.279302195418941e-10,5.991788715747709e-10,1.2789744475635053e-09,3.708615780933434e-05,2.751029945591327e-10,1.4662496521747452e-09,2.328740855490682e-05,3.382410908061227e-10,5.904344141277438e-05,0.9998584246456873
RH6AA69BAA45D7420Z0Z,"{Vv,Vv}",0.9998570553531732,0.999846845021257,Vv,Vv,chr03,2186480,True,2.7831920764200645e-10,5.968784057509379e-10,5.627084084611721e-10,1.4179037267277596e-09,2.2329630544148124e-05,5.347966515939344e-10,6.087235108900158e-10,1.3025684478691862e-09,3.7453579547881665e-05,2.7797553116117396e-10,1.4929479909603966e-09,2.347219950153898e-05,3.409400599871018e-10,5.968182347131274e-05,0.9998570553531732
RH4CA3F1640D02448Z0Z,"{Vv,Vv}",0.9998561849400454,0.9998459124357629,Vv,Vv,chr03,2187530,True,2.7996222923791136e-10,6.02730810861292e-10,5.673650380148163e-10,1.4339291313112391e-09,2.2442709585770872e-05,5.391947126819965e-10,6.148409176319129e-10,1.3177237416330384e-09,3.768720428035218e-05,2.7981125443814785e-10,1.5101095025580952e-09,2.3589242432175145e-05,3.426413280220432e-10,6.008841534760401e-05,0.9998561849400454
RH89D5468E75AA41FZ0Z,"{Vv,Vv}",0.9998521665303743,0.9998416069968297,Vv,Vv,chr03,2192422,True,2.877528586534356e-10,6.30059808543054e-10,5.891250070851729e-10,1.509368821312441e-09,2.2960227338201355e-05,5.601180851989963e-10,6.434088666512614e-10,1.3889450967916569e-09,3.876646491967146e-05,2.8850416435373995e-10,1.5909106880504325e-09,2.412523364385424e-05,3.5051435969283806e-10,6.197370501611173e-05,0.9998521665303743
rh_chr3_2314233,"{Vv,Vv}",0.9997833004510861,0.999767821911878,Vv,Vv,chr03,2292483,False,4.718609017752071e-10,1.1208557061894433e-09,9.839050011096845e-10,3.2010291489177138e-09,3.0175679182791776e-05,1.1081739342492093e-09,1.1600199164891234e-09,2.9192758218745938e-09,5.751542668539964e-05,4.921682890484725e-10,3.414592393799321e-09,3.1720605740403835e-05,3.9782269224138335e-10,9.727256760150247e-05,0.9997833004510861
rh_chr3_2430113,"{Vv,Vv}",0.9997926479964491,0.9997778371390525,Vv,Vv,chr03,2409174,True,5.648926301654782e-10,1.415842736265671e-09,1.2125863652301761e-09,3.015368386890755e-09,2.936136971864776e-05,1.7828073155138193e-09,1.4613721719787091e-09,3.114870069720471e-09,7.426952254466705e-05,5.86715641872188e-10,3.131894913914485e-09,3.081090374625335e-05,8.367326104847772e-10,7.289308445851827e-05,0.9997926479964491
rh_chr3_2548013,"{Vv,Vv}",0.9998372403825002,0.999825614695536,Vv,Vv,chr03,2526998,False,5.543402560400362e-10,1.111570118050124e-09,1.1736288430152332e-09,2.3656146634308815e-09,1.9680527163155286e-05,2.167470269573267e-09,1.1507998190606713e-09,2.0147156250956313e-09,8.244019236488839e-05,5.67582276748194e-10,2.390040130806497e-09,2.103794086457403e-05,8.141675493632059e-10,3.958664717765188e-05,0.9998372403825002
rh_chr3_2671385,"{Vv,Vv}",0.9998015391449844,0.9997873633696261,Vv,Vv,chr03,2650350,False,7.271525103833131e-10,2.0678697360366587e-09,1.4937157952204305e-09,2.3830501065692984e-09,3.478403441646675e-05,2.0859333742651066e-09,2.047284755160133e-09,2.5463837280068706e-09,8.080907323631402e-05,7.419518813087121e-10,2.353890287263007e-09,3.6059385734121254e-05,8.794321874531994e-10,4.679103496430003e-05,0.9998015391449844
rh_chr3_2764075,"{Vv,Vv}",0.9998001376945403,0.9997858618155789,Vv,Vv,chr03,2742864,False,7.837553328424986e-10,2.415652756426697e-09,1.7325820530827502e-09,2.3258236392341865e-09,3.9748152055627854e-05,1.7536871644855427e-09,2.3321406048766735e-09,2.5143206399704296e-09,7.32881629730902e-05,7.91413623258498e-10,2.24024990316644e-09,4.096412306514161e-05,7.701473907863909e-10,4.58442075926161e-05,0.9998001376945403
rh_chr3_2901369,"{Vv,Vv}",0.9998065379291772,0.9997927192098327,Vv,Vv,chr03,2874692,True,7.943917457328733e-10,2.7502706078145755e-09,2.0583070519064114e-09,2.431731917273247e-09,4.04131330914634e-05,1.547593895327887e-09,2.787913652571431e-09,2.8813213458347702e-09,6.353443105826745e-05,9.153829088273487e-10,2.4554197663196842e-09,4.438284390582523e-05,8.391830480759439e-10,4.511220125130604e-05,0.9998065379291772
rh_chr3_3143022,"{Vv,Vv}",0.9999330796723234,0.9999282996489179,Vv,Vv,chr03,3116316,False,1.7015375506050067e-10,5.554466970378565e-10,5.24282727186984e-10,4.914940400602095e-10,1.2864992453798977e-05,2.826187379065043e-10,6.823759173109402e-10,5.959809371596839e-10,1.7097234682075835e-05,3.96642648658665e-10,6.327831056170319e-10,2.191021686201924e-05,1.9926582633552367e-10,1.5043352634424973e-05,0.9999330796723234
rh_chr3_3251513,"{Vv,Vv}",0.9999666396043763,0.9999642567189746,Vv,Vv,chr03,3226495,False,4.844947211911714e-11,1.631038846455006e-10,1.3775911662704871e-10,1.437690241578973e-10,4.112260781155798e-06,7.605780546290482e-11,1.8084270470563583e-10,1.732288205651687e-10,5.408144683171346e-06,2.1822738237016928e-10,2.105632903687136e-10,1.7619154640394638e-05,5.64220010718952e-11,6.219427095533272e-06,0.9999666396043763
rh_chr3_3385014,"{Vv,Vv}",0.9999930683254009,0.9999925732057867,Vv,Vv,chr03,3359753,False,3.203186474316786e-12,9.741543790732473e-12,1.0090116097365406e-11,9.16403937109787e-12,1.1659604345458968e-06,4.750565738623403e-12,1.2935703521606553e-11,1.1316087738024216e-11,1.6403933309353289e-06,8.853705222823458e-12,1.3936025860527372e-11,2.4006703245940785e-06,4.109247419834827e-12,1.7245624088310066e-06,0.9999930683254009
rh_chr3_3488939,"{Vv,Vv}",0.9999972327660358,0.999997035106467,Vv,Vv,chr03,3463995,False,3.939025531480769e-12,5.63030574784985e-12,6.24878730703228e-12,5.615395050455009e-12,1.060064914900493e-06,1.924391237746486e-12,4.849718916067635e-12,4.349032266127955e-12,5.269720421975937e-07,2.5698822372269295e-12,4.9957189356566715e-12,6.010023293554333e-07,1.8937191673667317e-12,5.791526617121166e-07,0.9999972327660358
rh_chr3_3633235,"{Vv,Vv}",0.999987963255812,0.9999871034883699,Vv,Vv,chr03,3612248,False,6.439582091726293e-12,5.65060615253612e-12,5.755787304668471e-12,5.768329203155281e-12,1.0479595265718495e-05,1.7377408509892681e-12,3.129349001077297e-12,3.1307174233309688e-12,5.109388125883289e-07,1.8043978312885382e-12,3.200996619683006e-12,5.20394286479705e-07,1.8328713357291642e-12,5.25777372920647e-07,0.999987963255812
rh_chr3_3781609,"{Vv,Vv}",0.9999852187013756,0.999984162894331,Vv,Vv,chr03,3760670,False,7.516899684468424e-12,7.603447437863035e-12,7.63539596238732e-12,8.881482774732953e-12,1.2933669842425355e-05,1.677538501736437e-12,2.828615385866349e-12,3.222736114495339e-12,5.314883363557751e-07,1.6963857877319969e-12,3.2440349371790146e-12,6.050512238983177e-07,2.5338524905221043e-12,7.11042381269418e-07,0.9999852187013756
rh_chr3_3905978,"{Vv,Vv}",0.9999891163214342,0.9999883389158223,Vv,Vv,chr03,3885026,False,1.4212216338835492e-11,1.5238328733165023e-11,1.526197998483627e-11,2.3106483482355153e-11,6.001163549222436e-06,2.706147132373212e-12,4.802603082669073e-12,6.015215201726025e-12,9.207169787535081e-07,2.7155792574578144e-12,6.073275721532158e-12,9.257867401647175e-07,6.3803611334502945e-12,3.035914785524465e-06,0.9999891163214342
rh_chr3_4019281,"{Vv,Vv}",0.99999177085127,0.9999911830549322,Vv,Vv,chr03,3998958,False,3.1795423106681844e-12,3.405464781437802e-12,3.3297047755272454e-12,6.376365294285076e-12,3.698654230579809e-06,9.929223119768352e-13,1.5530805123637197e-12,2.8722067192839546e-12,3.590834929784483e-07,9.349823633970189e-13,2.827748949782944e-12,3.265505609132627e-07,3.034747904101324e-12,3.844831938767511e-06,0.99999177085127
rh_chr3_4088612,"{Vv,Vv}",0.9999928302457063,0.9999923181203996,Vv,Vv,chr03,4068410,False,7.615989737658887e-12,1.0068465238545023e-11,1.0025184621143325e-11,2.1654911299657743e-11,2.0433229596869555e-06,2.9062252323768317e-12,4.355510765239752e-12,1.2675904973719817e-11,1.0708666165908074e-06,2.884251842256154e-12,1.2658074379370429e-11,8.108291741800943e-07,1.382947407966139e-11,3.2446368693061406e-06,0.9999928302457063
rh_chr3_4217957,"{Vv,Vv}",0.9999611232735012,0.9999583463644656,Vv,Vv,chr03,4197695,True,4.05302700088265e-11,5.935992525481335e-11,5.885457843715933e-11,1.00096835052214e-10,6.869155517686533e-06,3.4544781577507833e-11,5.15486302313435e-11,8.868457395404795e-11,6.216395305316662e-06,3.483674567406032e-11,8.745763743689559e-11,6.352729321930216e-06,9.381164056388131e-11,1.9437796628336553e-05,0.9999611232735012
rh_chr3_4315306,"{Vv,Vv}",0.9999650733360268,0.9999625785743145,Vv,Vv,chr03,4295171,False,4.348022073630413e-11,7.621590586221667e-11,7.593465319875857e-11,1.0228348330967625e-10,3.53093240176672e-06,3.921030365653692e-11,7.088302184033712e-11,9.574378348715303e-11,3.1159627838012484e-06,3.921980847565355e-11,9.523884669106758e-11,3.551765798303696e-06,6.605442830559817e-11,2.4727298724858427e-05,0.9999650733360268
rh_chr3_4565569,"{Vv,Vv}",0.9998362230679476,0.9998245247156582,Vv,Vv,chr03,4548718,False,6.639443719028884e-10,9.795213628938415e-10,9.930343292106599e-10,1.393560413555128e-09,3.7801457263833846e-05,6.479815197073803e-10,9.786957094818984e-10,1.3765487954393078e-09,3.716603595494923e-05,6.627393437591794e-10,1.392301435537233e-09,3.763238765844422e-05,9.594498644305384e-10,5.116700339795828e-05,0.9998362230679476
rh_chr3_4822693,"{Vv,Vv}",0.9998843872198546,0.9998761291641299,Vv,Vv,chr03,4829730,False,1.3799684695942148e-10,2.451647806111135e-10,2.641333668507578e-10,3.1763236124404364e-10,2.801279879118869e-05,1.3067682210857247e-10,2.5806377539115567e-10,3.105371935046142e-10,2.7123415061392182e-05,1.5060595620801525e-10,3.3262810926968847e-10,2.7630079033584698e-05,1.966730629322035e-10,3.284414314691554e-05,0.9998843872198546
rh_chr3_4920649,"{Vv,Vv}",0.9999016016535666,0.9998945732002499,Vv,Vv,chr03,4925960,False,1.990939397766071e-10,4.3901400117779487e-10,4.525744556749288e-10,5.109309679475451e-10,2.4356006767735415e-05,1.8614003886389608e-10,4.4093842872517474e-10,4.980163286642036e-10,2.3244304768125816e-05,1.9864255263408385e-10,5.133334328691849e-10,2.3566132076151134e-05,2.4474050399334586e-10,2.7228219396776277e-05,0.9999016016535666
rh_chr3_4988294,"{Vv,Vv}",0.9999108456055678,0.9999044774345369,Vv,Vv,chr03,4993710,True,1.970095711121918e-10,4.970994862184276e-10,5.077005381567156e-10,5.626459460144794e-10,2.2447734118170503e-05,1.8245093701754168e-10,4.941415193427599e-10,5.478506596142061e-10,2.1100543530157176e-05,1.909472629219867e-10,5.59635461029751e-10,2.1328355407332443e-05,2.3070370599829024e-10,2.4273791191515562e-05,0.9999108456055678
rh_chr3_5155501,"{Vv,Vv}",0.9999824985412402,0.9999812484370431,Vv,Vv,chr03,5159530,False,3.902743109936055e-11,8.367615400291337e-11,8.44795398583435e-11,9.262893622247642e-11,5.520383089230698e-06,3.5653569758078105e-11,8.044617796794903e-11,8.832417822357085e-11,3.591659842700685e-06,3.6288761342294227e-11,8.917477521525384e-11,3.590753459933474e-06,4.2987332572951695e-11,4.7979896810954545e-06,0.9999824985412402
rh_chr3_5232850,"{Vv,Vv}",0.9999579331591782,0.9999549283848338,Vv,Vv,chr03,5236686,True,7.205107494367013e-11,1.4329643830181583e-10,1.43846262053195e-10,1.5613196548617651e-10,1.134135058555312e-05,6.337540049362047e-11,1.3130588061606412e-10,1.4338975195506354e-10,9.946751416371394e-06,6.359622910207492e-11,1.4395602918849483e-10,9.866296175889873e-06,7.304214344848641e-11,1.0911308652770114e-05,0.9999579331591782
rh_chr3_5413458,"{Vv,Vv}",0.9999591145488749,0.9999561941595088,Vv,Vv,chr03,5417150,True,5.637820962379078e-11,1.2066920538741938e-10,1.2167202936035736e-10,1.2739203829671792e-10,1.0299946850443402e-05,5.270499585951409e-11,1.1525178642413747e-10,1.2099471851500555e-10,1.0149590262507348e-05,5.347837666531591e-11,1.217949324325385e-10,9.881670804967138e-06,5.797715472810246e-11,1.0553294893716099e-05,0.9999591145488749
rh_chr3_5507072,"{Vv,Vv}",0.9999920551223681,0.9999914876311087,Vv,Vv,chr03,5510686,False,8.550212125013822e-12,1.2403565545050627e-11,1.5876855403104895e-11,1.575764405295187e-11,1.6803610237400944e-06,5.201064464018897e-12,1.2583774358474741e-11,1.2602042446396263e-11,2.171422747615922e-06,8.775413189054439e-12,1.5677480877051125e-11,1.8056725400769399e-06,8.296787483971319e-12,2.2873055957060335e-06,0.9999920551223681
rh_chr3_5583374,"{Vv,Vv}",0.9999817053810278,0.9999803986225299,Vv,Vv,chr03,5586495,False,9.918720801012128e-12,1.4473208724850227e-11,1.5532180799466862e-11,1.4831718228423766e-11,5.005389028633216e-06,7.082857440760378e-12,1.4714369977792937e-11,1.3553462985893209e-11,1.493597357905559e-06,1.0047471339060602e-11,1.46284675146548e-11,5.84445080120419e-06,8.07748089980769e-12,5.951058924577337e-06,0.9999817053810278
rh_chr3_5699986,"{Vv,Vv}",0.9999370764581844,0.9999325819194833,Vv,Vv,chr03,5703067,False,1.1881932220015444e-10,1.2980664903131376e-10,1.7352153958741877e-10,1.5436818170894578e-10,1.886490244328273e-05,6.63595186945838e-11,1.3468629682493974e-10,1.1318495688935327e-10,1.1634653646466008e-05,1.2048670340494046e-10,1.5423268568951417e-10,1.8186759785308838e-05,7.99000652290677e-11,1.4235980574647627e-05,0.9999370764581844
rh_chr3_5797319,"{Vv,Vv}",0.9999261786847481,0.9999209057336587,Vv,Vv,chr03,5788019,False,1.518176873597824e-10,2.0842920520096937e-10,2.668709050754342e-10,2.231952867763554e-10,2.3570171554205998e-05,8.340064065557012e-11,2.1641125991927656e-10,1.6486578477875892e-10,1.3607123578979742e-05,1.5670321465152663e-10,2.2066676255172148e-10,2.1782161473266635e-05,8.958991409259944e-11,1.4860076694746352e-05,0.9999261786847481
rh_chr3_5885034,"{Vv,Vv}",0.9999211653419091,0.9999155342949027,Vv,Vv,chr03,5875696,True,1.7398475586506578e-10,2.573806436994375e-10,3.2124922989678506e-10,2.699615307761857e-10,3.0091313801830356e-05,7.856954292828287e-11,2.372284683253291e-10,1.862480090555966e-10,1.2270943626598702e-05,1.4783473796605137e-10,2.459471758711837e-10,2.1928173360708395e-05,8.928527609827464e-11,1.4542219612451228e-05,0.9999211653419091
rh_chr3_6000617,"{Vv,Vv}",0.9999394415646746,0.9999351159621513,Vv,Vv,chr03,5976622,False,6.495670191865467e-11,1.2007766184579238e-10,1.4147667986938778e-10,1.2344702701977796e-10,3.161145700458626e-05,4.008819345322491e-11,1.1122026543820833e-10,9.329356520885073e-11,4.704067415802227e-06,5.764563116864584e-11,1.1372502968110974e-10,1.6089845912809104e-05,4.168333485767111e-11,8.152157378017979e-06,0.9999394415646746
rh_chr3_6222769,"{Vv,Vv}",0.9999335191694092,0.9999287705386527,Vv,Vv,chr03,6197920,False,7.181805309756772e-11,1.0569764285012843e-10,1.2656702393789688e-10,1.1974907517445646e-10,2.364319585593713e-05,3.5135898960771747e-11,7.975139398339954e-11,6.984547944697688e-11,1.3207715266000877e-05,4.624987066973343e-11,9.046348921767366e-11,1.6137374032670343e-05,4.1603256325228834e-11,1.3491758554988445e-05,0.9999335191694092
rh_chr3_6426810,"{Vv,Vv}",0.9999648434497368,0.9999623322675751,Vv,Vv,chr03,6398210,False,1.9680030488336156e-10,2.5603342699802644e-10,2.7285465446815797e-10,2.461243610997375e-10,1.1628083730740224e-05,1.082129935317058e-10,2.0197851037317764e-10,1.8349492561278147e-10,9.85706045864923e-06,9.70079337592971e-11,1.8489537244513033e-10,6.83841364301271e-06,8.203888144225935e-11,6.831162989408873e-06,0.9999648434497368
rh_chr3_6650857,"{Vv,Vv}",0.9999474004390613,0.9999436433275657,Vv,Vv,chr03,6618364,False,3.358503453531389e-10,3.405699518732147e-10,2.906263667835169e-10,2.5477878854440915e-10,2.452592256081347e-05,2.673592341325244e-10,3.4845222154810883e-10,3.1797770818753773e-10,1.0452810765610684e-05,1.402415286387954e-10,2.2065773596410484e-10,9.918098400682194e-06,1.3440292347322425e-10,7.70007829487523e-06,0.9999474004390613
rh_chr3_6848850,"{Vv,Vv}",0.9998692787433554,0.999859941510738,Vv,Vv,chr03,6817097,False,5.619501701647743e-10,1.201378559216193e-09,7.784398723674473e-10,7.596352254810749e-10,3.370695833695302e-05,8.383274939053955e-10,1.1232538858938822e-09,9.230768603158694e-10,4.438888037691978e-05,3.684388330653891e-10,5.852402564428584e-10,2.7602315804886268e-05,3.714752308289886e-10,2.50155909094673e-05,0.9998692787433554
rh_chr3_6986623,"{Vv,Vv}",0.9998724718419225,0.9998633626877741,Vv,Vv,chr03,6991311,False,3.6040369529370106e-10,1.2853631223786303e-09,5.282290179369578e-10,5.905516261288782e-10,2.3785582741975575e-05,9.186304646880573e-10,1.6200854302495954e-09,1.1455651571866026e-09,5.7017839904105615e-05,2.266144091057817e-10,4.718890930716758e-10,2.4881983390019526e-05,3.090569352378014e-10,2.183529565241689e-05,0.9998724718419225
rh_chr3_7073085,"{Vv,Vv}",0.999879751006862,0.9998711617930665,Vv,Vv,chr03,7080248,True,3.9623359147844007e-10,1.307754931771744e-09,6.549031892007384e-10,7.412941917454087e-10,2.5062525704377045e-05,7.424846916170819e-10,1.4357526005730159e-09,1.2746206061223877e-09,4.5265102078288294e-05,2.635974951368293e-10,6.356249671242926e-10,2.40090767560941e-05,3.8190436089364114e-10,2.590445442861606e-05,0.999879751006862
rh_chr3_7155917,"{Vv,Vv}",0.9999045462117704,0.9998977280840396,Vv,Vv,chr03,7163069,True,3.8625326833140607e-10,1.1553925613771202e-09,6.654297749107957e-10,7.922878220857363e-10,2.1735099960941784e-05,5.224927422329329e-10,1.1394530789633887e-09,1.191093929532058e-09,2.9853292894638153e-05,2.4364454537771763e-10,6.789793154035749e-10,1.8679580614872623e-05,4.025503350020773e-10,2.5178637181835637e-05,0.9999045462117704
rh_chr3_7220808,"{Vv,Vv}",0.9999359870940673,0.9999314147436436,Vv,Vv,chr03,7227744,False,3.662493860303195e-10,1.014916802840218e-09,6.385510219714888e-10,7.86994792612468e-10,1.6108626141038156e-05,3.8839265147534575e-10,9.323366092912027e-10,1.0698000431271684e-09,1.482347234447308e-05,2.1759098933215002e-10,6.636041612907271e-10,1.1489699037426783e-05,3.918336736462087e-10,2.1584638139671478e-05,0.9999359870940673
rh_chr3_7472345,"{Vv,Vv}",0.9998807753662506,0.9998722593209828,Vv,Vv,chr03,7478996,False,4.062555870484815e-10,5.011450322248918e-10,4.718458733037509e-10,7.516039246811896e-10,3.888280689729728e-05,1.5280720118973555e-10,3.5650490668133764e-10,5.996035283783553e-10,6.334249881996032e-06,1.8412245289599542e-10,5.429961190492925e-10,1.6739559289105185e-05,4.966043378895587e-10,5.7263554191985926e-05,0.9998807753662506
rh_chr3_7742797,"{Vv,Vv}",0.9997557138045683,0.9997382647906089,Vv,Vv,chr03,7747792,False,1.6365789096612878e-09,1.5052251914869244e-09,1.7570158970288065e-09,3.216132878882186e-09,9.320570298850726e-05,5.317830376183348e-10,1.0007072789553003e-09,1.994736012499161e-09,1.8123210089932863e-05,6.645697221343718e-10,2.1198816582589166e-09,4.107577076862924e-05,1.939860320506886e-09,9.186514509373313e-05,0.9997557138045683
rh_chr3_8256808,"{Vv,Vv}",0.9995718391783196,0.9995412562624852,Vv,Vv,chr03,8276698,False,4.7972476593769875e-09,7.973868624431225e-09,6.103723253055498e-09,1.4517938513138187e-08,9.491555333947844e-05,5.311473015830229e-09,5.914733878777312e-09,1.5089401065753814e-08,8.020229674451096e-05,3.0917184894618543e-09,1.113159330934879e-08,7.005494231910751e-05,1.2198054739850897e-08,0.0001829018995246979,0.9995718391783196
rh_chr3_8428406,"{Vv,Vv}",0.9995042596514223,0.9994688496265239,Vv,Vv,chr03,8450848,False,3.5187446065637493e-09,8.118659389367072e-09,4.923378610013568e-09,1.502124088547707e-08,9.593680794620912e-05,5.466421863806188e-09,6.312161739423568e-09,1.945165352926238e-08,9.774387840505954e-05,2.195849634356877e-09,1.1809747101604181e-08,7.393459527804343e-05,1.1772044261152328e-08,0.0002280364770467003,0.9995042596514223
rh_chr3_8604250,"{Vv,Vv}",0.9996130907405909,0.9995854543649189,Vv,Vv,chr03,8624668,False,1.4193607133911628e-09,6.236391232419372e-09,1.6972375953590344e-09,4.7773736513177e-09,7.814643894781413e-05,4.888987159405611e-09,4.919190577479723e-09,1.3154651301112514e-08,9.647905300871728e-05,6.435904456064225e-10,3.4794154489367025e-09,5.8827504982457134e-05,3.2196535116053788e-09,0.00015341182661850547,0.9996130907405909
rh_chr3_8738055,"{Vv,Vv}",0.9996607238578652,0.9996364898477127,Vv,Vv,chr03,8759160,False,1.6298522428177764e-09,6.4826713665729246e-09,1.793190774901818e-09,4.409251533085856e-09,7.390481510131247e-05,4.577647979749739e-09,5.27470507946368e-09,1.20913791673809e-08,8.945213470915641e-05,5.54436076122752e-10,3.098995422777309e-09,5.393046309212211e-05,2.4115207601492606e-09,0.00012194640558178958,0.9996607238578652
rh_chr3_9162339,"{Vv,Vv}",0.999884084061744,0.9998758043518686,Vv,Vv,chr03,9199031,False,8.869674384065667e-09,3.268586134603522e-09,2.3005210389499454e-09,6.2969379209756726e-09,4.837777079599922e-05,2.6525496252706107e-09,3.398659091410558e-09,5.342429149383647e-09,1.5029388661241054e-05,1.0724286989879877e-09,2.7122021248508495e-09,1.817511147202347e-05,3.815491513854721e-09,3.4293937847068795e-05,0.999884084061744
rh_chr3_9224651,"{Vv,Vv}",0.999825628548755,0.9998131734450947,Vv,Vv,chr03,9259354,False,1.1086289042038972e-08,3.4822218537009845e-09,2.7653197206743666e-09,7.810071612471081e-09,8.49140281483259e-05,2.9499864797737356e-09,4.15897317182789e-09,6.257993356567577e-09,2.3287284679802798e-05,1.3728376790789437e-09,3.441902557335201e-09,2.448459868554252e-05,4.768349552749109e-09,4.163744578633362e-05,0.999825628548755
rh_chr3_9374964,"{Vv,Vv}",0.9994420452823487,0.999402191373945,Vv,Vv,chr03,9409722,False,2.761412866492876e-08,1.1332399445938619e-08,9.076843341201238e-09,2.6872784414993892e-08,0.00019433433182675303,8.866863674596359e-09,1.3317123575020359e-08,1.5423873242889608e-08,0.00013030212418009345,5.685349390993315e-09,1.0224229942538077e-08,8.295143688160824e-05,1.5252766696811385e-08,0.0001502231584004728,0.9994420452823487
rh_chr3_9592447,"{Vv,Vv}",0.9990979289518518,0.9990334953055555,Vv,Vv,chr03,9573159,False,5.51756821610695e-08,2.5517245636977076e-08,1.9068102968351073e-08,6.377159900593485e-08,0.00029632922510984387,1.9805094250314897e-08,3.526844855317491e-08,3.670139869969976e-08,0.0002299692313507749,1.1975422218996881e-08,2.088020795944632e-08,0.00012795042478738313,2.797561067637009e-08,0.00024750602808810523,0.9990979289518518
rh_chr3_11293038,"{Vv,Vv}",0.9983026401204019,0.998181400129002,Vv,Vv,chr03,9964986,True,6.936755874768322e-08,1.2238183413304314e-07,8.08776592990342e-08,1.159404970832975e-07,0.0003102512322592284,7.565593325745348e-08,1.44068199364524e-07,1.7707766457306206e-07,0.0006937419619583421,4.4532133407722873e-08,7.928311889004703e-08,0.00031646644664829447,5.6661175162904116e-08,0.0003759343929582086,0.9983026401204019
rh_chr3_11252155,"{Vv,Vv}",0.9982431441879173,0.9981176544870543,Vv,Vv,chr03,10005856,False,7.000529920638906e-08,1.3166388767751108e-07,8.725488967187093e-08,1.2139791928642582e-07,0.0003057531915226522,7.926965127326672e-08,1.608929131107191e-07,1.959068849752853e-07,0.0007364870730190339,4.7043392576237975e-08,8.628531739778272e-08,0.00033018032403517495,5.829056563327268e-08,0.0003833972127851704,0.9982431441879173
rh_chr3_10580137,"{Vv,Vv}",0.996919038431755,0.996698969748309,Vv,Vv,chr03,10655948,False,7.353045878902236e-08,1.2187129025169869e-07,1.0568754948438882e-07,1.3433285689590423e-07,0.0002466968659810599,7.452008012570961e-08,4.2889235774389975e-07,4.878087315434385e-07,0.0017241516939876765,8.609877572146896e-08,1.3570537631178494e-07,0.0006145980272161699,7.139382673145536e-08,0.0004937951397565234,0.996919038431755
rh_chr3_10197802,"{Vv,Vv}",0.9959642548989542,0.9956759873917367,Vv,Vv,chr03,11037248,False,1.0090572361387566e-07,2.9259892409058316e-07,1.9038923224660045e-07,2.277363467990349e-07,0.0005033324810701756,2.1372870104748207e-07,5.158431964728324e-07,5.781268649155297e-07,0.0019152901613923216,1.261291040940794e-07,2.473323279582806e-07,0.0008951008711514902,1.31320797575612e-07,0.0007193974762129551,0.9959642548989542
rh_chr3_10121298,"{Vv,Vv}",0.9955810185949573,0.9952653770660257,Vv,Vv,chr03,11113330,True,1.4164636643866518e-07,4.872984237867792e-07,3.182778633772399e-07,3.471414681366475e-07,0.000588906049756193,3.71731881018976e-07,7.714302251740566e-07,7.882309806399213e-07,0.0020216397506061883,2.0019661420011575e-07,3.9615435137977836e-07,0.0010036276564930524,1.8724226339111866e-07,0.0008007985977496618,0.9955810185949573
rh_chr3_14850509,"{Vv,Vv}",0.9912915721868898,0.9906695416288105,Vv,Vv,chr03,13244865,False,2.1957073386405125e-06,3.461976608132859e-06,3.236334660811036e-06,3.3126422375987338e-06,0.0013202596938234421,4.72872960466992e-06,5.672381618722961e-06,3.7386778757327718e-06,0.003473022950701269,3.177854761439335e-06,3.4488055802601173e-06,0.0024534866755893427,2.349550160078811e-06,0.0014263358325501286,0.9912915721868898
rh_chr3_13417139,"{Vv,Vv}",0.988736784137563,0.9879322687188176,Vv,Vv,chr03,14902754,True,3.1947305146172096e-06,5.835024010173502e-06,5.318084277390304e-06,5.26393961290121e-06,0.0025218640191971902,3.6248043934064604e-06,6.83411445646521e-06,5.99511199731061e-06,0.0028418083287279168,4.557274853275174e-06,5.480452361926985e-06,0.0032572659686032337,3.3017273270345054e-06,0.0025928722821041456,0.988736784137563
rh_chr3_13319654,"{Vv,Vv}",0.9888247288311421,0.9880264951762238,Vv,Vv,chr03,14999797,False,3.1464574607590268e-06,5.882218679963407e-06,5.374237228413309e-06,5.36996547599718e-06,0.002531795078052261,3.477197366003404e-06,6.809809416580165e-06,6.037074833440208e-06,0.002747409853387787,4.501644658875632e-06,5.533389742164641e-06,0.0032457587193317357,3.2481814490792967e-06,0.0026009273417747837,0.9888247288311421
rh_chr3_15846197,"{Vv,Vv}",0.9925532417254332,0.9920213304201071,Vv,Vv,chr03,16495716,False,1.3360035018023211e-06,9.498311178449436e-07,1.461726103416266e-06,2.2904928347356667e-06,0.0022912134124563875,5.472051021258702e-07,1.3011416525013745e-06,9.658275439050894e-07,0.000946809582316053,1.1054220280248923e-06,1.5249301083062866e-06,0.0018572405578410145,1.3117153460279873e-06,0.0023387004266145844,0.9925532417254332
rh_chr3_15938806,"{Vv,Vv}",0.9926836764871296,0.992161081950496,Vv,Vv,chr03,16588900,False,1.1794887011795425e-06,8.863353029800593e-07,1.3639692236952866e-06,2.0784526340962378e-06,0.0022253709278047115,4.6679429533764436e-07,1.181601150384731e-06,9.02158964102008e-07,0.0009430433852427877,9.956274208484756e-07,1.4282033848309469e-06,0.0018674348156259583,1.1437259975173558e-06,0.0022688480271219587,0.9926836764871296
rh_chr3_17712785,"{Vv,Vv}",0.9934751309227127,0.9930090688457636,Vv,Vv,chr03,18354211,False,2.2691461144844277e-06,1.5260189984034003e-06,2.8411724552429665e-06,2.4903189204091086e-06,0.001557786753012069,7.088338097783013e-07,1.7712245544827724e-06,1.5894654054078707e-06,0.0008200910465021896,2.886791645047348e-06,3.247527701038297e-06,0.0025789197885431625,1.7811426674684171e-06,0.0015469598469580847,0.9934751309227127
rh_chr3_17950996,"{Vv,Vv}",0.9934570749892101,0.9929897232027252,Vv,Vv,chr03,18586728,False,3.2660905613768423e-06,2.4393617853856233e-06,4.5150588736256494e-06,3.528187826807029e-06,0.0015067517951241301,1.0223610894009817e-06,2.8541970498112046e-06,2.3605326486366786e-06,0.00077953769091789,4.255242413259913e-06,4.822854596467956e-06,0.0027540137867129205,2.265795230517776e-06,0.0014712920559596982,0.9934570749892101
rh_chr3_18324978,"{Vv,Vv}",0.9930827860847227,0.9925886993764885,Vv,Vv,chr03,18960929,False,5.154746410011105e-06,4.029493587546494e-06,7.423724301005238e-06,5.265638838859044e-06,0.001501145595704604,1.625412322556778e-06,4.73623836013374e-06,3.6776773745461303e-06,0.0007447552511759651,6.915050777896605e-06,7.538579867395315e-06,0.003196548027727143,3.1338959920587295e-06,0.0014252645828376105,0.9930827860847227
rh_chr3_19133207,"{Vv,Vv}",0.9867413410876366,0.9857942940224678,Vv,Vv,chr03,19766910,False,1.6928605957447276e-05,1.200333315787575e-05,2.7393262469372632e-05,1.5087318937579727e-05,0.004094819710684376,6.300296253300542e-06,1.7317915633400687e-05,1.1504950558995744e-05,0.0016637854441841752,2.2153096825219225e-05,2.1999087417940925e-05,0.005184551929832602,8.999933940925676e-06,0.0021558140265102873,0.9867413410876366
rh_chr3_19297395,"{Vv,Vv}",0.9860545653953239,0.9850584629235613,Vv,Vv,chr03,19931065,False,1.904529037100364e-05,1.4187071890999103e-05,3.168831119960127e-05,1.7488155218278375e-05,0.004427380566304097,7.314267574119942e-06,2.0209412468122546e-05,1.3752206041770107e-05,0.001777101987964569,2.426384377227417e-05,2.5053762745009594e-05,0.005315911686165157,1.0246364762407253e-05,0.0022417916781987055,0.9860545653953239
rh_chr3_19365074,"{Vv,Vv}",0.9829202433036447,0.9817002606824765,Vv,Vv,chr03,19997456,True,2.2487947370768934e-05,1.7556738419025232e-05,3.800599331225137e-05,2.1203228307718302e-05,0.005612007489381405,8.968482345856027e-06,2.4488705065033267e-05,1.7077917219373034e-05,0.0023175098194019397,2.7705271392854384e-05,2.965498526513437e-05,0.006153394810851297,1.223170550608976e-05,0.0027774636025166464,0.9829202433036447
rh_chr3_19690734,"{Vv,Vv}",0.9684047855679387,0.9661479845370772,Vv,Vv,chr03,20311881,False,5.3288646773079594e-05,4.3272591186296276e-05,8.125185127949209e-05,4.847002436610952e-05,0.011132083749256227,2.4545148938427803e-05,5.410454757338733e-05,4.219263434371346e-05,0.004759045402022079,5.324111817960846e-05,6.07222749082602e-05,0.010016693969549755,2.931125824505515e-05,0.005196991215439773,0.9684047855679387
rh_chr4_130509,"{Vv,Vv}",0.9891992947870774,0.9884278158432972,Vv,Vv,chr04,136244,False,6.183313314574787e-05,2.2019944173857706e-05,2.0337785084993064e-05,1.9409761352198066e-05,0.006551728895525394,1.5192168578400933e-05,1.9187686308866174e-05,1.8652956652857528e-05,0.0015351055277451537,1.1525500376990274e-05,1.7148881775631535e-05,0.0012908869403921229,1.08395308083175e-05,0.0012068365010021631,0.9891992947870774
rh_chr4_597184,"{Vv,Vv}",0.9976916530392453,0.9975267711134772,Vv,Vv,chr04,605266,False,3.20509952677487e-06,1.383874187066046e-06,1.0913082629722883e-06,8.490618494972496e-07,0.0013150687442307323,1.6563337199873371e-06,1.146953994314776e-06,8.944744660120602e-07,0.000535034976910003,4.619403791497187e-07,6.143812082287667e-07,0.00025708964734469744,3.665694077330364e-07,0.00018948359526747388,0.9976916530392453
rh_chr4_700172,"{Vv,Vv}",0.9988072240586288,0.9987220257771022,Vv,Vv,chr04,708499,False,1.2064270886175677e-06,5.834285915217625e-07,5.24423662181461e-07,3.437091129879508e-07,0.0007478101380048341,5.867856366206181e-07,4.6947284078689606e-07,3.3706552071279754e-07,0.0002512474939970391,1.2936501891482902e-07,2.1220366522880206e-07,0.00012000157315138407,1.1676190652832264e-07,6.92070931738737e-05,0.9988072240586288
rh_chr4_1028787,"{Vv,Vv}",0.9998347835346403,0.9998229823585432,Vv,Vv,chr04,1036222,False,3.922980171138738e-08,1.742791853885716e-08,9.429009644746722e-09,7.347900307879812e-09,0.00010344953633505458,1.4647799243232744e-08,9.088199336783558e-09,7.1840789074068245e-09,4.233625472208714e-05,1.5385135253683464e-09,2.897067317914993e-09,1.0360505380025656e-05,1.7508792142094256e-09,8.959627754833833e-06,0.9998347835346403
rh_chr4_1187713,"{Vv,Vv}",0.9999182173025247,0.9999123756812764,Vv,Vv,chr04,1194453,False,1.112424579020376e-08,2.0036717220451356e-09,9.821855960310645e-10,8.832935904600254e-10,7.21392434909682e-05,1.1213407202503943e-09,6.370798877015316e-10,5.558085896910348e-10,5.645819495994988e-06,1.0876295541709576e-10,2.1807819037088782e-10,1.8014423331892138e-06,1.5462209405174538e-10,2.178403065973401e-06,0.9999182173025247
rh_chr4_1307469,"{Vv,Vv}",0.9999218077019346,0.9999162225377871,Vv,Vv,chr04,1314476,False,4.526266529243093e-09,5.733108242343057e-10,2.1208651797565634e-10,2.4019501531936976e-10,7.134512617685591e-05,1.8460259921382794e-10,9.831327998812068e-11,1.1124207475787538e-10,3.335826063908639e-06,2.0454602512474302e-11,4.940944634237772e-11,1.2522262175850672e-06,4.915658152233566e-11,2.253054569615763e-06,0.9999218077019346
rh_chr4_1391400,"{Vv,Vv}",0.9999228385739747,0.9999173270435443,Vv,Vv,chr04,1398308,False,1.2799660538522863e-09,2.1170131429031222e-10,1.0864823463981369e-10,1.687751026490689e-10,7.01150328281121e-05,7.060429464146165e-11,4.325818730585387e-11,5.648629077757324e-11,1.6680467707668594e-06,1.1292218031163743e-11,2.910393475434551e-11,1.0494749691817798e-06,3.416006532600495e-11,4.326857461568261e-06,0.9999228385739747
rh_chr4_1584867,"{Vv,Vv}",0.9998812650140468,0.9998727839436217,Vv,Vv,chr04,1591094,True,1.2694260024536764e-09,6.214595769163366e-10,5.880972889109973e-10,1.3212846555426596e-09,6.463164497833757e-05,9.918048845227282e-11,1.4016468617156381e-10,2.419002819623321e-10,1.1379172809934022e-05,8.629144943949003e-11,2.2700536603246917e-10,1.1267829477348546e-05,4.1154167468574677e-10,3.145133233600975e-05,0.9998812650140468
rh_chr4_1715906,"{Vv,Vv}",0.9999057791386128,0.9998990490770852,Vv,Vv,chr04,1719418,False,7.704753586197233e-10,2.588680606025748e-10,2.56679428617076e-10,1.2494609831063103e-09,4.808534554625058e-05,4.261920864837885e-11,9.053591134812265e-11,1.4691605786295345e-10,4.708681349323691e-06,4.866013545578778e-11,1.43554162038583e-10,4.933817489742748e-06,4.54690244230455e-10,3.648955454231459e-05,0.9999057791386128
rh_chr4_1855396,"{Vv,Vv}",0.9999301094618529,0.9999251172805567,Vv,Vv,chr04,1858856,False,2.9783097206546396e-10,1.0466020039721182e-10,1.3221450086775957e-10,7.426390313249609e-10,2.774618251829502e-05,1.592966732758437e-11,4.3349214122170715e-11,7.986771987628822e-11,2.468341951712169e-06,2.866375465836371e-11,9.611444263127599e-11,4.145756682577951e-06,3.5003770328603904e-10,3.552836568730241e-05,0.9999301094618529
rh_chr4_1972782,"{Vv,Vv}",0.999955351301545,0.9999521621087982,Vv,Vv,chr04,1975916,False,6.327101373155569e-11,3.7728450741720834e-11,5.994763845337394e-11,1.7797266413585986e-10,9.999290364008886e-06,5.19960358703463e-12,1.6599880066072853e-11,4.185520021658857e-11,1.1419671990519262e-06,1.2265278478260705e-11,5.982952822964675e-11,6.513837423001099e-06,9.612652598640036e-11,2.6993032673127473e-05,0.999955351301545
rh_chr4_2096842,"{Vv,Vv}",0.9999666134468224,0.9999642286930239,Vv,Vv,chr04,2099926,False,4.7216147185832605e-11,4.3496988240619704e-11,6.724349778523244e-11,1.1773018844880516e-10,6.647234410930499e-06,1.1229569710294718e-11,3.2055190936455727e-11,5.97454808861488e-11,2.6734266633817763e-06,2.4401984464635515e-11,8.424668718205352e-11,4.634650533305585e-06,8.12398335707028e-11,1.943067296455273e-05,0.9999666134468224
rh_chr4_2200518,"{Vv,Vv}",0.9999452227096649,0.9999413100460696,Vv,Vv,chr04,2203894,False,4.424715666407543e-11,5.801528839714797e-11,9.129912236037432e-11,1.2930520160575696e-10,1.5033607763737225e-05,1.8837607404997413e-11,5.929021271545483e-11,8.847839735866918e-11,9.068233584192584e-06,3.8965242932175206e-11,1.3107981736884303e-10,1.0677504353259814e-05,6.216472084053629e-11,1.9997222951119956e-05,0.9999452227096649
rh_chr4_2563214,"{Vv,Vv}",0.9999629292017583,0.9999602812875982,Vv,Vv,chr04,2565870,False,6.977174340698496e-11,1.5566604172720898e-10,9.913461504834493e-11,1.0444917372001299e-10,2.6660248406376027e-05,1.0501505060574059e-10,1.0017574781500475e-10,9.666826170358615e-11,4.734509702369851e-06,4.5108129862569705e-11,8.186286521410576e-11,2.8059225597535865e-06,4.394713005282105e-11,2.8692157744675743e-06,0.9999629292017583
rh_chr4_2783868,"{Vv,Vv}",0.9999557512962238,0.9999525906745256,Vv,Vv,chr04,2785775,False,1.6706010085155043e-10,4.43652594915e-10,2.402359903192538e-10,1.7273654317305264e-10,1.531419599941765e-05,4.807337727101033e-10,2.4206500894950774e-10,1.211460987520479e-10,1.8457437548591325e-05,8.729199894505148e-11,9.041022429373388e-11,6.740229159872091e-06,5.918124675072501e-11,3.734736554750486e-06,0.9999557512962238
rh_chr4_2840486,"{Vv,Vv}",0.9999050184687642,0.999898234073676,Vv,Vv,chr04,2842262,False,1.877376192171298e-10,5.989945184238646e-10,3.345260093114134e-10,2.3068061611412233e-10,2.635177334926248e-05,7.762039192722042e-10,4.1294703377354833e-10,1.678751033361526e-10,4.719811462513533e-05,1.3154684556222645e-10,1.535475793935234e-10,1.4464362284851357e-05,9.201578437250999e-11,6.964194901499476e-06,0.9999050184687642
rh_chr4_2919507,"{Vv,Vv}",0.9998482316850291,0.9998373910911026,Vv,Vv,chr04,2921412,True,5.16747375792064e-10,1.4838093370874547e-09,9.029875212984534e-10,7.227381742433941e-10,4.03262857058202e-05,1.1779698236721807e-09,1.2037238912373474e-09,9.003273429505506e-10,5.873782443181487e-05,3.7197146998296684e-10,5.307155426455867e-10,3.0008451190162893e-05,2.6410280030116427e-10,2.2687678549725053e-05,0.9998482316850291
rh_chr4_3098243,"{Vv,Vv}",0.9997785937099491,0.9997627789749455,Vv,Vv,chr04,3099970,True,1.1773264747817439e-09,3.081913611999364e-09,2.257508094345247e-09,1.9918809431258225e-09,5.7240436893437566e-05,1.7791141785895285e-09,2.759454602541626e-09,2.413636762933227e-09,7.019591546077358e-05,9.873694592380192e-10,1.7151725936656386e-09,5.044605781362839e-05,7.946535429011676e-10,4.3504921852675727e-05,0.9997785937099491
rh_chr4_3237352,"{Vv,Vv}",0.9997805567996274,0.9997648822853151,Vv,Vv,chr04,3239036,True,1.216820305346053e-09,3.562424800027818e-09,2.8201719301182665e-09,2.551212701787916e-09,5.637101241304709e-05,1.6628041223365018e-09,3.2974544546734937e-09,2.9775245254237676e-09,6.511578767545083e-05,1.0753115632000735e-09,2.3084546324418744e-09,5.2301875564125515e-05,8.837996413412481e-10,4.563216874132473e-05,0.9997805567996274
rh_chr4_3504483,"{Vv,Vv}",0.9999288451851557,0.9999237626983811,Vv,Vv,chr04,3513326,False,5.336519252677972e-11,2.57789731504656e-10,1.7175906237901816e-10,1.1529375193603917e-10,1.857298979760831e-05,1.417020634933238e-10,2.583001670466647e-10,2.1319602014104756e-10,1.91000168807406e-05,5.531197495275367e-11,1.035972144134836e-10,1.9838154121139203e-05,3.552359835086557e-11,1.3642248206082646e-05,0.9999288451851557
rh_chr4_3597502,"{Vv,Vv}",0.9999760519568646,0.9999743413823549,Vv,Vv,chr04,3596700,False,5.5705232983793156e-12,2.414097722347801e-11,1.0671467599959145e-10,3.3938143412140325e-11,7.851996217539275e-06,1.2264768804776927e-11,2.420311573516238e-11,2.124429381315917e-11,2.22331111560597e-06,5.226329608935412e-12,1.2887575363990256e-11,1.0370138560146286e-05,4.148289632557801e-12,3.5023469034111497e-06,0.9999760519568646
rh_chr4_3661349,"{Vv,Vv}",0.9999974797439206,0.9999972997256292,Vv,Vv,chr04,3660675,False,6.72711215153211e-13,1.821518597768324e-12,5.854824922936073e-12,2.360447374410263e-12,7.787456303474285e-07,7.149915651533088e-13,2.028961469153981e-12,1.4159606921874307e-12,3.1232603615288697e-07,8.164638299394384e-13,1.6817540719933028e-12,9.990207098116328e-07,4.3393006658932214e-13,4.301459015125071e-07,0.9999974797439206
rh_chr4_3729570,"{Vv,Vv}",0.9999985574153155,0.9999984543735524,Vv,Vv,chr04,3728566,False,8.010896677991013e-13,1.3763293578201026e-12,2.5145417846041442e-12,1.6157382941827602e-12,3.42850454039943e-07,6.982694257480962e-13,1.5759280133219199e-12,1.2117684036324991e-12,3.198863916741735e-07,1.075074839323996e-12,1.668718629632565e-12,3.9790250743185787e-07,7.571878837946128e-13,3.8193203677255515e-07,0.9999985574153155
rh_chr4_3801978,"{Vv,Vv}",0.9999943645336952,0.9999939620003877,Vv,Vv,chr04,3799174,False,4.458217256447538e-12,6.574980836222639e-12,8.162393497962397e-12,7.790918678278522e-12,1.186069824311933e-06,4.130376304117866e-12,7.190857459580219e-12,7.000443072997272e-12,1.6081442741063331e-06,6.024807772660167e-12,8.49968076728848e-12,1.4044018358325275e-06,5.478095775784207e-12,1.4367850598574358e-06,0.9999943645336952
rh_chr4_3893714,"{Vv,Vv}",0.9999155680593403,0.999909537206436,Vv,Vv,chr04,3890986,False,1.6589528825087505e-10,2.430503257317677e-10,2.7546070996305957e-10,2.8292552371707187e-10,1.923809301327853e-05,1.5332228621976403e-10,2.6061918550534683e-10,2.5984069057035766e-10,2.044823548217835e-05,2.2710181286288758e-10,3.073089973926674e-10,2.3067827147881158e-05,2.0974526081388302e-10,2.167539974629974e-05,0.9999155680593403
rh_chr4_4246018,"{Vv,Vv}",0.9997885740797218,0.9997734722282733,Vv,Vv,chr04,4245950,False,3.9106457082435913e-10,1.670293024299752e-09,1.1053092376240148e-09,1.2040018956740284e-09,3.879828698979318e-05,1.7365757510835281e-09,1.7540333776825852e-09,1.4636798912660502e-09,7.162161618077936e-05,9.320877245775683e-10,1.310658360103397e-09,5.638779202634258e-05,6.161118929549678e-10,4.460604126564113e-05,0.9997885740797218
rh_chr4_4437478,"{Vv,Vv}",0.9998089123588574,0.9997952632416329,Vv,Vv,chr04,4438062,False,1.2007217357381417e-10,4.2039842008605895e-10,6.073872543906949e-10,3.5866384640171457e-10,3.212948243766273e-05,3.143056453758212e-10,8.767098822542597e-10,4.6196322909125317e-10,4.930606575308972e-05,4.647139052322844e-10,6.952510975880382e-10,7.022234166013628e-05,1.910791997069192e-10,3.942524074705147e-05,0.9998089123588574
rh_chr4_4596235,"{Vv,Vv}",0.999798954054042,0.9997845936293307,Vv,Vv,chr04,4596838,False,2.793131440397558e-10,8.841085353935181e-10,2.324793388154214e-09,9.321200250499207e-10,2.8573309141251544e-05,4.460448158128416e-10,2.9334826847311526e-09,1.1477110468056505e-09,3.889690402233878e-05,1.566491527047674e-09,2.594249303569156e-09,9.449309061146946e-05,4.747212340840502e-10,3.906905914735351e-05,0.999798954054042
rh_chr4_4759072,"{Vv,Vv}",0.9999448513330973,0.9999409121426043,Vv,Vv,chr04,4759188,False,1.2757551637611893e-10,3.7700183808977167e-10,7.97107049975889e-10,3.800281073162735e-10,8.529503053694008e-06,1.778012132842555e-10,9.367961168012684e-10,4.4985113029988474e-10,1.1980153635406603e-05,4.72068394098468e-10,8.579757596064963e-10,2.2222499265899533e-05,1.746824897226181e-10,1.2411760060111573e-05,0.9999448513330973
rh_chr4_4948818,"{Vv,Vv}",0.9999767519842732,0.9999750914117213,Vv,Vv,chr04,4948250,False,8.083805327972034e-11,1.599222974068777e-10,2.5779356497453985e-10,1.4397798659994571e-10,4.633433231400167e-06,8.732625589682608e-11,2.720461015337517e-10,1.5868419181155244e-10,5.908631707113398e-06,1.383121937784114e-10,2.3159945339214849e-10,6.519717206384427e-06,6.124050893251593e-11,6.184641841367687e-06,0.9999767519842732
rh_chr4_5125331,"{Vv,Vv}",0.9999789279923771,0.9999774228489755,Vv,Vv,chr04,5124758,False,1.18775162240047e-10,9.683733518005224e-11,1.512853902178135e-10,8.81721719308316e-11,5.949040520240292e-06,5.843419776038403e-11,9.371736742224807e-11,5.959021838427793e-11,8.515568443063783e-06,7.650438480261185e-11,8.192313719303156e-11,3.899879295933797e-06,2.894069156191787e-11,2.7066651837084434e-06,0.9999789279923771
rh_chr4_5338718,"{Vv,Vv}",0.9998670010905646,0.9998575011684621,Vv,Vv,chr04,5337702,True,1.7201293825592365e-09,7.320157343031715e-10,1.1260584932032251e-09,5.811564580284095e-10,6.799014012407989e-05,2.2530482842317713e-10,5.213723716700569e-10,3.3309415850175956e-10,1.789244347278653e-05,6.111052757496501e-10,4.09819537821054e-10,3.220347956495013e-05,1.9697527558666027e-10,1.4906389242085877e-05,0.9998670010905646
rh_chr4_5421554,"{Vv,Vv}",0.9998545670722616,0.9998441790059945,Vv,Vv,chr04,5420560,False,2.229950631035676e-09,8.282782537772154e-10,1.629234193809273e-09,6.698337152263043e-10,8.445677511349008e-05,2.1118863911734564e-10,6.395732175959468e-10,4.0385871106280263e-10,1.3717597521509113e-05,7.218211881449067e-10,5.125232941284537e-10,3.5432857654064456e-05,2.052644839756154e-10,1.1817645922962927e-05,0.9998545670722616
rh_chr4_5638153,"{Vv,Vv}",0.9998207453854027,0.99980794148436,Vv,Vv,chr04,5632529,False,3.450296682729287e-09,1.0737838672938603e-09,1.942181737831289e-09,1.1133792896886991e-09,0.00011735697162840494,2.871702824902063e-10,1.1786758804402404e-09,6.201572594755283e-10,1.1026898066951018e-05,1.0910872533981472e-09,1.078195958843368e-09,3.5875305295407916e-05,3.4269751663484205e-10,1.4983261980864821e-05,0.9998207453854027
rh_chr4_6044777,"{Vv,Vv}",0.9996144119170521,0.9995868699111273,Vv,Vv,chr04,6036690,False,5.839629520745558e-10,1.2535606991408954e-09,8.516103420019625e-10,7.108363129838017e-10,0.000138123534722845,2.910394772557384e-10,1.237542010738742e-09,6.036390931948103e-10,2.5611897939137565e-05,3.5084101943507803e-10,4.948388949938106e-10,0.00016432118262825062,2.518407847047068e-10,5.7524837946056204e-05,0.9996144119170521
rh_chr4_6188563,"{Vv,Vv}",0.9998164358432303,0.9998033241177468,Vv,Vv,chr04,6176424,True,3.989729153961302e-10,8.161460385275373e-10,1.084300974400399e-09,7.763523856706818e-10,6.324136479134073e-05,1.3352018804752323e-10,8.824066317485567e-10,4.2895993680825865e-10,1.5651561616272378e-05,3.875491458457697e-10,7.901805023484156e-10,7.430536638713277e-05,1.936275787832527e-10,3.0359971958546246e-05,0.9998164358432303
rh_chr4_6277410,"{Vv,Vv}",0.9999711496060977,0.9999690888636761,Vv,Vv,chr04,6265363,False,1.2037078973158444e-10,2.5309091709023494e-10,3.6423808850841706e-10,2.704644343499817e-10,9.163508632641253e-06,3.845919310181468e-11,2.77224918900646e-10,1.4470941700062848e-10,2.5874906629489454e-06,1.2358201614921705e-10,2.8409048080731036e-10,1.0667129451429603e-05,6.797554620639824e-11,6.43032094942536e-06,0.9999711496060977
rh_chr4_6583166,"{Vv,Vv}",0.9999885158526592,0.9999876955564206,Vv,Vv,chr04,6564964,False,6.243186030593852e-12,9.697223489440341e-12,1.1560712334299995e-11,1.2359982978486098e-11,1.2739417553225372e-06,4.424000988130419e-12,9.693664519089643e-12,9.781479461563334e-12,1.0367818499137885e-06,5.317638029219424e-12,1.2188318884065421e-11,1.216000449010591e-06,6.443412503355829e-12,7.957335576911792e-06,0.9999885158526592
rh_chr4_6678764,"{Vv,Vv}",0.9999957066533385,0.9999953999857198,Vv,Vv,chr04,6661097,False,3.585147304914006e-12,4.531948567528143e-12,3.8702022685654225e-12,7.409212271108618e-12,1.0714376691827935e-06,2.844361032722301e-12,3.9414901176339805e-12,7.831403176217384e-12,9.276466506187795e-07,1.6029312227462897e-12,5.971992032919835e-12,6.702946951992031e-07,3.6390370363773e-12,1.623922418714955e-06,0.9999957066533385
rh_chr4_6752086,"{Vv,Vv}",0.9999940821808962,0.9999936594795317,Vv,Vv,chr04,6734480,False,5.158787814728525e-12,4.9565452757368346e-12,2.7117379460865075e-12,4.1896624606423445e-12,2.4654009185420552e-06,4.5066709670051225e-12,4.669706038459791e-12,7.30167236518591e-12,2.001274933777569e-06,1.2826061057790482e-12,3.4561420122747417e-12,5.861702804753204e-07,2.1868594966802588e-12,8.649325505975023e-07,0.9999940821808962
rh_chr4_6834788,"{Vv,Vv}",0.9999855713135006,0.9999845406930364,Vv,Vv,chr04,6817124,False,6.1277058281892e-12,1.1624590318590365e-11,6.369591500623151e-12,7.076276603352141e-12,1.4707981198769978e-06,6.139605611315141e-12,8.141759159407777e-12,1.110677139294884e-11,1.088730306987549e-05,2.8102762680446246e-12,4.828407096267504e-12,8.923578109721972e-07,3.3412001392258114e-12,1.1781599324993934e-06,0.9999855713135006
rh_chr4_6949649,"{Vv,Vv}",0.999956717583692,0.9999536259825271,Vv,Vv,chr04,6931901,False,4.483075090954266e-11,1.606784763607122e-10,5.3629843627990836e-11,5.4078656284251016e-11,9.751704384091482e-06,9.868978223808684e-11,1.6528959407891654e-10,1.8238448075381204e-10,1.6131987272612857e-05,3.543851444454807e-11,5.0646750846055736e-11,8.361567340126583e-06,3.512822479554881e-11,9.036276516040767e-06,0.999956717583692
rh_chr4_7003711,"{Vv,Vv}",0.9999546425515761,0.9999514027338315,Vv,Vv,chr04,6986262,False,4.936086465350641e-11,2.35873764298397e-10,7.59822895190688e-11,7.416822761577701e-11,1.0775036192228091e-05,1.1406287895742256e-10,2.5265362815699066e-10,2.803075295782572e-10,1.5725470072378056e-05,3.890965318930391e-11,7.274926315267973e-11,8.997738221258895e-06,3.5923437933932035e-11,9.857973946579872e-06,0.9999546425515761
rh_chr4_7185718,"{Vv,Vv}",0.9999565520322299,0.9999534486059606,Vv,Vv,chr04,7167894,False,2.2919284571039586e-10,4.3838116435298244e-10,3.336660150847292e-10,3.3023446022193594e-10,1.820147008357661e-05,2.2334603211340615e-10,4.5723888561393837e-10,4.677744057692365e-10,9.39936955886481e-06,1.7897226351100395e-10,3.4370392087808815e-10,7.929218191085718e-06,1.6721485408914542e-10,7.914740211731738e-06,0.9999565520322299
rh_chr4_7614182,"{Vv,Vv}",0.999858627355928,0.9998485293099229,Vv,Vv,chr04,7606076,True,1.2236199691624135e-09,1.6025178934252952e-09,2.0949732566567737e-09,1.8378342727444017e-09,3.8428899519920496e-05,7.875083878897301e-10,1.5065888495685468e-09,1.4236404377736e-09,3.03556305957725e-05,1.40804697073745e-09,1.8704591514990216e-09,3.838106595043068e-05,1.0109853222185843e-09,3.4192281831350785e-05,0.999858627355928
rh_chr4_7771974,"{Vv,Vv}",0.9999482214822446,0.9999445230166907,Vv,Vv,chr04,7770954,False,8.703128817921737e-10,1.1204720281440128e-09,1.9306070504839446e-09,1.5331041902915725e-09,1.4472194087508465e-05,4.445714105505311e-10,1.071471566925506e-09,9.938399581796757e-10,6.600068529749125e-06,1.1901003723269669e-09,1.7620524610382985e-09,1.8239162247905618e-05,6.904486468423448e-10,1.2455485909664668e-05,0.9999482214822446
rh_chr4_7897242,"{Vv,Vv}",0.9998567014257853,0.9998464658133414,Vv,Vv,chr04,7915182,False,1.4668421115536763e-09,1.9115551544388125e-09,3.6122544227384514e-09,2.786627562328707e-09,3.939688558169019e-05,7.61094136683498e-10,1.8302818762466807e-09,1.7411380573428559e-09,1.664010734823984e-05,2.241858502011318e-09,3.411264642635161e-09,5.2291064636509874e-05,1.1961812250995269e-09,3.49495575505059e-05,0.9998567014257853
rh_chr4_8778482,"{Vv,Vv}",0.9998909703261616,0.999883182492316,Vv,Vv,chr04,8795110,False,2.3666150604129387e-09,9.870835329978573e-10,1.1279857829187289e-09,1.06081290042727e-09,6.275295908038977e-05,5.325317694783018e-10,9.88612023646829e-10,9.383284220332683e-10,1.4594490438026636e-05,6.226412059456085e-10,1.0736004491003648e-09,1.6191870812641503e-05,5.768635341285034e-10,1.548007843262311e-05,0.9998909703261616
rh_chr4_8965154,"{Vv,Vv}",0.9999807825803175,0.999979409907483,Vv,Vv,chr04,8981870,False,2.1925721952611838e-10,1.626946992222466e-10,1.8166418090249694e-10,1.7193548839986284e-10,6.97058268425369e-06,7.188762319215115e-11,1.2883476275504248e-10,1.3160442162172578e-10,4.097150819924013e-06,8.938607982639535e-11,1.516332382768819e-10,3.989458051567625e-06,7.873765819573008e-11,4.158840491351169e-06,0.9999807825803175
rh_chr4_9107108,"{Vv,Vv}",0.9999557095921218,0.999952545991559,Vv,Vv,chr04,9126169,False,7.291861199847401e-11,7.823570266548391e-11,8.494819766411703e-11,1.1739567693678392e-10,8.228271402991811e-06,3.146218713825274e-11,6.413718646235823e-11,1.1510801275207859e-10,1.2716374537436245e-05,3.805736336956539e-11,1.2860542198984133e-10,1.4165306976582785e-05,6.995817894218453e-11,9.179654134711382e-06,0.9999557095921218
rh_chr4_9358331,"{Vv,Vv}",0.9999657236978289,0.999963275390531,Vv,Vv,chr04,9369104,False,1.098148857783263e-10,8.273801067815811e-11,1.0078023534735655e-10,1.456096257100823e-10,5.055385799551867e-06,4.39890644721152e-11,7.905320535921464e-11,8.664934673026475e-11,4.4779477824231275e-06,5.492997814227118e-11,1.4927521786168668e-10,9.105277162855062e-06,1.5889544039769639e-10,1.5636679691234137e-05,0.9999657236978289
rh_chr4_9417403,"{Vv,Vv}",0.9999592607323408,0.9999563507846508,Vv,Vv,chr04,9428125,False,1.3804302462028202e-10,9.028531335841224e-11,1.371375539113081e-10,2.5058151805491485e-10,8.529464940208254e-06,4.3345913834827293e-11,9.660491857589015e-11,1.184358371707747e-10,6.297823999071091e-06,5.6864476368948606e-11,1.906941584407713e-10,9.394625017403345e-06,1.8347040602743598e-10,1.651604823945897e-05,0.9999592607323408
rh_chr4_9541495,"{Vv,Vv}",0.9999786686378732,0.9999771449691499,Vv,Vv,chr04,9552099,False,6.456663621641825e-11,4.2806800293139774e-11,4.890267717936026e-11,1.5151812426463846e-10,6.130696135382309e-06,2.7120663733910723e-11,4.5155857923032824e-11,6.33587727568463e-11,3.2482271047102237e-06,2.361045894526272e-11,7.218296664773308e-11,2.4311886008929932e-06,1.0789916200254168e-10,9.520603163672097e-06,0.9999786686378732
rh_chr4_9602051,"{Vv,Vv}",0.9999826296707444,0.9999813889329404,Vv,Vv,chr04,9612664,False,6.083099219534544e-11,5.827186579904853e-11,6.281158930884751e-11,1.6496850048926822e-10,4.0336551762914954e-06,3.1181629667737775e-11,4.769217107142743e-11,8.829159090026716e-11,4.697086754722455e-06,2.4439529994997834e-11,9.367764265484199e-11,2.2476631891472735e-06,1.1170095570231806e-10,6.391180268980006e-06,0.9999826296707444
rh_chr4_9681702,"{Vv,Vv}",0.9999665618081036,0.9999641733658253,Vv,Vv,chr04,9680924,True,8.969735946961375e-11,1.3774861081532138e-10,1.239474247451406e-10,2.531533043326387e-10,7.789953219235398e-06,6.87950111416027e-11,1.1513886444532057e-10,1.917442507615246e-10,8.256955852233602e-06,5.066485983563165e-11,1.746979457976734e-10,6.415066597077221e-06,1.6612300164692111e-10,1.0974844517182076e-05,0.9999665618081036
rh_chr4_9800666,"{Vv,Vv}",0.9999666561750812,0.9999642744733013,Vv,Vv,chr04,9800192,False,1.5536269319748815e-10,3.1311527062697847e-10,2.805142997064609e-10,4.705730008651648e-10,7.307673577542375e-06,1.415029443387305e-10,2.7565470852379447e-10,4.212981546769739e-10,7.432745770165906e-06,1.1108096955538262e-10,3.7863292789688077e-10,6.646830707983758e-06,2.9385775534880644e-10,1.1953733270449249e-05,0.9999666561750812
rh_chr4_10789218,"{Vv,Vv}",0.9993424067431221,0.9992954357962023,Vv,Vv,chr04,10808422,False,1.0224543542878898e-08,1.2807130227320178e-08,1.0276303218101408e-08,2.9765626329480606e-08,0.00011109669137143795,8.006473686917165e-09,8.338428533405139e-09,2.1674031907256086e-08,0.00010424109257577126,4.287853553358409e-09,1.681183561580704e-08,8.15586966398787e-05,2.3324262103909964e-08,0.0003605512598019865,0.9993424067431221
rh_chr4_11031511,"{Vv,Vv}",0.9994680810633071,0.9994300868535433,Vv,Vv,chr04,11048669,False,5.721724954522194e-09,8.940183583128435e-09,7.285768328715368e-09,2.695508965026114e-08,4.000644977087958e-05,5.079902799905493e-09,6.571958061119087e-09,1.9822222928849946e-08,4.919317745181907e-05,2.877891028454251e-09,1.7565868828320303e-08,3.380401326621554e-05,1.8050944648837047e-08,0.00040879642464911986,0.9994680810633071
rh_chr4_11238026,"{Vv,Vv}",0.998618995590052,0.9985203524179128,Vv,Vv,chr04,11255344,False,6.266972974018148e-09,1.2008608046741314e-08,1.0086208353220568e-08,2.6760568512010484e-08,7.109880195785539e-05,6.4741743437084576e-09,9.963803076594186e-09,1.8530074381313634e-08,9.099863462246314e-05,4.136457611938773e-09,1.8699541205678566e-08,6.63314084858628e-05,1.1592931357757772e-08,0.0011524510455419804,0.998618995590052
rh_chr4_11802988,"{Vv,Vv}",0.99903139344471,0.9989622072621893,Vv,Vv,chr04,11820022,False,2.423875604602362e-08,5.288571545348809e-08,4.7372815916340175e-08,1.9434382660177425e-07,9.164203456455372e-05,3.0264451476034396e-08,5.109349017702258e-08,2.1694645514512287e-07,0.00016130402171247492,2.2823806212171772e-08,1.897407670975639e-07,9.013348758551307e-05,1.2619161732613067e-07,0.0006245711097259236,0.99903139344471
rh_chr4_14162870,"{Vv,Vv}",0.996850283026102,0.9966253032422522,Vv,Vv,chr04,15205906,True,3.3503960887054104e-07,5.659902259623053e-07,5.640153707624761e-07,6.571043951942859e-07,0.0007314253440033543,3.3991076581968146e-07,5.717279662127117e-07,6.659077593808177e-07,0.0007407034652094066,3.4657479602714195e-07,6.744849801189964e-07,0.0007485853460873351,4.5804284772336544e-07,0.0009238240198818768,0.996850283026102
rh_chr4_14745243,"{Vv,Vv}",0.999704571130263,0.999683469068139,Vv,Vv,chr04,15793656,False,2.5152753884789182e-09,3.7545480224121926e-09,5.500594753529571e-09,5.955019075317591e-09,3.201190747500739e-05,2.512926241045172e-09,5.071566022920019e-09,5.970264791919176e-09,3.224752623429053e-05,4.655865611685063e-09,2.3785035831343093e-08,5.273125360069233e-05,2.06685118939334e-08,0.00017835779281940033,0.999704571130263
rh_chr4_14809627,"{Vv,Vv}",0.9997553925489978,0.999737920588212,Vv,Vv,chr04,15858076,False,1.449107154381667e-09,2.3556700010753112e-09,4.09935372748576e-09,4.382942685259045e-09,2.8149936355194706e-05,1.434933604343541e-09,3.615091277553109e-09,4.372714620984631e-09,2.8281053795797738e-05,3.387491109147621e-09,2.373312478680876e-08,4.6493726862498545e-05,1.6707811311216e-08,0.0001416171957484188,0.9997553925489978
rh_chr4_14964966,"{Vv,Vv}",0.9998094522458355,0.9997958416919667,Vv,Vv,chr04,16013408,False,1.9431127271122553e-09,3.7178338981115783e-09,7.102420232932969e-09,9.596075112981317e-09,2.5711355957174135e-05,1.907110465025433e-09,6.034970773468254e-09,9.499992033122591e-09,2.5648329041694413e-05,4.867580485211442e-09,5.4923276711234035e-08,4.29250542853489e-05,2.4355669820776647e-08,9.613906683801468e-05,0.9998094522458355
rh_chr4_16315879,"{Vv,Vv}",0.9974350259371791,0.9972518135041205,Vv,Vv,chr04,17419378,False,1.9445182993933083e-07,2.862636901990203e-07,8.403650669383669e-07,4.875257653993001e-07,0.0004760277719066721,1.8700628736087773e-07,5.423009672804836e-07,4.7304078130806353e-07,0.0004666983715828439,5.367675251663688e-07,6.711460313168612e-06,0.0009063589676721063,1.8684554007723437e-06,0.0007037613140316138,0.9974350259371791
rh_chr4_16491374,"{Vv,Vv}",0.997705184937226,0.9975412695755993,Vv,Vv,chr04,17594540,False,1.8968368232166823e-07,3.313566179314005e-07,8.603913790686722e-07,5.455717422101177e-07,0.00043974910107148687,1.8172702662132298e-07,5.996472149003615e-07,5.310161229809939e-07,0.00043009433382819816,5.004151066919711e-07,5.990855941384622e-06,0.000789147367543681,1.59044794522334e-06,0.0006245031475513234,0.997705184937226
rh_chr4_17799573,"{Vv,Vv}",0.9992167226802553,0.9991607743002735,Vv,Vv,chr04,18896514,True,2.7989514876984388e-08,4.4767160195474456e-08,7.12920477603154e-08,6.022807950595471e-08,0.00018905115281724443,2.0478854037194306e-08,5.8567127098355866e-08,5.504675422253907e-08,0.00016917150154116051,3.646550830624198e-08,2.1267053449240658e-07,0.00022222232611333808,6.628797046840524e-08,0.00020217854572193388,0.9992167226802553
rh_chr4_17980355,"{Vv,Vv}",0.9997784552925574,0.9997626306705972,Vv,Vv,chr04,19076907,False,1.3074190294306117e-08,1.752549963313699e-08,2.697593375061796e-08,2.2955650976127377e-08,6.53680983553826e-05,6.969672028367825e-09,2.0678012120744784e-08,1.9370898399906915e-08,4.39963134852316e-05,1.228645942292711e-08,6.792251005430622e-08,5.6565561220086034e-05,2.074734751646012e-08,5.538622820775629e-05,0.9997784552925574
rh_chr4_18311071,"{Vv,Vv}",0.9998730043257719,0.9998639332061842,Vv,Vv,chr04,19406086,False,6.134923795871195e-09,5.160713913729245e-09,7.48282616952396e-09,6.395850092122811e-09,6.309116299184225e-05,2.000773607862646e-09,6.058677556484332e-09,5.6820573520739834e-09,1.9791916744080795e-05,3.496756265469949e-09,1.6185660675118367e-08,2.2377802616206582e-05,4.9151390474372275e-09,2.1671278497571057e-05,0.9998730043257719
rh_chr4_18700982,"{Vv,Vv}",0.9999487352225533,0.9999450734527358,Vv,Vv,chr04,19786672,False,2.9937346225429688e-09,1.8799261892527183e-09,3.0336976429557767e-09,2.1939641626628826e-09,2.0030621797429002e-05,5.48082767728818e-10,1.4796614256552766e-09,1.2603086945618543e-09,9.466778448473275e-06,1.2461530864158578e-09,2.8630669095033953e-09,1.178301803397086e-05,9.609396693384772e-10,9.965899631575798e-06,0.9999487352225533
rh_chr4_19017335,"{Vv,Vv}",0.9999158520950704,0.9999098415304326,Vv,Vv,chr04,20099548,False,5.082639176743095e-09,2.220128969558974e-09,4.617305581817209e-09,2.6490101075961763e-09,3.435513220783378e-05,6.172265756541306e-10,1.6003407189770931e-09,1.1779721447957624e-09,1.2446322635692772e-05,2.116651461666343e-09,2.3081521953101022e-09,2.3405922914470792e-05,8.702587686868842e-10,1.391726748585081e-05,0.9999158520950704
rh_chr4_19487535,"{Vv,Vv}",0.9994925985866305,0.9994563556285327,Vv,Vv,chr04,20568064,False,4.001761308207911e-08,8.302501365498278e-09,3.068244212216853e-08,1.1906161828387725e-08,0.00024159317935405365,2.313104714730442e-09,5.7686137164693616e-09,3.879480946057332e-09,4.6545974452138435e-05,1.592651438075576e-08,8.516369866353097e-09,0.00015808688516124627,3.410086865277446e-09,6.104465151305995e-05,0.9994925985866305
rh_chr4_19762446,"{Vv,Vv}",0.999276300581836,0.9992246077662529,Vv,Vv,chr04,20840340,False,7.762206308584468e-08,1.7441900373671397e-08,6.743351174849263e-08,2.8028037942671636e-08,0.00035650208872343737,3.141554660314208e-09,1.1787046887352083e-08,7.022509302167883e-09,6.984357760086788e-05,2.5385463829677676e-08,1.931986869105516e-08,0.00020170763814913791,5.258791048134478e-09,9.538367294300697e-05,0.999276300581836
rh_chr4_19892780,"{Vv,Vv}",0.9993044211683295,0.9992547369660674,Vv,Vv,chr04,20970687,True,7.83387886711829e-08,2.1629098060536263e-08,6.420442867722947e-08,3.077518776410848e-08,0.00035763560257554434,3.335437090492363e-09,1.4131978220570627e-08,8.634779653687354e-09,7.213489242107624e-05,2.060109223913136e-08,2.0297807052940875e-08,0.0001733387907037082,5.1918173317080124e-09,9.220240555532281e-05,0.9993044211683295
rh_chr4_20004123,"{Vv,Vv}",0.9993637555230286,0.9993183094889592,Vv,Vv,chr04,21083111,False,7.810047754110725e-08,2.3467729470157597e-08,5.96052993548582e-08,3.13998387275684e-08,0.0003500314123470935,3.266953683363969e-09,1.507723046970988e-08,9.53000636787817e-09,6.520024042789531e-05,1.672536594040219e-08,2.0235520792386652e-08,0.0001401632525024311,4.851521180066849e-09,8.058731175043405e-05,0.9993637555230286
rh_chr4_20436338,"{Vv,Vv}",0.9995362908556913,0.999503168773955,Vv,Vv,chr04,21518434,False,7.334551438511936e-08,5.108861667232999e-09,9.303817769503714e-09,7.223312047855843e-09,0.00038479053627842746,8.404800892455416e-10,3.215047763645479e-09,2.3788783845326914e-09,2.0527291712047684e-05,2.4867540746885677e-09,4.039022330513596e-09,3.2716813232614926e-05,1.205473729170698e-09,2.5565355923357197e-05,0.9995362908556913
rh_chr4_20739437,"{Vv,Vv}",0.9997887871798995,0.9997737005498923,Vv,Vv,chr04,21819875,False,2.0367749162033634e-08,1.238409830096241e-09,1.9799759450421114e-09,2.3196176616287002e-09,0.0001860838616939186,1.5098380999113996e-10,4.994218970002449e-10,5.178795961434515e-10,5.75442208746516e-06,5.161188966159763e-10,9.62896902018548e-10,9.625350085687873e-06,4.08401796859335e-10,9.720224777980248e-06,0.9997887871798995
rh_chr4_20837957,"{Vv,Vv}",0.9998254869221181,0.9998130217022695,Vv,Vv,chr04,21908505,True,1.4297538981752426e-08,1.6967496473636472e-09,2.6182572344519484e-09,3.5226965398063476e-09,0.00013649626023158867,1.2852787526580724e-10,4.511223070679964e-10,5.288506716913717e-10,7.981185998939693e-06,4.5634227619681046e-10,9.856402191886966e-10,1.414780678423931e-05,4.129217698777301e-10,1.5862726219644928e-05,0.9998254869221181
rh_chr4_21238665,"{Vv,Vv}",0.9998611974097176,0.9998512829389831,Vv,Vv,chr04,21967816,False,1.1262669565667617e-08,1.7471420771825552e-09,2.7314493040169606e-09,3.9846269936572295e-09,0.00010065049549646833,1.1762867045937491e-10,4.455025771143335e-10,5.718750396207528e-10,6.634126396989196e-06,4.2859566280671843e-10,1.0642464155199905e-09,1.4346533576949242e-05,4.2021838790551845e-10,1.7148660857381143e-05,0.9998611974097176
rh_chr4_21130734,"{Vv,Vv}",0.9996866648333457,0.9996642837500133,Vv,Vv,chr04,22065954,False,8.651638117003386e-09,2.277355627468569e-09,3.6194664948032823e-09,5.775899754830844e-09,0.0001382507053940531,2.4891023744602827e-10,8.640863850184806e-10,1.2485005883607275e-09,3.198560531108029e-05,8.39450006908191e-10,2.225773196063254e-09,6.124546995559137e-05,9.80695060260228e-10,8.182665421811054e-05,0.9996866648333457
rh_chr4_21070680,"{Vv,Vv}",0.9995237568255987,0.9994897394559986,Vv,Vv,chr04,22117578,False,1.159331119951549e-08,6.456869221424309e-09,9.005057355681544e-09,1.6861981763166603e-08,0.00017669114830695854,1.061072140295933e-09,3.6785045429655418e-09,6.519561868838099e-09,5.4548282601055235e-05,2.637872960799881e-09,9.622773274200865e-09,0.00010274331201653169,4.42173745383289e-09,0.00014218857273505625,0.9995237568255987
rh_chr4_22039056,"{Vv,Vv}",0.9986130420960239,0.9985139736743113,Vv,Vv,chr04,23272992,True,5.22304800414042e-08,2.4162584698865728e-08,4.5053138824120194e-08,3.1775099178718857e-08,0.0005957770650602294,4.818447925732968e-09,2.5469518389648418e-08,6.6907451336704075e-09,9.639576079118769e-05,3.921726911344454e-08,2.9730207532519243e-08,0.0005892925103598443,5.199090042442522e-09,0.00010522822118391235,0.9986130420960239
rh_chr4_22127549,"{Vv,Vv}",0.998687511315053,0.998593762123271,Vv,Vv,chr04,23361175,False,3.8763529470415346e-08,1.501837507797408e-08,2.9747337786864183e-08,2.160965791778714e-08,0.0005923496921956378,2.544494771757327e-09,1.7083320481903107e-08,3.2811559522915958e-09,6.296788572282352e-05,2.534933108239848e-08,1.980769332727867e-08,0.000590962289633208,2.591251288326243e-09,6.603302124830689e-05,0.998687511315053
rh_chr4_22215506,"{Vv,Vv}",0.9987219676544501,0.9986306796297679,Vv,Vv,chr04,23442352,False,2.5684500726862627e-08,5.4425087612210475e-09,1.2742850799775353e-08,1.1405441563309228e-08,0.0006075508125910585,9.71562836629499e-10,8.13975031003575e-09,1.250758645679531e-09,2.2747009331436253e-05,1.166776813376882e-08,9.621399983314092e-09,0.0006109908394266414,1.1353172612509688e-09,3.665562234178207e-05,0.9987219676544501
rh_chr4_22272053,"{Vv,Vv}",0.998653035723901,0.9985568239898939,Vv,Vv,chr04,23498858,False,1.2500206675766923e-08,3.965457535781265e-09,4.2942672271791435e-09,8.594009330899185e-09,0.0006028934177506067,5.976472544873145e-10,1.3979481139658351e-09,7.871982058888652e-10,1.3933374035483601e-05,1.920772027728362e-09,2.381674983945665e-09,0.0007026047014097111,7.383741899187808e-10,2.749560534774577e-05,0.998653035723901
rh_chr4_22331368,"{Vv,Vv}",0.9984499421029368,0.998339223681718,Vv,Vv,chr04,23558412,False,1.2304717479842518e-08,6.772966134195068e-09,6.30682705551844e-09,1.2471986623718906e-08,0.0006546673017006929,4.844722900535523e-10,1.044186139165708e-09,6.912762102637642e-10,2.8777875725820763e-05,1.2331369207220082e-09,2.4615731608208835e-09,0.0008131923335350233,6.152060151691725e-10,5.3375999753685806e-05,0.9984499421029368
rh_chr4_22548287,"{Vv,Vv}",0.9986684488731895,0.9985733380784173,Vv,Vv,chr04,23774494,False,1.7247535015927168e-08,2.847174592096709e-08,5.8271531343531854e-08,4.7157539808280654e-08,0.0008309856465965143,6.033357065339214e-10,9.71721724641444e-09,1.1010305562399679e-09,5.91840901486235e-05,1.0230528638979552e-08,1.1999992902758387e-08,0.000354976652525388,9.912818652565797e-10,8.621894580101138e-05,0.9986684488731895
rh_chr4_22791294,"{Vv,Vv}",0.9984715394465921,0.9983623636927772,Vv,Vv,chr04,24023036,False,7.097428313772087e-08,3.6043362958456025e-08,8.919566260806728e-08,5.895607689649014e-08,0.0010633177911725516,1.870075978422373e-09,1.1009425468384923e-08,3.3630841578258954e-09,8.814012648152863e-05,1.5734358245869225e-08,1.6216855770575315e-08,0.000274216643666669,2.900459083735154e-09,0.00010247972844278844,0.9984715394465921
rh_chr4_23092663,"{Vv,Vv}",0.9980887739424931,0.9979522577955283,Vv,Vv,chr04,24319866,False,1.6379035037289986e-07,7.192971757034641e-08,1.7210732401019555e-07,1.2198078044508152e-07,0.001430708561531926,1.1398171912766453e-08,3.3852071145829074e-08,1.755574852731791e-08,0.00012708329859627534,5.492092877403754e-08,5.533931150305331e-08,0.0002253412435647929,1.5913090221090826e-08,0.00012737416631943577,0.9980887739424931
rh_chr4_23360446,"{Vv,Vv}",0.9979423791798302,0.9977954062641038,Vv,Vv,chr04,24583539,True,2.0436925819608623e-07,6.504495138048552e-08,1.9019468791434525e-07,1.4937116455703915e-07,0.0017133907733931368,1.826714483326419e-08,4.410155370276622e-08,2.6121808811846337e-08,0.00011144737036029138,8.828059523710011e-08,8.544552677963644e-08,0.00013264118453507523,2.6795911273747786e-08,9.924349927857279e-05,0.9979423791798302
rh_chr4_23421280,"{Vv,Vv}",0.9979344682122829,0.997786930227446,Vv,Vv,chr04,24643856,False,2.053286871135703e-07,5.702902216483114e-08,1.870113636094084e-07,1.5091145198270223e-07,0.0017722427718208176,1.9677123888642274e-08,4.6841184338409814e-08,2.8267451801472315e-08,0.00010124463889954043,9.633031182060358e-08,9.367369091003343e-08,0.00010494740130908809,2.928218938791096e-08,8.618262321050227e-05,0.9979344682122829
rh_chr4_23599054,"{Vv,Vv}",0.9969866157035757,0.9967713739681169,Vv,Vv,chr04,24820953,False,7.496409375561894e-07,1.818879304154818e-07,4.916998014311695e-07,4.408144627172848e-07,0.002179108764307004,5.801803876270678e-08,9.001848951723256e-08,6.584116800794988e-08,0.000274543543434829,1.932309160724549e-07,1.7939960248979123e-07,0.00026963568562771183,7.767720814532522e-08,0.0002875680744996635,0.9969866157035757
rh_chr4_23999526,"{Vv,Vv}",0.9932635607330419,0.9927823864996878,Vv,Vv,chr04,25213230,False,1.4298412386505213e-05,3.348499401028422e-06,8.244373908809474e-06,8.171360248984088e-06,0.0038726358446916544,2.0121324417196257e-06,2.101446201530296e-06,1.9609381650782116e-06,0.0009142851012242317,4.778277400794709e-06,4.3699093378292094e-06,0.0008639921689073186,2.7288555404330646e-06,0.0010335119471021976,0.9932635607330419
rh_chr4_24312358,"{Vv,Vv}",0.9839604582044776,0.9828147766476546,Vv,Vv,chr04,25522930,False,3.7902393159367595e-05,1.7358220473614187e-05,4.2594107714206355e-05,3.451631516569556e-05,0.005745849665461056,9.479375534368481e-06,9.367496751647836e-06,9.744317129280193e-06,0.0037711352995208123,2.2570843147582855e-05,2.1966120137733155e-05,0.0033716865728458455,1.3161216209439473e-05,0.002932209852271757,0.9839604582044776
rh_chr4_24558421,"{Vv,Vv}",0.9775050711636157,0.9758982905324455,Vv,Vv,chr04,25765412,False,5.4697084041459455e-05,4.0390099529650754e-05,6.782734551046528e-05,5.9096491322026003e-05,0.006819752268570949,2.07162190222535e-05,2.615504804262916e-05,2.5343694747821794e-05,0.006568378281891353,3.341008475356249e-05,4.0495573364478553e-05,0.004597608426151583,2.3388893502217005e-05,0.004117669325933776,0.9775050711636157
rh_chr5_38099,"{Vv,Vv}",0.9553014993429996,0.9521087492960709,Vv,Vv,chr05,53878,True,1.7920691506687948e-05,2.5531908349232366e-05,7.756840224550123e-05,2.191879554046741e-05,0.003958620241775771,2.4153921174511362e-05,8.542901744129306e-05,2.4836905348710274e-05,0.0055857604665070885,0.00013128252285778588,7.665964597155782e-05,0.03083551128572719,1.6376450441650752e-05,0.0038169304021129567,0.9553014993429996
rh_chr5_196931,"{Vv,Vv}",0.9626833154699542,0.9600178380035224,Vv,Vv,chr05,209122,False,3.967982558887253e-06,4.482185900729219e-06,7.53171068259647e-06,4.312141404873515e-06,0.0020702634518568294,3.840757014899625e-06,1.2334733113612954e-05,4.056474879764325e-06,0.0037324105205427047,1.2599002697529163e-05,6.887221685927968e-06,0.02952549752272169,2.9722891314725258e-06,0.0019255285358543025,0.9626833154699542
rh_chr5_288102,"{Vv,Vv}",0.9751278889057245,0.9733513095418478,Vv,Vv,chr05,300354,False,9.93418281442702e-07,1.1234137878206395e-06,1.9774483367359834e-06,1.1437857549171823e-06,0.0015144529900550188,7.381692173055673e-07,3.0320038082081094e-06,9.988058175957794e-07,0.002298615232326477,2.8191181435392615e-06,1.7913370275054865e-06,0.01980416727630199,6.458697375416981e-07,0.0012396122256794742,0.9751278889057245
rh_chr5_523818,"{Vv,Vv}",0.9927179624676887,0.9921978169296665,Vv,Vv,chr05,535512,False,1.7205729909923615e-07,7.735816073044487e-08,2.1757757683489363e-07,1.1521980526841013e-07,0.000695749435651567,3.945026454460036e-08,2.203650681677826e-07,5.094643946131032e-08,0.0002273358223839671,3.177796618273016e-07,1.6740079824897315e-07,0.0061440698182786075,5.686825915850823e-08,0.000213447432663828,0.9927179624676887
rh_chr5_601862,"{Vv,Vv}",0.994947703474344,0.9945868251510829,Vv,Vv,chr05,613454,False,1.3545090901529215e-07,5.101407147289864e-08,1.713154010818541e-07,8.6451325195449e-08,0.0006016581618045802,2.771347478832824e-08,1.8072407141464115e-07,3.524593766307758e-08,0.00015336142738760694,2.4953003953326036e-07,1.4419803836428572e-07,0.004111139366559261,4.0399991732317004e-08,0.00018501552664424765,0.994947703474344
rh_chr5_727574,"{Vv,Vv}",0.9962392703561752,0.9959706468101878,Vv,Vv,chr05,739608,False,9.419415791289128e-08,3.4019644459581464e-08,1.3214832523270471e-07,5.684964303795413e-08,0.00046640202322530865,1.5849704908484094e-08,1.2953459538407493e-07,2.2894913216895908e-08,0.00012312332478691136,1.682918720467871e-07,1.1711769841875692e-07,0.0030128654423649936,2.5291997357530177e-08,0.00015754266089556228,0.9962392703561752
rh_chr5_782424,"{Vv,Vv}",0.9968169091672147,0.9965895455363014,Vv,Vv,chr05,794328,False,7.211301977629377e-08,2.7560588611064797e-08,1.1142799727257823e-07,4.584130796372043e-08,0.0004003696852264032,1.1893966843184234e-08,1.083420847417238e-07,1.8624583049126017e-08,0.00010569356794994388,1.3569369464733535e-07,1.0210322525925986e-07,0.002535099945892561,1.9958712930741443e-08,0.00014127407453532988,0.9968169091672147
rh_chr5_914744,"{Vv,Vv}",0.9978561563477446,0.9977030246582977,Vv,Vv,chr05,926648,False,2.8692408026853635e-08,1.0886554680373175e-08,4.9674804551673826e-08,1.9289674801007385e-08,0.0002850910168096146,4.2756300551543056e-09,5.024493677931499e-08,8.113025413901681e-09,7.33665729584682e-05,6.47481654726606e-08,5.3816357200367683e-08,0.0016717009887569983,9.150775189605008e-09,0.00011338618139825356,0.9978561563477446
rh_chr5_992113,"{Vv,Vv}",0.9985227218474536,0.9984172019794146,Vv,Vv,chr05,1003958,False,1.2795881613198781e-08,4.10831785105209e-09,2.2032395361737423e-08,8.803068656763375e-09,0.00023565560074098805,1.183945200320104e-09,1.9292138811941546e-08,2.8486821821996733e-09,4.6436354059977714e-05,2.655027787059605e-08,2.2224837746860746e-08,0.0011079524958719736,3.743509985869357e-09,8.711011881825963e-05,0.9985227218474536
rh_chr5_1120092,"{Vv,Vv}",0.9992229537580869,0.9991674504550931,Vv,Vv,chr05,1131936,False,6.5928240312644055e-09,1.2920318651121434e-09,6.6974701096114405e-09,5.123042848366899e-09,0.0001926712563481139,2.4676474544129783e-10,5.270354774205325e-09,8.217849990867362e-10,1.6321863996514976e-05,8.385322565050659e-09,6.576612065078566e-09,0.0005061796499113986,1.8988742667360746e-09,6.183056657475866e-05,0.9992229537580869
rh_chr5_1191282,"{Vv,Vv}",0.9994627640480476,0.9994243900514795,Vv,Vv,chr05,1201814,False,1.6800388581179257e-09,4.2790052019127536e-10,1.8446841157234016e-09,1.7856458412279521e-09,0.00014763992729918842,9.365584905229463e-11,1.4903105478840854e-09,3.1652775521832426e-10,4.276860547961847e-06,2.4617614486405382e-09,2.2779211455357855e-09,0.000348694899608233,8.426724517809379e-10,3.661104337858489e-05,0.9994627640480476
rh_chr5_1251758,"{Vv,Vv}",0.9995728291195461,0.9995423169137995,Vv,Vv,chr05,1262233,True,1.625914405780581e-09,7.512402515158265e-10,2.6867597507055175e-09,2.248913903223172e-09,0.00011984090666752839,8.03137131247503e-11,1.9492391360065962e-09,3.7939313882717664e-10,7.065344609347384e-06,2.9229636742079125e-09,3.311659682427853e-09,0.0002663617439035181,8.887967224380542e-10,3.388604007903418e-05,0.9995728291195461
rh_chr5_1381073,"{Vv,Vv}",0.9998284409782815,0.9998161867624444,Vv,Vv,chr05,1386225,False,1.0498866379014716e-09,4.761582435626827e-10,1.1491146987968257e-09,2.081571735918578e-09,5.5369550209800075e-05,4.041625434081097e-11,6.678241074678923e-10,2.7423619073305543e-10,5.012514307091164e-06,2.6566758077943425e-09,2.8137270657231507e-09,9.056221615812599e-05,9.292101661862132e-10,2.0602602222568868e-05,0.9998284409782815
rh_chr5_1449735,"{Vv,Vv}",0.9999242303081656,0.9999188181873203,Vv,Vv,chr05,1454868,False,1.4008391377055242e-09,7.060411754297384e-10,1.3714818828141245e-09,2.737208339683182e-09,3.200573260449429e-05,6.384753562081842e-11,7.472208587903177e-10,3.7220384624729984e-10,2.326904345212631e-06,4.06057347133823e-09,3.5840848162091453e-09,2.836756818107232e-05,1.1633732691268575e-09,1.3053279829336335e-05,0.9999242303081656
rh_chr5_1508886,"{Vv,Vv}",0.9998509076493555,0.999840258195738,Vv,Vv,chr05,1511180,False,2.589399087388589e-09,1.4907976976559978e-09,2.259062547356995e-09,4.792382803918044e-09,5.960651406242933e-05,2.9639467405010026e-10,1.2800959084217956e-09,9.191037262324503e-10,1.2702743761785236e-05,7.106126326655264e-09,5.754696358072028e-09,3.557113143699591e-05,2.4578708482528115e-09,4.118301545334609e-05,0.9998509076493555
rh_chr5_1581158,"{Vv,Vv}",0.999713689815241,0.9996932390877582,Vv,Vv,chr05,1583426,False,5.590437430407201e-09,5.752375858038949e-09,4.962925871478082e-09,1.0631279375359965e-08,9.948200760292455e-05,1.5425940385048052e-09,2.9024777691193503e-09,4.543775418854608e-09,4.6860680347708016e-05,1.5641853189748038e-08,1.2641253503337871e-08,6.189450204436017e-05,6.0784211526012425e-09,7.800270737036876e-05,0.999713689815241
rh_chr5_1652473,"{Vv,Vv}",0.9996223443272987,0.9995953689221058,Vv,Vv,chr05,1654204,False,7.059762009724989e-09,8.864527518307233e-09,9.39843048997435e-09,1.4367143572401253e-08,0.00012262459825232932,2.3632737676150926e-09,5.8161781349412815e-09,7.3896157152519774e-09,6.697458608916688e-05,2.8979110026150355e-08,2.4909191046465616e-08,8.863513724951628e-05,8.237931952837737e-09,9.930396594616037e-05,0.9996223443272987
rh_chr5_2193315,"{Vv,Vv}",0.9995457608839136,0.9995133152327645,Vv,Vv,chr05,2408512,True,8.310471248288472e-09,8.76472896179085e-09,9.720445583188423e-09,1.0544493429896619e-08,0.00017038741736451917,3.0529439000200827e-09,5.984931516194535e-09,6.435380573402175e-09,8.053057663036852e-05,5.776190796416129e-09,8.375745879518224e-09,9.667630156151908e-05,4.836953342337247e-09,0.00010657301824482324,0.9995457608839136
rh_chr5_2346684,"{Vv,Vv}",0.9997043082569494,0.9996831874181601,Vv,Vv,chr05,2557712,False,3.387153780146134e-09,3.6221353428777857e-09,4.0639794324163215e-09,4.3981122927886685e-09,0.0001366763997393911,9.006357820198487e-10,2.1376578748503816e-09,2.339501975013156e-09,3.960363199853129e-05,1.7766404800052684e-09,3.0208828417439563e-09,5.4784831471572396e-05,1.6348517835672214e-09,6.459959828945755e-05,0.9997043082569494
rh_chr5_2429823,"{Vv,Vv}",0.9998172131084876,0.999804156901951,Vv,Vv,chr05,2640710,False,7.597200777582188e-10,1.0144458923007322e-09,1.1371293185856726e-09,1.216567994224082e-09,0.00011178479846183328,2.697752088061424e-10,6.345735431410684e-10,6.846301263942603e-10,1.0630350901786572e-05,4.775003787284607e-10,8.646393361564892e-10,2.5292525409895415e-05,4.25953914777512e-10,3.507173180303402e-05,0.9998172131084876
rh_chr5_2540724,"{Vv,Vv}",0.9998782197632473,0.9998695211749078,Vv,Vv,chr05,2752478,False,5.470113167796448e-10,8.883031485915596e-10,1.0022939915108113e-09,1.0650814831489312e-09,6.720276255682466e-05,1.3957943867214207e-10,4.286395484952219e-10,4.820720753027648e-10,1.0854853569050437e-05,2.547160818139816e-10,6.153515848913245e-10,1.9231421087305577e-05,2.526335379162922e-10,2.448552385735847e-05,0.9998782197632473
rh_chr5_2671340,"{Vv,Vv}",0.9999892064653784,0.9999884354986197,Vv,Vv,chr05,2882538,False,4.195897104200749e-11,5.6388779845213846e-11,7.379836412538674e-11,7.214890315557993e-11,5.58053714710946e-06,7.088944099509735e-12,2.7225892598594297e-11,2.8209597680973627e-11,9.828449840556808e-07,1.9524784525876494e-11,4.140885466876397e-11,2.1017188960836916e-06,1.6566037632316862e-11,2.128049275257388e-06,0.9999892064653784
rh_chr5_2816543,"{Vv,Vv}",0.9999883734265739,0.9999875429570434,Vv,Vv,chr05,3027559,False,9.230868864568052e-12,6.074995271645793e-12,1.3094953160762051e-11,1.0261452742045552e-11,4.348223388449389e-06,6.931372860151023e-13,4.811762260995691e-12,3.265288732408421e-12,5.038732494563527e-07,7.054764055051861e-12,8.01021654053778e-12,4.410229873295301e-06,4.141402729645611e-12,2.3641802761557336e-06,0.9999883734265739
rh_chr5_2898965,"{Vv,Vv}",0.9999477889569849,0.9999440595967696,Vv,Vv,chr05,3109994,False,1.2063442290238721e-11,6.396764004453435e-12,1.602672018076352e-11,1.339168007587111e-11,1.7585053549355768e-05,1.5620969828371395e-12,5.456047806783439e-12,5.172335810251712e-12,4.990229335126623e-07,9.010709386230107e-12,1.1446758100404208e-11,2.3293317866219832e-05,7.68041986234884e-12,1.0833560459013471e-05,0.9999477889569849
rh_chr5_2970834,"{Vv,Vv}",0.9999212894679603,0.9999156672871004,Vv,Vv,chr05,3181748,False,4.414406044624249e-11,2.5528611646211716e-11,9.665187237737257e-11,7.152416826628979e-11,2.9812388518044893e-05,7.419272504092779e-12,3.414678807640516e-11,2.5027366238617393e-11,1.1359026214564011e-06,5.4867705261111497e-11,8.833918831465626e-11,2.8510154154147072e-05,3.842890648367053e-11,1.9251600668118424e-05,0.9999212894679603
rh_chr5_3163016,"{Vv,Vv}",0.9997828851689989,0.9997673769667845,Vv,Vv,chr05,3374002,False,1.5102793112578012e-09,7.233859994022479e-10,2.4290662085682083e-09,2.2571974914786203e-09,6.777883001074152e-05,3.563799587954469e-10,6.996802703316059e-10,7.62439334553071e-10,2.0173002265933014e-05,1.3777008458168624e-09,2.1918062150985978e-09,6.399691064210703e-05,1.3955881720458737e-09,6.515238455847368e-05,0.9997828851689989
rh_chr5_3398262,"{Vv,Vv}",0.9997126235326487,0.9996920966421236,Vv,Vv,chr05,3609126,True,1.782114692572246e-09,2.007859140975763e-09,3.0575402700403055e-09,3.925049911689075e-09,7.4036361980825e-05,8.780524790920087e-10,1.882038967628992e-09,2.4273481266741785e-09,4.649735627032338e-05,1.5413103850067923e-09,3.742634743237806e-09,6.77203395780457e-05,2.7499739562598206e-09,9.909841559946538e-05,0.9997126235326487
rh_chr5_3455965,"{Vv,Vv}",0.9997169964847946,0.9996967819479943,Vv,Vv,chr05,3667284,True,1.6009451672939327e-09,2.0714637025492587e-09,2.917540564543098e-09,3.9766597518623026e-09,7.015337941247751e-05,8.529289336501065e-10,1.9271889840856186e-09,2.6317454826759585e-09,4.753691494710684e-05,1.3589630361324917e-09,3.775593643411004e-09,6.32050593373009e-05,2.7368711471473666e-09,0.00010208431160803627,0.9997169964847946
rh_chr5_3554745,"{Vv,Vv}",0.9997442506497175,0.9997259828389831,Vv,Vv,chr05,3766266,True,1.1307902085570137e-09,1.7357051912864012e-09,2.1921119433731165e-09,3.4162254066897046e-09,5.8594535446885854e-05,6.892511546448107e-10,1.5791733728906556e-09,2.4639809634741488e-09,4.4326144219885365e-05,9.135884935859565e-10,3.2058072220872308e-09,5.0564105863748444e-05,2.4248929896034246e-09,0.00010224481322509048,0.9997442506497175
rh_chr5_3677473,"{Vv,Vv}",0.9998119409135638,0.9997985081216756,Vv,Vv,chr05,3887906,False,4.113507620404149e-10,6.897669247705e-10,7.31006338441338e-10,1.7210167995555012e-09,3.5845571222523255e-05,3.0631515025021556e-10,5.634765344251736e-10,1.3617711003148023e-09,3.178337130291414e-05,2.8670659072881094e-10,1.549961024709911e-09,2.6475193029713615e-05,1.51046654923394e-09,9.394581904314956e-05,0.9998119409135638
rh_chr5_3817250,"{Vv,Vv}",0.9998267222115452,0.9998143452266556,Vv,Vv,chr05,4027250,False,4.0557154166190456e-10,4.0665047965174244e-10,6.038581019079256e-10,1.9310303719985216e-09,2.7879981337218913e-05,1.2219407924233562e-10,2.8738419946884385e-10,9.531393524680458e-10,2.0343158842248743e-05,2.17569995076793e-10,1.6887479170171177e-09,1.860385929165556e-05,1.7896550477120427e-09,0.00010644238318262038,0.9998267222115452
Muscat_CT,"{Vv,Vv}",0.9998405397507238,0.9998291497329184,Vv,Vv,chr05,4061806,False,2.7519853523851916e-10,2.511277321865422e-10,3.6870280240205846e-10,1.1555400175186552e-09,2.3485260956609657e-05,6.063001826663059e-11,1.5087962208839506e-10,4.672232421449402e-10,1.541323506785612e-05,1.0862674665049204e-10,9.184170545049645e-10,1.4235550477998256e-05,8.015034255836707e-10,0.00010632164492443941,0.9998405397507238
Muscat_CM,"{Vv,Vv}",0.9998406026625678,0.9998292171384655,Vv,Vv,chr05,4062044,False,2.74447586667235e-10,2.503663534591756e-10,3.67569878294152e-10,1.150738055618115e-09,2.3461763816861896e-05,6.029205329819778e-11,1.5025405834122583e-10,4.641379641474601e-10,1.538537340952108e-05,1.0805021863927944e-10,9.136931608481331e-10,1.4210920934181615e-05,7.94951323776961e-10,0.00010633474477102923,0.9998406026625678
rh_chr5_3885586,"{Vv,Vv}",0.9998651041012759,0.9998554686799385,Vv,Vv,chr05,4095598,False,2.473655877188397e-10,2.213261933316139e-10,3.032070056039108e-10,1.0249416405115666e-09,2.2386239160760368e-05,4.290926438842213e-11,1.1155223111390443e-10,3.889783516499784e-10,1.338953021873727e-05,6.9423363583528e-11,6.782996401465313e-10,1.2342702751548304e-05,5.915683309032504e-10,8.677374702144818e-05,0.9998651041012759
rh_chr5_3959240,"{Vv,Vv}",0.9998923429541112,0.9998846531651192,Vv,Vv,chr05,4167318,False,2.93252304601827e-10,3.271414380613018e-10,3.718645442845347e-10,1.2868480536358314e-09,2.2132049483743442e-05,8.507978327888128e-11,2.0292455295181098e-10,7.22382508495496e-10,1.2026190301730793e-05,9.380856559155811e-11,8.964771584377813e-10,1.0965441785524524e-05,7.191426742717268e-10,6.25283653961033e-05,0.9998923429541112
rh_chr5_4088551,"{Vv,Vv}",0.999912686533444,0.9999064498572614,Vv,Vv,chr05,4295827,False,3.6267758452302825e-10,4.2508609302726404e-10,4.191644154793499e-10,1.333623308718332e-09,2.677754003363537e-05,1.4426903973833015e-10,3.11959377489127e-10,9.410818898557405e-10,1.1070488673322565e-05,1.278936803366368e-10,9.769254949965037e-10,9.54958541825525e-06,7.450280890166041e-10,3.991006472180132e-05,0.999912686533444
rh_chr5_4356188,"{Vv,Vv}",0.9999247066172073,0.9999193285184365,Vv,Vv,chr05,4562660,False,2.787803111849766e-10,3.1129952401589604e-10,2.2399915178822876e-10,6.491627429219823e-10,2.5333662227338917e-05,1.3546958997522207e-10,1.8003880026599454e-10,4.153033788739037e-10,1.3348299927285893e-05,9.369040966036619e-11,3.120917042522009e-10,7.868865122848442e-06,3.582387837836707e-10,2.8739597440812138e-05,0.9999247066172073
rh_chr5_4453596,"{Vv,Vv}",0.9999249769496543,0.9999196181603439,Vv,Vv,chr05,4659536,True,2.1538867791330865e-10,3.356372982887805e-10,2.543070328619929e-10,5.432019596091842e-10,2.2683094414097023e-05,1.3610249600309223e-10,1.990912958941977e-10,4.028221717127317e-10,1.627452726680286e-05,8.269472831724133e-11,3.105468205540882e-10,1.1116148472139163e-05,2.609177900540521e-10,2.49465394822622e-05,0.9999249769496543
rh_chr5_4550669,"{Vv,Vv}",0.9999490596288041,0.9999454210308615,Vv,Vv,chr05,4756688,True,9.594409203797053e-11,2.0570409403512234e-10,1.5119053420051148e-10,2.711259148881149e-10,1.4084817168656077e-05,8.731461533560332e-11,1.323795735754966e-10,2.3327144308421696e-10,1.3247901088397832e-05,4.2287963109707514e-11,1.728324510970809e-10,8.396672963509505e-06,1.1046781355355665e-10,1.5209477456896154e-05,0.9999490596288041
rh_chr5_4631069,"{Vv,Vv}",0.9999870229595388,0.9999860960280773,Vv,Vv,chr05,4837096,False,1.513237504300929e-11,4.237388059366903e-11,2.1492591152235627e-11,3.589392188416778e-11,2.4702198716963494e-06,3.1430338902186484e-11,2.780005478696596e-11,4.515122036794755e-11,6.2285670450239996e-06,6.101409226782154e-12,2.2409096269713734e-11,1.6203167725836403e-06,1.4531091812658362e-11,2.6576744559053166e-06,0.9999870229595388
rh_chr5_4744451,"{Vv,Vv}",0.9999704431489322,0.9999683319452846,Vv,Vv,chr05,4950468,False,2.2036808903881957e-11,3.261954460506464e-11,2.4421418378291937e-11,3.3911815499527906e-11,2.812654279149945e-06,5.738654849900495e-11,2.139316569254752e-11,2.6821749191781553e-11,2.1774832895093405e-05,8.627494354977236e-12,2.013110345581047e-11,2.5357710612678237e-06,1.4556322172920752e-11,2.433330926267951e-06,0.9999704431489322
rh_chr5_4915706,"{Vv,Vv}",0.9999319989333912,0.9999271417143477,Vv,Vv,chr05,5120845,False,1.5797717005544526e-10,2.5469622873972247e-10,1.320072788422939e-10,1.5851920114114075e-10,1.9701227149744106e-05,7.74654851486675e-11,1.1180335643618766e-10,1.2658273985000695e-10,2.2108576245149947e-05,3.253165972897069e-11,6.604478702815848e-11,1.147522153490074e-05,4.992805133367865e-11,1.4714874123052374e-05,0.9999319989333912
rh_chr5_5211296,"{Vv,Vv}",0.9999452977230112,0.9999413904175121,Vv,Vv,chr05,5413014,False,2.553586512389936e-10,1.8615696002382627e-10,1.3051027864797332e-10,3.6020913549056775e-10,2.4439571178098086e-05,9.083932916420864e-11,1.2198035257856512e-10,1.3192723423766095e-10,7.921141703568441e-06,4.843352328422344e-11,9.87331079459091e-11,4.79842539772993e-06,1.6644754255246744e-10,1.7541548113283385e-05,0.9999452977230112
rh_chr5_5336805,"{Vv,Vv}",0.9999656448632169,0.9999631909248753,Vv,Vv,chr05,5537884,False,1.3794301895607222e-10,1.2116923840475449e-10,8.109819368093753e-11,1.6383754932947154e-10,1.7997825032389077e-05,3.926479026737939e-11,4.102758051959818e-11,6.438232326525828e-11,7.597536588621184e-06,2.2039300134402395e-11,6.251050547989403e-11,2.81815929780162e-06,6.379651234751692e-11,5.940818795236396e-06,0.9999656448632169
rh_chr5_5451693,"{Vv,Vv}",0.9999623708816049,0.9999596830874338,Vv,Vv,chr05,5652773,False,9.757056034686241e-11,6.495995840062408e-11,6.591342808041596e-11,1.1191446071412557e-10,2.0801003285161967e-05,1.0637891542088495e-11,1.8794496211324217e-11,3.820115197008332e-11,5.5472937461680575e-06,1.5726424444067502e-11,4.10626491661844e-11,4.9427351774980276e-06,3.350064565925433e-11,6.3375879045624615e-06,0.9999623708816049
rh_chr5_5541402,"{Vv,Vv}",0.9999673748526948,0.9999650444850302,Vv,Vv,chr05,5742360,False,1.0317297138770244e-10,5.68500872247938e-11,1.0455131008857609e-10,6.907651559445555e-11,2.333494792120784e-05,7.494547366362365e-12,2.0719560946620273e-11,2.090169894816764e-11,2.2299334704147286e-06,3.876263673610747e-11,3.959505591656758e-11,4.417971842680633e-06,1.698333271156113e-11,2.6418159631550717e-06,0.9999673748526948
rh_chr5_5623008,"{Vv,Vv}",0.9999319899722612,0.999927132113137,Vv,Vv,chr05,5822574,True,3.623322546998122e-10,1.5728903704945427e-10,4.791189371958906e-10,1.927677899230699e-10,3.3377580858977375e-05,3.133940830028845e-11,7.793354520699159e-11,6.276041477247875e-11,5.542307615339836e-06,2.645684130634759e-10,1.4264113678362122e-10,2.1565828883478816e-05,4.82347428752738e-11,7.522491395329184e-06,0.9999319899722612
rh_chr5_5692636,"{Vv,Vv}",0.9999168491398894,0.9999109097927387,Vv,Vv,chr05,5878971,False,5.276428519908833e-10,2.093190301580403e-10,8.08936424279368e-10,2.674768830379271e-10,3.801878090002993e-05,4.7083046790269766e-11,1.1788463410568342e-10,1.0432337907109567e-10,5.417645753086455e-06,4.884194618764329e-10,2.564955721984179e-10,3.120679367077375e-05,6.921803186277871e-11,8.504742987380005e-06,0.9999168491398894
rh_chr5_5764723,"{Vv,Vv}",0.9999041535404044,0.999897307364719,Vv,Vv,chr05,5951066,False,8.435792397654836e-10,3.0671720822473473e-10,1.250069482603347e-09,3.7175152145105215e-10,4.737525533473788e-05,7.96701171595875e-11,2.7628653255082973e-10,2.0309308768143035e-10,6.816450146826843e-06,5.314779437541199e-10,4.0269160356534156e-10,3.269843903774713e-05,1.1297766163826273e-10,8.951936761833715e-06,0.9999041535404044
rh_chr5_5832422,"{Vv,Vv}",0.9998779219732725,0.9998692021142206,Vv,Vv,chr05,6018722,True,1.0337708865032303e-09,8.070527802847318e-10,1.8513997828961815e-09,8.88091834105547e-10,5.129416872324347e-05,1.536242170042948e-10,6.55560562903086e-10,3.889141546611971e-10,1.5211689623679382e-05,6.774822362156121e-10,7.866488459860244e-10,3.828037888360773e-05,1.9660270448911224e-10,1.728435034893071e-05,0.9998779219732725
rh_chr5_5884957,"{Vv,Vv}",0.99986553966927,0.9998559353599322,Vv,Vv,chr05,6071326,True,1.1370553082965067e-09,1.210204783848159e-09,2.300716036372565e-09,1.3014401189705989e-09,5.234781378008749e-05,2.1918732641506128e-10,9.88778627262243e-10,6.118054427721054e-10,1.9728164581567692e-05,7.64789841048287e-10,1.1224854967328086e-09,4.062105048530325e-05,2.678561289693139e-10,2.1753377563863627e-05,0.99986553966927
rh_chr5_6247366,"{Vv,Vv}",0.999966980358191,0.9999646218123475,Vv,Vv,chr05,6428064,False,2.6351700469247315e-10,1.282660520958814e-10,2.0359592138799632e-10,1.6593625303598784e-10,1.3344388259667709e-05,3.4200029897394365e-11,9.179919771823696e-11,7.504664021465429e-11,3.855843867971424e-06,9.403564427742341e-11,1.2282272982069196e-10,1.022711285490209e-05,7.620623749162019e-11,5.591041400755247e-06,0.999966980358191
rh_chr5_6351187,"{Vv,Vv}",0.9999402718068341,0.9999360055073222,Vv,Vv,chr05,6531867,False,4.4189141219117294e-10,1.6392524201163171e-10,2.696846866815818e-10,2.354988725401957e-10,2.7591698115963943e-05,5.5540812045014135e-11,1.4960610493572376e-10,1.2568124611458262e-10,7.188924661696581e-06,1.4665289931350045e-10,2.1184089227815428e-10,1.256987827598255e-05,1.5593941554670914e-10,1.2375735850593697e-05,0.9999402718068341
rh_chr5_6472536,"{Vv,Vv}",0.9999300392501419,0.9999250420537235,Vv,Vv,chr05,6645975,False,4.6059264458284734e-10,1.9997827936954758e-10,3.3832781935164453e-10,3.2272170386804174e-10,3.127559312084038e-05,6.92086628987584e-11,1.7775673979783863e-10,1.6289537496389e-10,7.521335742984107e-06,1.9187902901362919e-10,2.800237551316424e-10,1.3235895486261587e-05,2.776223917021946e-10,1.792544450167812e-05,0.9999300392501419
rh_chr5_6577650,"{Vv,Vv}",0.9999058187829987,0.9998990915532129,Vv,Vv,chr05,6750532,False,4.4473908149806286e-10,2.654920755674633e-10,5.250481828668784e-10,4.410955859614495e-10,3.108763902943486e-05,9.582288020188461e-11,2.0982104306687933e-10,1.8552558680344358e-10,9.797838550607522e-06,2.5719196219401527e-10,3.501760118451723e-10,2.139504251201299e-05,4.989456629028619e-10,3.189742305115763e-05,0.9999058187829987
rh_chr5_6644701,"{Vv,Vv}",0.9998957459021626,0.9998882991808885,Vv,Vv,chr05,6817646,False,4.0226106004324204e-10,2.5768573256055803e-10,5.971420390370586e-10,5.290490985948022e-10,3.310883892434106e-05,1.0958046523353746e-10,2.1207190160139427e-10,2.314118687714345e-10,1.0852849556430728e-05,2.8768561345955605e-10,4.644764513250225e-10,2.8344875375537663e-05,4.273205397882312e-10,3.194401529634195e-05,0.9998957459021626
rh_chr5_6783807,"{Vv,Vv}",0.9998725372519809,0.9998634327699796,Vv,Vv,chr05,6956586,False,2.2722921220905978e-10,2.9159117857013855e-10,4.4019186253377945e-10,4.584704441081303e-10,3.2998990094627295e-05,1.426831412847543e-10,3.070822720283287e-10,3.2019742984192596e-10,2.5171829785940057e-05,2.4485827447471057e-10,4.5187555018784783e-10,3.6248979515297556e-05,2.9896674001269563e-10,3.303976547709844e-05,0.9998725372519809
rh_chr5_6864486,"{Vv,Vv}",0.9998462734577375,0.999835292990433,Vv,Vv,chr05,7031852,False,3.900328986209033e-10,7.514003923956529e-10,9.226333490070257e-10,8.893120931811731e-10,3.6285659977704014e-05,3.950242772449416e-10,8.992377490472495e-10,7.693665817067603e-10,3.65258434396001e-05,5.181165662115613e-10,9.27544528922593e-10,4.476804053994696e-05,4.4647545902737217e-10,3.61400891613827e-05,0.9998462734577375
rh_chr5_7075168,"{Vv,Vv}",0.9998526439793984,0.9998421185493555,Vv,Vv,chr05,7254090,False,3.883002658863784e-10,8.572494885038681e-10,9.226507356304841e-10,8.268771851487553e-10,2.4966235330445483e-05,8.661679396871453e-10,1.6633886424254215e-09,8.285916973681067e-10,4.911902602585848e-05,8.163699601867047e-10,8.963627925203444e-10,4.8993709231388174e-05,4.2161659915005774e-10,2.426856243859567e-05,0.9998526439793984
rh_chr5_7176925,"{Vv,Vv}",0.9998566134529614,0.9998463715567444,Vv,Vv,chr05,7355900,True,3.715898999776894e-10,1.020396853558796e-09,1.0589862774992465e-09,8.613043009757894e-10,2.6899226478193822e-05,7.595403791483901e-10,1.6627577572485968e-09,1.010533657525819e-09,4.494522398324425e-05,7.22584455557076e-10,1.050439848974682e-09,4.4361207839957245e-05,3.998023191520409e-10,2.7171970801513317e-05,0.9998566134529614
rh_chr5_7260172,"{Vv,Vv}",0.9998800194323647,0.9998714493918194,Vv,Vv,chr05,7440816,True,2.9686842583463345e-10,9.574737080419282e-10,9.801095869467257e-10,7.873374710363076e-10,2.3471532791576434e-05,5.704743299377803e-10,1.4334712158426391e-09,9.597102436704074e-10,3.645700587423804e-05,5.436520031827093e-10,9.825400089254672e-10,3.549035995030436e-05,3.2241541203278403e-10,2.4553834966709797e-05,0.9998800194323647
rh_chr5_7410044,"{Vv,Vv}",0.9999730648478099,0.9999711409083678,Vv,Vv,chr05,7599822,False,5.491940727752368e-11,1.5275941381003335e-10,1.5972816997321025e-10,1.2529601206857795e-10,4.712684889720636e-06,9.775246807909121e-11,2.1892009450012332e-10,1.5902168933449483e-10,8.296276982451152e-06,9.857385239507038e-11,1.6345862025576802e-10,6.612546252191965e-06,6.099805260308411e-11,7.312352637997789e-06,0.9999730648478099
rh_chr5_7530014,"{Vv,Vv}",0.9999527389929558,0.9999493632067383,Vv,Vv,chr05,7719104,False,3.2670470565148124e-11,8.932750138464492e-11,9.949619747107352e-11,8.364654896652449e-11,1.023435520745796e-05,5.144818215539105e-11,1.2888766141795032e-10,1.033481972081929e-10,1.3282670691439827e-05,5.959926931201141e-11,1.1290881118431793e-10,1.1759445094279057e-05,4.3071937062249955e-11,1.1983731646329818e-05,0.9999527389929558
rh_chr5_7605115,"{Vv,Vv}",0.9999368625117495,0.9999323526911602,Vv,Vv,chr05,7794096,False,9.305797301218334e-11,2.729409682677175e-10,2.690902944449604e-10,2.5825218765618663e-10,1.43338553056826e-05,1.257943965108805e-10,3.1392961317804817e-10,2.956341010816486e-10,1.7696911144041747e-05,1.1754572803115135e-10,2.9077777038675723e-10,1.5461481209780417e-05,1.0685396519554491e-10,1.5643096713881494e-05,0.9999368625117495
rh_chr5_7882802,"{Vv,Vv}",0.9999869450807266,0.9999860125864928,Vv,Vv,chr05,8071460,False,1.437109511535496e-11,2.7804925892177576e-11,2.3897215714825973e-11,2.3875936574058766e-11,2.127589589559423e-06,1.4306395662794735e-11,2.5424929154667985e-11,2.5314246213752604e-11,7.10370062484848e-06,1.088106524145069e-11,2.1780214356310826e-11,1.8902735729960879e-06,1.0842044728876558e-11,1.9331569879224556e-06,0.9999869450807266
rh_chr5_7984167,"{Vv,Vv}",0.9999868178097281,0.9999858762247087,Vv,Vv,chr05,8173610,False,2.532238168660088e-11,5.1264955825252173e-11,3.3956115887142894e-11,3.3778782369024006e-11,3.634238246655758e-06,2.4670572559608804e-11,4.116956667043506e-11,4.0805590482556884e-11,4.344078389618606e-06,1.466091718636392e-11,2.7226700867337366e-11,2.5349953544098887e-06,1.4336739759635904e-11,2.668571088963724e-06,0.9999868178097281
rh_chr5_8075869,"{Vv,Vv}",0.9999715635664668,0.999969532392643,Vv,Vv,chr05,8265272,False,5.56431556496548e-11,9.194731963849187e-11,7.279330727409493e-11,7.319984890402674e-11,1.004467976578628e-05,3.6386001150880195e-11,7.051883588854146e-11,7.043878827323684e-11,6.794777407684772e-06,2.723520397327837e-11,5.619069079436165e-11,5.8433769803014605e-06,2.68187090262383e-11,5.753018207609398e-06,0.9999715635664668
rh_chr5_8240400,"{Vv,Vv}",0.999980852737114,0.9999794850754793,Vv,Vv,chr05,8431086,False,3.662824184117054e-11,2.919753932411575e-11,2.665385294763588e-11,2.622702711420936e-11,1.37658265139195e-05,9.543536118572847e-12,1.7704275136971494e-11,1.6492485686104012e-11,1.8503149091796638e-06,8.727626037613956e-12,1.6050266618150224e-11,1.8652025622791337e-06,7.268576367009248e-12,1.6657244071472015e-06,0.999980852737114
rh_chr5_8392088,"{Vv,Vv}",0.9999624457829956,0.9999597633389239,Vv,Vv,chr05,8582401,False,7.616959698378147e-11,6.176185790418397e-11,5.469064843546295e-11,5.8167799897204147e-11,2.1749305786411594e-05,2.116791472199558e-11,2.964356938606669e-11,2.4450409647381107e-11,5.156690718759515e-06,1.7601762192171843e-11,2.95529327418766e-11,6.090315903456089e-06,1.0569608461368962e-11,4.5575208196519556e-06,0.9999624457829956
rh_chr5_8486084,"{Vv,Vv}",0.9999641406316673,0.9999615792482149,Vv,Vv,chr05,8678632,False,1.081670567519648e-10,5.1722900931537664e-11,5.344226631336852e-11,1.0521271278591377e-10,2.6760126400535985e-05,2.5482729283116627e-11,3.5553139995167e-11,3.3012980547851167e-11,2.1459194577327295e-06,1.9705251837979437e-11,6.701479495147623e-11,4.607691270177695e-06,1.5910072544354316e-11,2.345115980386992e-06,0.9999641406316673
rh_chr5_8545800,"{Vv,Vv}",0.9999436541435432,0.9999396294395106,Vv,Vv,chr05,8738383,False,1.3780067731072575e-10,1.0864883510309796e-10,1.0775308814781472e-10,2.987826658273673e-10,3.3907836685721505e-05,4.7987149052206344e-11,5.5724706951618716e-11,6.067822762524443e-11,4.592084194857817e-06,2.6036825423009222e-11,1.3911001921084548e-10,1.2373956363577407e-05,3.1228758741612305e-11,5.470965461564236e-06,0.9999436541435432
rh_chr5_8605942,"{Vv,Vv}",0.9999178667636698,0.9999120001039319,Vv,Vv,chr05,8796856,False,3.846128830212922e-10,5.95007470602488e-10,4.793482819540018e-10,6.803895722386736e-10,3.457804845024496e-05,1.4922982630167972e-10,2.7590788955435556e-10,2.0612143997885759e-10,1.8808016498342887e-05,1.1397596790805181e-10,3.143024942412911e-10,1.5573861312230568e-05,1.1651491492765995e-10,1.3169994658742183e-05,0.9999178667636698
rh_chr5_8669505,"{Vv,Vv}",0.9998996432377415,0.9998924748975802,Vv,Vv,chr05,8860464,False,6.22994520854049e-10,1.133387819663026e-09,8.714981076694904e-10,1.1168790185441594e-09,3.2852453310151104e-05,3.162782434397263e-10,5.816255048784886e-10,4.903309906834911e-10,3.183288892618518e-05,2.0779420752382328e-10,5.608004451504709e-10,1.6584270403946314e-05,2.4589830683216437e-10,1.908100213102928e-05,0.9998996432377415
rh_chr5_9107670,"{Vv,Vv}",0.999606818314697,0.999578733908604,Vv,Vv,chr05,9303880,False,2.1498101327825897e-09,2.507904900583673e-09,1.1648712552196845e-09,2.484881331441245e-09,6.051054961230922e-05,7.664449600196031e-10,6.799223685264453e-10,1.3470503755816005e-09,0.00019370634874008388,2.2888633603712516e-10,7.186974435939782e-10,3.717549239678812e-05,1.6852415455633024e-09,0.00010177556084309001,0.999606818314697
rh_chr5_9172170,"{Vv,Vv}",0.99955543036567,0.9995236753917892,Vv,Vv,chr05,9368247,False,2.411233495138149e-09,3.11240902870311e-09,1.5314832808333101e-09,3.448387887659715e-09,5.9962385116849495e-05,7.111339950828915e-10,9.17489204778083e-10,2.3324152585860816e-09,0.00022965812885659785,2.7934136080963983e-10,1.2376524574107576e-09,3.7524567456977676e-05,2.6904429718225315e-09,0.00011740588091066049,0.99955543036567
rh_chr5_9249185,"{Vv,Vv}",0.9994171113076781,0.9993754764010837,Vv,Vv,chr05,9445186,True,3.5694620868194556e-09,8.240301938986572e-09,2.8133397710779736e-09,6.353263770346328e-09,0.00010482139616424189,2.2455275081270233e-09,3.3094217451794078e-09,8.484443903632173e-09,0.00021484049622756888,6.028285443245324e-10,2.941981323052632e-09,5.43466732323556e-05,6.554078974603453e-09,0.00020883501204827765,0.9994171113076781
rh_chr5_9330484,"{Vv,Vv}",0.999287356845864,0.9992364537634257,Vv,Vv,chr05,9526718,True,5.10009232563652e-09,1.2203855139022856e-08,4.383948756409796e-09,1.0397191772324226e-08,0.00014813387830898977,3.112534658654392e-09,4.8673834959360075e-09,1.1990746338899136e-08,0.0001948840591933224,8.683650743644624e-10,4.735528687454056e-09,6.781157002535327e-05,1.1911759935749077e-08,0.0003017440752022111,0.999287356845864
rh_chr5_9418134,"{Vv,Vv}",0.99916760350004,0.9991081466071857,Vv,Vv,chr05,9614020,False,6.770954842635676e-09,1.4570254058490827e-08,5.869656285156177e-09,1.483095493184897e-08,0.0001896955911813944,3.322843284702628e-09,5.4346166698425655e-09,1.1749007551122818e-08,0.00016866136098528747,9.64783206493609e-10,5.84600623596999e-09,7.72552635033368e-05,1.843419186534022e-08,0.00039669649102107204,0.99916760350004
rh_chr5_9475202,"{Vv,Vv}",0.9991031632797625,0.9990391035140312,Vv,Vv,chr05,9671360,False,7.693042989739477e-09,1.5091992939332276e-08,6.58337686424597e-09,1.7239132518741776e-08,0.00021430215059982103,3.1678291224471336e-09,5.31312655974052e-09,9.094660556013454e-09,0.00014876635026211558,8.869313967614108e-10,5.732819033490503e-09,8.06782365674712e-05,1.9862273427761618e-08,0.00045299931762271653,0.9991031632797625
rh_chr5_9760548,"{Vv,Vv}",0.9993490981852028,0.9993026051984316,Vv,Vv,chr05,9959845,False,1.5341457486693278e-08,1.0344481217459211e-08,6.69818325265293e-09,2.097489434704467e-08,0.0003586061162589834,1.896899051650328e-09,3.101950710939878e-09,9.269740181590217e-09,6.0835873808451245e-05,7.441525156342034e-10,6.912218754662152e-09,3.721875730076554e-05,1.1439597174841647e-08,0.00019415434385424048,0.9993490981852028
rh_chr5_9961427,"{Vv,Vv}",0.9994827683355932,0.999445823216707,Vv,Vv,chr05,10163599,False,7.739063864670767e-09,4.360575042713444e-09,3.094127979898968e-09,1.1464706709536083e-08,0.00039789213595167494,7.56075384242145e-10,5.826994614520909e-10,4.568450375507731e-09,1.8104357371082445e-05,1.8835524980980775e-10,2.9723965200752015e-09,6.490876633168226e-06,6.6072374484071285e-09,9.470196076270468e-05,0.9994827683355932
rh_chr5_10046422,"{Vv,Vv}",0.9993467690962494,0.9993001097459815,Vv,Vv,chr05,10247907,False,1.3737048085332764e-08,7.727342053624677e-09,6.375537752825946e-09,1.726398113238541e-08,0.00045548900957777494,9.632794918622485e-10,6.454625362397751e-10,5.451478277903107e-09,3.6808184597706835e-05,2.66633110051785e-10,3.5423536983561032e-09,1.3384747215371824e-05,7.288543193339095e-09,0.0001474857007003521,0.9993467690962494
rh_chr5_10303059,"{Vv,Vv}",0.9984626791426036,0.9983528705099324,Vv,Vv,chr05,10507379,True,3.545928242770723e-08,1.9704855315800723e-08,1.6307928642483176e-08,3.9144157632720115e-08,0.0009710940315454755,1.3882597591973373e-09,1.6375336744193953e-09,1.132165714595345e-08,6.18189245218312e-05,9.112840364815493e-10,8.61666061213197e-09,4.996664270951344e-05,1.601735344478068e-08,0.0004542907496469291,0.9984626791426036
rh_chr5_10381269,"{Vv,Vv}",0.9982317967062279,0.9981054964709585,Vv,Vv,chr05,10585494,False,3.658299841807706e-08,2.033821902656349e-08,1.719677136358358e-08,4.341784342686282e-08,0.0011183981752701348,1.1788758591403138e-09,1.6426007128007864e-09,1.1945628354816214e-08,5.998399365724315e-05,8.303998093049599e-10,9.52141349705428e-09,5.1588919621463854e-05,1.639073927974138e-08,0.0005380731597336178,0.9982317967062279
rh_chr5_10489999,"{Vv,Vv}",0.9979377166045214,0.9977904106477015,Vv,Vv,chr05,10694044,False,3.277456130372686e-08,1.5512379109299575e-08,1.33485705410279e-08,4.2236120682002455e-08,0.001317213276828031,7.055145597903805e-10,1.1108893724381138e-09,9.846101135611882e-09,5.025524967994562e-05,5.333350461487977e-10,8.173003074100122e-09,4.6647870277157924e-05,1.448143539549804e-08,0.0006480282767831911,0.9979377166045214
rh_chr5_10597598,"{Vv,Vv}",0.9977768707351785,0.9976180757876912,Vv,Vv,chr05,10750018,False,2.954567462372216e-08,1.4002613809059126e-08,1.2281719247691719e-08,3.7250222075992994e-08,0.001433119607628645,7.0940543417305e-10,1.2536821477833295e-09,8.675752970012556e-09,4.8197575298430076e-05,5.731106620890083e-10,7.375717392251309e-09,4.68714836081343e-05,1.1371562584210524e-08,0.0006948175588252922,0.9977768707351785
rh_chr5_10680744,"{Vv,Vv}",0.9977398399744791,0.9975783999726562,Vv,Vv,chr05,10833233,False,8.620871816238965e-09,4.5719704525378745e-09,4.122137980973633e-09,9.93534961301944e-09,0.0014522669035652626,4.820065002200595e-10,9.020435912671137e-10,2.570517761591479e-09,3.335439669995681e-05,4.074810358719423e-10,2.3343014589836444e-09,3.6329490594279364e-05,2.3468858182807216e-09,0.0007381729410953369,0.9977398399744791
rh_chr5_10737322,"{Vv,Vv}",0.9977986106077691,0.9976413685083241,Vv,Vv,chr05,10889704,False,1.1014973961296522e-08,6.5891572830418826e-09,6.307071204990106e-09,1.3551915304811434e-08,0.0014113231339810048,4.248394201707518e-10,8.911683643035007e-10,3.8973292466517995e-09,4.287054396317841e-05,4.0214002282681887e-10,3.909970306945482e-09,4.6773637801550846e-05,3.297206766861913e-09,0.0007003717907133011,0.9977986106077691
rh_chr5_11411896,"{Vv,Vv}",0.9978939015759181,0.9977434659741979,Vv,Vv,chr05,11557571,False,1.5699862347638133e-07,5.4351554507061285e-08,5.308195312428801e-08,1.1395658009659102e-07,0.0013327917172261156,7.69577641538166e-09,1.1290360788929261e-08,3.2472751089038064e-08,0.00012205172130876062,1.2474824528093796e-08,4.317357478232321e-08,0.00014643710640065147,3.22076453171974e-08,0.0005043001755023075,0.9978939015759181
rh_chr5_11488698,"{Vv,Vv}",0.9979336692438523,0.9977860741898418,Vv,Vv,chr05,11633666,False,1.3557187340203377e-07,5.7090084773628414e-08,6.252023581545418e-08,1.1348573370322421e-07,0.0012678742632805202,7.445858028616412e-09,1.1999981212532808e-08,3.2329046371974267e-08,0.00013042185079855366,1.2215975317781019e-08,4.484032149742973e-08,0.0001691148511427707,3.008369101538619e-08,0.0004984122081247136,0.9979336692438523
rh_chr5_12027711,"{Vv,Vv}",0.9976058906780377,0.9974348828693261,Vv,Vv,chr05,12165425,True,4.4528431395884553e-07,3.520500368397077e-07,7.009815969175844e-07,7.26531448395689e-07,0.0011425595579422634,5.778723492942733e-08,1.2425499567718358e-07,1.9705689851584118e-07,0.00021353237353561385,1.727672800583757e-07,4.128051428072448e-07,0.00042333308533882007,2.1156293093889561e-07,0.0006112832232665842,0.9976058906780377
rh_chr5_12177632,"{Vv,Vv}",0.9976400127040157,0.997471442182874,Vv,Vv,chr05,12297388,False,4.96914617427225e-07,4.1542185021347203e-07,8.631304504098685e-07,8.70428782362803e-07,0.001083941475638183,6.76305449204732e-08,1.5965786386484684e-07,2.411513786320617e-07,0.0002043014573600365,2.1227086179783988e-07,5.292378782509841e-07,0.00045718262009121545,2.465043658608789e-07,0.0006104593943010541,0.9976400127040157
rh_chr5_12317731,"{Vv,Vv}",0.9972461621783222,0.9970494594767738,Vv,Vv,chr05,12437588,True,5.631952161722243e-07,4.962051754031711e-07,1.0708700917941904e-06,1.0521236381257417e-06,0.001165631090477046,8.32716216212374e-08,2.0823244450820304e-07,3.00420093209821e-07,0.00025097826977168883,2.736243119812456e-07,6.881513962986699e-07,0.0006087209598282864,2.953658559545219e-07,0.0007234760417556881,0.9972461621783222
rh_chr5_12436793,"{Vv,Vv}",0.9969484948185792,0.9967305301627634,Vv,Vv,chr05,12558596,False,6.175554297949303e-07,5.692585686573562e-07,1.2680506980703097e-06,1.2193712039370609e-06,0.001225788666825725,9.853019375119351e-08,2.568203590118562e-07,3.5810714616169863e-07,0.0002801866438105716,3.3588189388423193e-07,8.508807959997579e-07,0.000729101228498618,3.3983940323048694e-07,0.0008105143465933839,0.9969484948185792
rh_chr5_12609891,"{Vv,Vv}",0.9965886230566554,0.996344953274988,Vv,Vv,chr05,12732730,False,6.911443248742617e-07,6.738064603205602e-07,1.5710035960965785e-06,1.4682355105533216e-06,0.0012955931024452622,1.2336548214822044e-07,3.3033666074422574e-07,4.454216769822243e-07,0.000304238350718153,4.4105497431691424e-07,1.1163846416578933e-06,0.0008855122836080552,4.07193597264374e-07,0.0009187652596481874,0.9965886230566554
rh_chr5_12684206,"{Vv,Vv}",0.9963950848986927,0.996137590962885,Vv,Vv,chr05,12807030,True,7.344539464516454e-07,7.826912370700897e-07,1.7043358881806877e-06,1.6078520978853867e-06,0.0013396255807723411,1.3608820783048172e-07,4.232692122142959e-07,5.334849317409104e-07,0.0003613735465003977,4.6844949860576823e-07,1.2350426999977928e-06,0.0009251679569114705,4.417117339844199e-07,0.0009706806376692239,0.9963950848986927
rh_chr5_13959256,"{Vv,Vv}",0.9984198819777004,0.998307016404679,Vv,Vv,chr05,15254774,False,1.538260842460353e-07,3.376562622825951e-08,4.305183859369127e-08,1.8521255085251792e-07,0.0007425310753471894,1.255427925991915e-08,2.3016558917179744e-08,3.280802418822957e-08,0.00010076462879660513,1.7484509336919554e-08,4.160136799757915e-08,0.00012962677241871195,9.596549371687559e-08,0.0006065562594038274,0.9984198819777004
rh_chr5_14113858,"{Vv,Vv}",0.9988959955869228,0.9988171381288459,Vv,Vv,chr05,15412842,False,3.9206428567728066e-08,7.527074350976068e-09,9.588036991369373e-09,5.463951280414736e-08,0.0005080574306158561,2.8986849161533357e-09,5.157740776894268e-09,6.669266155588171e-09,5.4541947635507355e-05,4.2508809449030334e-09,8.543609082936738e-09,7.248726072764578e-05,3.359223063547542e-08,0.00046874570063298724,0.9988959955869228
rh_chr5_14184102,"{Vv,Vv}",0.9990517304385711,0.9989839968984691,Vv,Vv,chr05,15481733,False,1.0228310601688883e-08,2.4258897608599733e-09,3.1113200890956262e-09,1.75329931846101e-08,0.0004302633265701433,7.125365355284024e-10,1.5037491583174188e-09,2.3427934776769585e-09,5.072011643765357e-05,1.1018113302443486e-09,3.019349173156111e-09,6.767394402736214e-05,1.0200152717995044e-08,0.00039955999548778266,0.9990517304385711
rh_chr5_14244942,"{Vv,Vv}",0.9991039113111959,0.9990399049762814,Vv,Vv,chr05,15542474,False,7.097788731112125e-09,2.7846993244369004e-09,3.4257400619274095e-09,1.419034939105064e-08,0.0003989041317794829,5.16432587214282e-10,1.3325145888561384e-09,2.6578094160768286e-09,5.402579113884158e-05,8.095379504003922e-10,3.2901631855444844e-09,7.156665886099186e-05,7.05229327778044e-09,0.0003715489496962586,0.9991039113111959
rh_chr5_14938393,"{Vv,Vv}",0.9994937409106808,0.999457579547158,Vv,Vv,chr05,16249797,False,1.1068419581421585e-08,6.852361026465639e-09,1.4211600929542466e-08,2.521008482855719e-08,0.00019534481557034584,1.6870042156366817e-09,3.5273718320984977e-09,6.602515100269496e-09,3.776796614520694e-05,3.7729556315166004e-09,1.4138956112781323e-08,8.28303120561649e-05,1.1326342566587919e-08,0.00019021759793572493,0.9994937409106808
rh_chr5_15156341,"{Vv,Vv}",0.9998037713423853,0.9997897550096986,Vv,Vv,chr05,16467224,False,3.781128778189206e-09,3.02118564172734e-09,5.54199839234317e-09,9.044316236318802e-09,7.249607738886152e-05,5.350516778035704e-10,1.6351622242240978e-09,2.96770083331984e-09,1.6304936486380022e-05,1.5380708767326499e-09,5.915902141135537e-09,3.571275748057671e-05,4.243773573878277e-09,7.167666196843789e-05,0.9998037713423853
rh_chr5_15376196,"{Vv,Vv}",0.9999238463290578,0.9999184067811334,Vv,Vv,chr05,16678513,False,6.904087436095913e-10,3.468551337854642e-10,9.6202585543292e-10,1.505216974794392e-09,2.737092141831113e-05,4.9643285046017594e-11,1.9884898667568198e-10,3.7764113635221256e-10,3.1075274019027517e-06,4.673817415723283e-10,1.6599486917867562e-09,1.7298812653350133e-05,1.310158051428003e-09,2.8368841339968007e-05,0.9999238463290578
rh_chr5_15439188,"{Vv,Vv}",0.9998911499187623,0.9998833749129595,Vv,Vv,chr05,16737916,True,7.415382013341486e-10,4.004803049139625e-10,1.0227242773961907e-09,1.5647021186778024e-09,3.426381558106006e-05,5.316524657915192e-11,2.396817624447421e-10,4.2610009659247293e-10,7.55035949173814e-06,6.140602998061712e-10,2.0200008568863757e-09,2.7983104377021877e-05,1.4720801599276602e-09,3.90442472545554e-05,0.9998911499187623
rh_chr5_15494607,"{Vv,Vv}",0.9998687371073777,0.9998593611864761,Vv,Vv,chr05,16793251,False,7.757840424910746e-10,4.4718947418673073e-10,1.0683095015139598e-09,1.609430639386757e-09,3.867646573024794e-05,5.466444061401683e-11,2.802218454651657e-10,4.713849715234212e-10,9.65725402412547e-06,7.799396902414235e-10,2.4732792427940034e-09,3.593065210951178e-05,1.6503214655774159e-09,4.698891023314424e-05,0.9998687371073777
rh_chr5_15623556,"{Vv,Vv}",0.9998198639791605,0.999806997120529,Vv,Vv,chr05,16922134,False,1.1131455013583708e-09,8.174370708954596e-10,1.3666633587901021e-09,1.7740587872285383e-09,4.9296273166296e-05,1.422518887214994e-10,5.2208020248066e-10,6.773238522562392e-10,1.3291122279696307e-05,1.7233341271932838e-09,4.3055731893183994e-09,5.551480994351873e-05,2.3370175249303538e-09,6.201903656457593e-05,0.9998198639791605
rh_chr5_15849900,"{Vv,Vv}",0.9998418492140976,0.9998305527293903,Vv,Vv,chr05,17148849,False,1.2274473271120995e-09,6.494018615267645e-10,1.1972718222273525e-09,1.3598012140491004e-09,7.40669918490974e-05,1.4357058765625908e-10,6.535607114149453e-10,6.964861624264402e-10,9.046214915332168e-06,1.026089895994476e-09,2.1802003992925154e-09,3.623747319549869e-05,1.1805054493303535e-09,3.878979160699375e-05,0.9998418492140976
rh_chr5_16092596,"{Vv,Vv}",0.9997466818123457,0.9997285876560847,Vv,Vv,chr05,17391054,False,3.892806758511754e-10,5.127277497264152e-10,4.999641587175584e-10,5.286585862411638e-10,0.00010075044591901497,1.9581364230211988e-10,3.0616995313300734e-10,2.7893537107884026e-10,9.340642047384592e-06,2.9776995909893755e-10,5.601900850480085e-10,7.308468316872891e-05,2.6658729154004826e-10,7.013858042168612e-05,0.9997466818123457
rh_chr5_16184048,"{Vv,Vv}",0.999836475716868,0.99982479541093,Vv,Vv,chr05,17482782,False,6.302466156239848e-10,1.5125780667373116e-09,1.2780447225788665e-09,1.309631565991269e-09,6.762825787050657e-05,2.566358322331127e-10,7.857557403482199e-10,7.65344427882452e-10,1.2572700426943819e-05,7.857978691063682e-10,1.7659876968778735e-09,4.851473350623744e-05,6.694795043567941e-10,3.4798831826252615e-05,0.999836475716868
rh_chr5_16270621,"{Vv,Vv}",0.9998051069062198,0.9997911859709498,Vv,Vv,chr05,17569962,False,1.9737218701790366e-09,3.826030210723209e-09,3.888831024052953e-09,4.077027497040814e-09,5.671296478772079e-05,5.598146011100696e-10,1.941170094741661e-09,1.8482082705482372e-09,1.8920348436874844e-05,1.9074328622907156e-09,3.855792063374292e-09,6.922071764574184e-05,1.3483802052414882e-09,5.0013836501188315e-05,0.9998051069062198
rh_chr5_17484208,"{Vv,Vv}",0.9995091965813903,0.9994741391943467,Vv,Vv,chr05,18778873,False,1.1090895659302398e-09,1.3505869228150087e-09,1.3110027802872994e-09,2.0403966292259804e-09,9.885334766830099e-05,9.382315548332546e-10,1.2554320643031147e-09,2.0721573148687754e-09,6.992766130686267e-05,9.68219456852152e-10,2.03880654671405e-09,8.458160113932211e-05,2.3629940583496326e-09,0.00023742536157840354,0.9995091965813903
rh_chr5_17567199,"{Vv,Vv}",0.9995346858999431,0.9995014491785105,Vv,Vv,chr05,18849084,True,1.0130288743556607e-09,1.558039519123278e-09,1.4176780702719022e-09,2.1877901720826163e-09,8.986949903403964e-05,8.455307348720997e-10,1.3930531909480598e-09,2.2762407416593173e-09,5.912344000661557e-05,8.309449133942718e-10,2.1041581882946376e-09,7.344319362681483e-05,2.0056483394094295e-09,0.0002428623352767751,0.9995346858999431
rh_chr5_17629585,"{Vv,Vv}",0.9995676198367397,0.999536735539364,Vv,Vv,chr05,18910978,False,7.797394040911414e-10,1.4561123068093216e-09,1.1839569737885543e-09,1.576394480233566e-09,7.932619937418058e-05,6.975162483641052e-10,1.2678189551469328e-09,1.806327071685345e-09,4.696346222040147e-05,6.07414431648765e-10,1.453829998889995e-09,6.0996451353114914e-05,1.157230362663105e-09,0.00024508206397235767,0.9995676198367397
rh_chr5_17847538,"{Vv,Vv}",0.9992934262684693,0.9992429567162171,Vv,Vv,chr05,19127406,False,2.3149586273593834e-09,5.89899282049965e-09,3.6021664363202834e-09,6.464138693490592e-09,0.00016456869081560654,2.6915568463357735e-09,4.960111549583793e-09,9.64438083874003e-09,8.91320888190731e-05,1.628158831497835e-09,5.7635841889368474e-09,0.00011777105073512944,4.763486669140184e-09,0.00033505416962540367,0.9992934262684693
rh_chr5_18637567,"{Vv,Vv}",0.9982936701166472,0.9981717894106934,Vv,Vv,chr05,19952988,False,4.193750392396881e-09,6.697784362602335e-09,7.134924087804134e-09,9.767340556496049e-09,0.0005290621053918847,2.6079619552437977e-09,5.772624635963684e-09,8.315118593480915e-09,7.447119859448209e-05,3.2230780539779267e-09,8.757559088655084e-09,0.00028751301560310126,5.548487805597305e-09,0.0008152215451338181,0.9982936701166472
rh_chr5_18897041,"{Vv,Vv}",0.9997703216462631,0.9997539160495676,Vv,Vv,chr05,20211996,False,1.7121836994553174e-09,2.813032563783183e-09,3.5684934017260337e-09,5.588150554192687e-09,7.50396522910501e-05,4.734816099158788e-10,1.8618769362502695e-09,3.784340957337313e-09,1.2711752778467251e-05,9.503595497183368e-10,4.5086915019694196e-09,3.880202360688137e-05,2.1975555572734664e-09,0.00010309746689418962,0.9997703216462631
rh_chr5_19422363,"{Vv,Vv}",0.9999569190779335,0.9999538418692144,Vv,Vv,chr05,20741240,False,3.097213023914507e-10,3.3431315501056894e-10,4.109426349330092e-10,5.50265501563222e-10,2.528139934625792e-05,8.259021441254362e-11,1.9691913973665172e-10,2.9401123804469045e-10,4.192748283040291e-06,1.2671550927106524e-10,3.534660428648028e-10,5.688168970477952e-06,1.8711061349331622e-10,7.915759411309239e-06,0.9999569190779335
rh_chr5_19701010,"{Vv,Vv}",0.9999545006493703,0.9999512506957539,Vv,Vv,chr05,21019495,False,3.4072694066889494e-10,2.98497188660341e-10,3.540493858784899e-10,3.7228095869421296e-10,2.2912531837058578e-05,6.587359368227559e-11,1.4728557646871656e-10,1.490928234887064e-10,5.781911586845539e-06,1.1233877799646746e-10,1.9172604035539911e-10,9.280724529128487e-06,1.0303577759690336e-10,7.522047769592568e-06,0.9999545006493703
rh_chr5_19843347,"{Vv,Vv}",0.9999480877769832,0.9999443797610534,Vv,Vv,chr05,21161587,False,1.73928332726267e-10,1.697611652851879e-10,2.0606474731947133e-10,2.3157761041462784e-10,3.2445036008013417e-05,3.147306222216096e-11,9.079449734901934e-11,9.360370254881736e-11,3.4777993248436555e-06,5.339748374408799e-11,1.2713762828500794e-10,1.0880877496552711e-05,6.578202841152683e-11,5.107266667167471e-06,0.9999480877769832
rh_chr5_20164865,"{Vv,Vv}",0.9999519153879676,0.9999484807728224,Vv,Vv,chr05,21469978,False,3.082879807446424e-10,8.035035946691989e-11,8.530636551154395e-11,3.022887770046718e-10,2.3184530207542767e-05,2.4868066320886998e-11,3.8198321155288724e-11,1.397941804614774e-10,1.9473437910414535e-06,3.2477333833366184e-11,1.7505876106754314e-10,2.3515003272049467e-06,2.0890721402581673e-10,2.0599842169185253e-05,0.9999519153879676
rh_chr5_20239419,"{Vv,Vv}",0.9998942543824589,0.9998867011240632,Vv,Vv,chr05,21544781,False,3.6526128487741207e-10,2.129612866028602e-10,2.0173961281548312e-10,6.947753055575345e-10,2.009084510538744e-05,4.0810089016662344e-11,6.052703970992798e-11,2.2340946499811897e-10,4.879546559454437e-06,4.900473358792611e-11,2.572506497772809e-10,5.1520206803075725e-06,2.9362725429704183e-10,7.562080582912122e-05,0.9998942543824589
rh_chr5_20317279,"{Vv,Vv}",0.9997851811500936,0.9997698369465289,Vv,Vv,chr05,21622461,False,4.352323618531714e-10,3.5859430648871613e-10,3.2079770683290457e-10,7.278752778998902e-10,2.055319473777862e-05,7.423490912342594e-11,1.120563031182684e-10,2.731866304600664e-10,8.211852651628244e-06,8.477622949469083e-11,3.077104857022274e-10,8.412914396346193e-06,2.5909366955938833e-10,0.0001776379345627467,0.9997851811500936
rh_chr5_20429993,"{Vv,Vv}",0.9998632891083931,0.9998535240447068,Vv,Vv,chr05,21735080,False,6.956636938765667e-10,7.566627462680335e-10,6.328264640728319e-10,2.8268976699062325e-09,1.93414798257287e-05,1.90031762320554e-10,2.7002545913535094e-10,1.897878178572416e-09,9.361017108048262e-06,2.1329787820421195e-10,2.1146107540799276e-09,9.490862108714851e-06,1.5630763571945982e-09,9.850637159340449e-05,0.9998632891083931
rh_chr5_20648848,"{Vv,Vv}",0.9997597572886833,0.9997425970950178,Vv,Vv,chr05,21952242,False,2.7165058957744575e-09,3.2348625420238656e-09,2.415376039374402e-09,6.167300609371427e-09,6.52393454232802e-05,1.1984997911504308e-09,1.166479096267592e-09,4.160976474983098e-09,3.9409474886946425e-05,1.3849099431022748e-09,4.983215531588917e-09,3.965236281713678e-05,3.382522415970193e-09,9.591071754106683e-05,0.9997597572886833
rh_chr5_20859485,"{Vv,Vv}",0.9995514743930913,0.9995194368497408,Vv,Vv,chr05,22134084,False,9.228172645134005e-09,1.0944280950050648e-08,9.946608289215575e-09,1.4109643944673442e-08,0.000135750324790736,4.645759764539911e-09,4.932752956845792e-09,9.207141662434919e-09,6.874130160180531e-05,6.111814991276095e-09,1.329204684114102e-08,0.00011185719923581897,7.160251219581715e-09,0.0001320872028069444,0.9995514743930913
rh_chr5_21192283,"{Vv,Vv}",0.9991468467990703,0.9990859072847181,Vv,Vv,chr05,22450821,True,3.650360817210907e-08,5.298658114815602e-08,3.299101096676822e-08,3.841533366874971e-08,0.0002775050944261109,2.052035018808222e-08,2.5375635119930218e-08,3.046603202529477e-08,0.00020209296305753648,1.5173748859028826e-08,3.4171877955610296e-08,0.00017664441725505787,1.750698535965787e-08,0.00019660661502751757,0.9991468467990703
rh_chr5_21389712,"{Vv,Vv}",0.9990294236682236,0.9989600967873824,Vv,Vv,chr05,22639754,False,5.215363503226732e-08,8.95860189011245e-08,4.548409008866847e-08,5.1585026142991506e-08,0.0003314035044830816,2.94161803816989e-08,3.7716358839070235e-08,4.3218128308222264e-08,0.00025070728313357976,1.8064968603566588e-08,4.612682121371782e-08,0.00018407463630305555,2.075072991438788e-08,0.00020395680589930447,0.9990294236682236
rh_chr5_21582119,"{Vv,Vv}",0.9990047631963033,0.9989336748531821,Vv,Vv,chr05,22832028,False,6.655583435360027e-08,1.2883416008029332e-07,5.2381674417200256e-08,5.906558107266963e-08,0.0003628266719619031,3.681973984238252e-08,4.5866071511139e-08,5.167636269976969e-08,0.0002765392520312894,1.9132729305163733e-08,5.524566729647438e-08,0.00016773576677458414,2.1892695681842327e-08,0.00018759764241269014,0.9990047631963033
rh_chr5_22368206,"{Vv,Vv}",0.9998523883371707,0.9998418446469687,Vv,Vv,chr05,23622396,False,1.405043898141885e-09,2.7384722021487243e-09,1.84009909992326e-09,2.335847571899804e-09,3.766047231975916e-05,1.1710482669726661e-09,1.8019657102379634e-09,2.3127621206695912e-09,3.6987379143036773e-05,7.64776171406769e-10,1.7922218965146003e-09,2.565462763595704e-05,1.6804124132635548e-09,4.7291341081213876e-05,0.9998523883371707
rh_chr5_22424142,"{Vv,Vv}",0.9999063197874718,0.9998996283437198,Vv,Vv,chr05,23678264,False,7.014454696693951e-10,1.4395915030457072e-09,9.905964265255586e-10,1.1643755948817338e-09,2.0154590885261727e-05,5.806977999231034e-10,1.0185140805439765e-09,1.2507026208415059e-09,2.2594312838604245e-05,4.13755298319741e-10,8.739883206010841e-10,1.4300620747896114e-05,1.037799195007213e-09,3.662121659011337e-05,0.9999063197874718
rh_chr5_22549876,"{Vv,Vv}",0.9999532898520018,0.9999499534128591,Vv,Vv,chr05,23801650,False,1.0937368762931338e-10,2.3266886278576796e-10,1.3378945515949287e-10,1.4809098696852152e-10,1.068668898536393e-05,5.992648039480199e-11,2.5670094071658884e-10,1.64491376529654e-10,1.3750955527551899e-05,6.076396590083544e-11,1.1874546910409098e-10,1.1289268647518908e-05,1.111640993693437e-10,1.0981839122424964e-05,0.9999532898520018
rh_chr5_22623177,"{Vv,Vv}",0.9999364520512832,0.9999319129120892,Vv,Vv,chr05,23874915,False,2.462939741020912e-11,8.041226996411064e-11,3.14837448677436e-11,4.1216082310949834e-11,2.030302243695761e-05,2.125527232122718e-11,8.247592757951477e-11,5.999422997835663e-11,7.120281272301608e-06,1.0198170062977208e-11,3.037253920452531e-11,2.2752489929461212e-05,2.3222124307122132e-11,1.3371749818293238e-05,0.9999364520512832
rh_chr5_22732244,"{Vv,Vv}",0.9999712217285911,0.9999691661377762,Vv,Vv,chr05,23971772,False,1.9717199431401298e-11,2.4406267780683885e-11,3.795968872799857e-11,2.7356216816947028e-11,1.6165791809597776e-05,3.918002244993761e-12,2.6587035807808446e-11,1.3535231672590622e-11,8.293929712654121e-07,1.8420638710304195e-11,2.6795565736785752e-11,6.707786546667671e-06,8.062650596372344e-12,5.075093322795468e-06,0.9999712217285911
rh_chr5_22839984,"{Vv,Vv}",0.9999318243245378,0.9999269546334333,Vv,Vv,chr05,24079520,False,2.8345373470727625e-11,3.359397580508386e-11,5.187034766582891e-11,4.987506891784131e-11,3.808436827421862e-05,1.0614161563699668e-11,3.1176908205944845e-11,2.9231132352867746e-11,1.6520378793084027e-06,2.8318734670998113e-11,4.570282936909717e-11,2.1559319357076948e-05,2.3383563315304024e-11,6.879617839602166e-06,0.9999318243245378
rh_chr5_23028493,"{Vv,Vv}",0.999924390515826,0.999918989838385,Vv,Vv,chr05,24269475,False,2.588491576014977e-10,3.3302945320781026e-10,5.579790049586815e-10,4.5386322969533096e-10,2.5379452664427374e-05,8.31188450906024e-11,2.606910794610841e-10,1.830515722758561e-10,7.5008037346330085e-06,2.7595188195534724e-10,3.5980855860133785e-10,2.79371606521029e-05,1.7160175676526083e-10,1.4789129178297633e-05,0.999924390515826
rh_chr5_23266738,"{Vv,Vv}",0.9998348582477661,0.9998230624083208,Vv,Vv,chr05,24507689,False,1.61494281570643e-10,2.630290270348917e-10,4.68898861914075e-10,3.9222583510655136e-10,3.371891732104136e-05,9.705903730891616e-11,3.3425737667384963e-10,2.6621326260319855e-10,2.3917474989302317e-05,3.236301006976595e-10,4.5792505848184095e-10,5.8352010101836366e-05,2.3914098413079914e-10,4.915034594786651e-05,0.9998348582477661
rh_chr5_23626031,"{Vv,Vv}",0.9997649313841855,0.9997481407687703,Vv,Vv,chr05,24882266,False,1.4640026346700336e-10,2.583720963020067e-10,3.635090516403553e-10,3.521456587913835e-10,2.0806588592666275e-05,1.1733022948948702e-10,4.4983289328183395e-10,4.289522720487236e-10,1.716485920963303e-05,1.9365477275805007e-10,3.933260826851314e-10,0.00010114078634446297,2.072232326118312e-10,9.595347092118561e-05,0.9997649313841855
rh_chr5_23735988,"{Vv,Vv}",0.9999164819235912,0.9999105163467048,Vv,Vv,chr05,24991833,False,8.525846534154937e-11,1.5435856108185657e-10,3.526570247063391e-10,3.4681310140583674e-10,9.648753407791068e-06,5.344473001340699e-11,3.341054943308076e-10,3.225933320874884e-10,6.238474005028032e-06,1.7598126435508266e-10,4.783733412584956e-10,3.380414755588687e-05,1.8594955411755126e-10,3.382421190528478e-05,0.9999164819235912
rh_chr5_23821379,"{Vv,Vv}",0.9999760664175118,0.9999743568759055,Vv,Vv,chr05,25135503,False,2.725728046263537e-11,1.8629798829153407e-11,5.5919905965067436e-11,6.563548307193231e-11,5.956793366832493e-06,4.4526304018364666e-12,2.991727196243286e-11,2.6525352121563888e-11,1.2006592759956415e-06,2.394157626044737e-11,5.969320795773295e-11,7.106153905372837e-06,3.0297983109068856e-11,9.669633669491262e-06,0.9999760664175118
rh_chr5_23885642,"{Vv,Vv}",0.999986327586198,0.9999853509852121,Vv,Vv,chr05,25200105,False,2.1953147541619108e-11,5.441728012167658e-12,1.986961404641643e-11,2.7260760291620222e-11,6.203455866516473e-06,6.202514463720695e-13,5.463304373286932e-12,4.565060849833206e-12,4.77436466269568e-07,7.076193708742224e-12,1.4919200032416945e-11,3.737416159617177e-06,9.662568984478072e-12,3.2539884777200497e-06,0.999986327586198
rh_chr5_23941958,"{Vv,Vv}",0.9999616200507806,0.9999588786258363,Vv,Vv,chr05,25256482,False,8.515969797721677e-11,8.736043463497572e-12,3.254921482319736e-11,4.9660414068006156e-11,2.2857257766353718e-05,1.6061736089824943e-12,7.78080750376024e-12,6.87994497370053e-12,1.2910092026733596e-06,1.1044869978946035e-11,2.1770973103832763e-11,8.878000762538528e-06,1.8118581392576516e-11,5.353438181140004e-06,0.9999616200507806
rh_chr5_24028531,"{Vv,Vv}",0.9999024313300684,0.999895462139359,Vv,Vv,chr05,25342276,False,1.7492638968807044e-09,1.0381564767004822e-10,4.315424423261167e-10,6.133375290052512e-10,6.657146224937103e-05,3.238981008148969e-11,1.0255081634341978e-10,8.319284377196605e-11,7.608739034955817e-07,1.2610638620769454e-10,2.1973562127342066e-10,2.0858663306444024e-05,1.9552315188845156e-10,9.374013014104011e-06,0.9999024313300684
rh_chr5_24109446,"{Vv,Vv}",0.999788637050403,0.9997735396968603,Vv,Vv,chr05,25401816,False,4.267591933879935e-09,4.740568834689809e-10,2.0233719667820496e-09,2.8760298492195567e-09,0.00010621760658705832,1.226254783480864e-10,3.037040944361362e-10,2.583659737462748e-10,1.274997460564661e-06,3.6156451622361394e-10,6.391463816928964e-10,7.335571386377291e-05,6.343060032592938e-10,3.050267092250462e-05,0.999788637050403
rh_chr5_24329039,"{Vv,Vv}",0.9990167550117155,0.9989465232268381,Vv,Vv,chr05,25618777,False,2.0856384795443102e-07,2.7275639364235585e-08,1.2970486770455746e-07,1.593404660723297e-07,0.00035510046332793685,1.2718812697334825e-08,2.4629062493059568e-08,1.8404968716874015e-08,2.4480901275100835e-05,3.107306462194674e-08,4.143090339328227e-08,0.0002920185895380439,5.2504370068152056e-08,0.0003109393881403384,0.9990167550117155
rh_chr5_24405328,"{Vv,Vv}",0.9979950538883413,0.9978518434517942,Vv,Vv,chr05,25694348,True,4.0294713551538315e-07,8.721449298016305e-08,3.6867936451382825e-07,4.306544301446742e-07,0.0005201239035608609,2.9386809958080934e-08,5.889258446632126e-08,5.376189184319688e-08,7.511119556017189e-05,6.386839337683066e-08,1.0640461844735121e-07,0.0007574841493657983,1.2411979478072908e-07,0.0006505009336558447,0.9979950538883413
rh_chr5_24516717,"{Vv,Vv}",0.9965271120583558,0.9962790486339526,Vv,Vv,chr05,25805282,False,8.218107464415946e-07,2.3237903352955614e-07,9.49627652961197e-07,1.0724743918121226e-06,0.0007531173716363794,7.995249365547609e-08,1.6743844179458502e-07,1.5735430568475468e-07,0.00013964851032138297,1.5234380999119205e-07,2.889624272546823e-07,0.0014344388560436632,3.0877833891674476e-07,0.001141452082000657,0.9965271120583558
rh_chr5_24780052,"{Vv,Vv}",0.988496553858019,0.9876748791335919,Vv,Vv,chr05,26070665,True,2.4974196408587204e-06,1.9077107684112807e-06,7.4152159230767946e-06,4.259777503628255e-06,0.0012322317500107257,7.3975140455677e-07,1.191981958648963e-06,1.3446708203600447e-06,0.0006631901304209278,1.1591389987521077e-06,2.232033799387514e-06,0.006928816251073393,1.5563748796755038e-06,0.0026549039347785667,0.988496553858019
rh_chr5_24901597,"{Vv,Vv}",0.9849114107416427,0.9838336543660458,Vv,Vv,chr05,26192248,False,3.42533333384605e-06,3.147251240603907e-06,1.2265332344596002e-05,6.474485692076751e-06,0.0014186863383916237,1.1883299929583888e-06,2.133582216055243e-06,2.3237799957172345e-06,0.0008713060714028413,1.7473087695167762e-06,3.7733155379407206e-06,0.009438403112919241,2.289059576376655e-06,0.003321425956943825,0.9849114107416427
rh_chr5_25379843,"{Vv,Vv}",0.9809850480146777,0.9796268371585832,Vv,Vv,chr05,26630006,False,1.3714473091242826e-05,1.679328228735042e-05,5.761734805149866e-05,2.9151383530408796e-05,0.002464809671317941,9.179128013652192e-06,4.570753699499129e-05,2.2824402207516292e-05,0.002044313897296326,4.201243873397042e-05,5.649875367039909e-05,0.009899768316841154,1.946157160063025e-05,0.004293099781685269,0.9809850480146777
rh_chr6_102558,"{Vv,Vv}",0.993309755417414,0.9928318808043721,Vv,Vv,chr06,162046,False,1.8378377874101865e-06,1.2072338528017219e-05,2.420500262389661e-06,2.3312825500005824e-06,0.0014165194564568875,6.479725958686447e-06,1.1834055121817447e-05,3.1114694510044575e-06,0.003429711787011147,1.7621200414799539e-06,2.2967976667507617e-06,0.0013897248618570338,1.3944762354458367e-06,0.0004087478736580012,0.993309755417414
rh_chr6_224766,"{Vv,Vv}",0.9959503196760745,0.9956610567957941,Vv,Vv,chr06,284287,False,8.086152648650164e-07,4.615740031874123e-06,1.0711254195587895e-06,1.037315036437649e-06,0.0006079050908756283,4.1469530749547375e-06,4.3529528972092224e-06,1.1566082268134185e-06,0.0026769097740938037,7.62958161591825e-07,1.0149490143295273e-06,0.0005721663653547055,6.222339378054742e-07,0.00017310964253602006,0.9959503196760745
rh_chr6_281879,"{Vv,Vv}",0.9965044104307145,0.9962547254614798,Vv,Vv,chr06,341376,True,6.302684396152388e-07,3.797178197967203e-06,8.87255806855137e-07,8.56827886567444e-07,0.0005243697358979527,3.24172345461311e-06,3.572891046465283e-06,9.712165682947777e-07,0.0023076565754446467,5.892589894219078e-07,8.360466553026901e-07,0.0004916607771441552,4.822758062159137e-07,0.00015603753794753467,0.9965044104307145
rh_chr6_506716,"{Vv,Vv}",0.9987119489516136,0.9986199453053003,Vv,Vv,chr06,558810,True,1.0773220383263824e-07,6.335345815532285e-07,1.4441961651368332e-07,1.416579227775588e-07,0.0001805082478931587,5.627994666748729e-07,5.547048794209727e-07,1.7150983267440142e-07,0.0008813569552765814,8.501040068932281e-08,1.2816923912756526e-07,0.0001592711125481402,7.497697301265902e-08,6.431021755211448e-05,0.9987119489516136
rh_chr6_578856,"{Vv,Vv}",0.9994742385367993,0.9994366841465707,Vv,Vv,chr06,630914,False,5.0236135669584614e-08,2.5998576616667314e-07,6.175594250597733e-08,5.9481937533797006e-08,5.767922497877412e-05,2.1795756917919e-07,2.0539909391237108e-07,6.781300850990355e-08,0.0004022450125866725,3.34461716553865e-08,4.872852703006917e-08,4.0215334978981335e-05,2.8142800479720463e-08,2.4588943703702642e-05,0.9994742385367993
rh_chr6_670815,"{Vv,Vv}",0.9995838567003038,0.999554132178897,Vv,Vv,chr06,722980,True,3.734018063360756e-08,2.075308562600772e-07,4.961036750156613e-08,4.749628124768009e-08,5.775558775781013e-05,1.5719701654854823e-07,1.622627002221572e-07,5.709740404859325e-08,0.0002956747177527695,2.4238371269866498e-08,3.8457241634549365e-08,3.6627701213058816e-05,2.028451860431095e-08,2.5283778034553567e-05,0.9995838567003038
rh_chr6_816414,"{Vv,Vv}",0.9997940089298609,0.9997792952819938,Vv,Vv,chr06,863808,False,2.170521272685822e-08,1.3786394089369675e-07,3.3480128347350894e-08,3.179798812141421e-08,4.7026644616500295e-05,9.35016247449161e-08,1.0733071955304493e-07,4.121048136356155e-08,0.00012278236436901762,1.4507768273465067e-08,2.558161123075223e-08,2.0242662635797036e-05,1.2061928562335315e-08,1.5420357114005022e-05,0.9997940089298609
rh_chr6_2027729,"{Vv,Vv}",0.999980032469792,0.9999786062176342,Vv,Vv,chr06,2070574,False,9.685545019234585e-11,1.6263236250555055e-10,1.3673041451512838e-10,1.132034575822139e-10,8.558061341277513e-06,9.89183406200673e-11,1.3768288237290383e-10,1.0666826427383032e-10,4.022806817215488e-06,9.653413924794867e-11,1.0404256239368913e-10,4.092893537041036e-06,6.171999286066747e-11,3.2926535245847316e-06,0.999980032469792
rh_chr6_2092951,"{Vv,Vv}",0.9999880372484831,0.9999871827662319,Vv,Vv,chr06,2136056,False,6.747373424435251e-11,9.924711270420211e-11,1.1098965329536312e-10,8.413313386225107e-11,4.141754958288376e-06,5.068157335365326e-11,8.350589636234366e-11,6.42516540145827e-11,2.8113387558216213e-06,7.46840727886662e-11,7.816386380633838e-11,2.958940861414379e-06,3.98001991933128e-11,2.0499640104429787e-06,0.9999880372484831
rh_chr6_2312292,"{Vv,Vv}",0.9998805994444704,0.9998720708333612,Vv,Vv,chr06,2356444,False,5.149601244162144e-10,5.810441264185343e-10,1.0434289555507224e-09,7.327997931978095e-10,3.045297988903316e-05,3.470568470963934e-10,5.778418843120752e-10,5.384236295402121e-10,1.8075614278410225e-05,1.0007338739173115e-09,9.067201062024096e-10,4.353263760653993e-05,4.3874998620040615e-10,2.7332641996272145e-05,0.9998805994444704
rh_chr6_2674740,"{Vv,Vv}",0.999888884057057,0.9998809472039897,Vv,Vv,chr06,2722564,True,2.9223795536815835e-10,4.4701178807989775e-10,5.843829935677886e-10,5.021766608412947e-10,2.78252631545741e-05,2.3929349240044194e-10,4.994048134218629e-10,4.358362315116037e-10,2.4012785194146115e-05,3.688526796657867e-10,5.68098438613358e-10,3.1666795485901886e-05,2.8520497369294166e-10,2.760687660835824e-05,0.999888884057057
rh_chr6_2754921,"{Vv,Vv}",0.9999371396851205,0.9999326496626292,Vv,Vv,chr06,2804206,False,6.502435898803611e-11,1.1490004091862482e-10,1.4501500127699527e-10,1.2817799931523138e-10,1.5639214554511585e-05,5.3426489150998085e-11,1.2651926537037653e-10,1.1304492448898463e-10,1.3706123679238855e-05,7.963723285938814e-11,1.4237358735032976e-10,1.745270105793521e-05,6.450613985265767e-11,1.6061242962776587e-05,0.9999371396851205
rh_chr6_2818140,"{Vv,Vv}",0.9999587692943995,0.9999558242439995,Vv,Vv,chr06,2867498,False,7.995469979491869e-11,1.744103683117387e-10,2.0638804767881477e-10,1.892067277791377e-10,1.0156664574709526e-05,6.777097771268485e-11,1.8750676225938188e-10,1.7250471393408595e-10,9.013423681736667e-06,9.265061881808021e-11,2.040224021613601e-10,1.108677574669143e-05,7.951389884330216e-11,1.0972387668148149e-05,0.9999587692943995
rh_chr6_2871894,"{Vv,Vv}",0.9999484504447613,0.9999447683336729,Vv,Vv,chr06,2921318,False,1.0102495613451837e-10,2.4537978154992526e-10,2.8068935891887187e-10,2.663005765595211e-10,1.277750509010176e-05,8.806102320097351e-11,2.6013144789072434e-10,2.4735465137407977e-10,1.1720690838074353e-05,1.1280995731811813e-10,2.8239428252261253e-10,1.3464460961668352e-05,1.0368596575561619e-10,1.3584910516849411e-05,0.9999484504447613
rh_chr6_3096555,"{Vv,Vv}",0.9999841950865671,0.9999830661641791,Vv,Vv,chr06,3145630,False,3.3835782958021616e-11,7.94291218257619e-11,8.473886310900593e-11,8.447047063206766e-11,4.013194665470085e-06,3.184062950957961e-11,8.170208100693346e-11,8.051248902447663e-11,3.3075162432427277e-06,3.5181794189507114e-11,8.601597397549901e-11,3.690142646049073e-06,3.541003487029235e-11,4.793426740824954e-06,0.9999841950865671
rh_chr6_3261399,"{Vv,Vv}",0.9999975836225511,0.9999974110241618,Vv,Vv,chr06,3309166,False,3.1629399237526316e-12,6.7440114041628265e-12,7.011527786360276e-12,7.349311863106621e-12,6.120808204459941e-07,2.924479682428372e-12,6.674960356001394e-12,6.985887854068325e-12,5.720313215866512e-07,3.093811851005098e-12,7.257528734055414e-12,5.901828791919477e-07,3.3148709531284586e-12,6.420279082886778e-07,0.9999975836225511
rh_chr6_3423170,"{Vv,Vv}",0.9999968892027492,0.9999966670029455,Vv,Vv,chr06,3472580,False,2.5778310561897816e-12,4.518315890731076e-12,4.549621792711868e-12,4.59532910185684e-12,8.611395066601031e-07,2.4641370708863496e-12,4.435407140533419e-12,4.478891209779425e-12,7.446907261866586e-07,2.4960078488076122e-12,4.509968137768669e-12,7.49647987916823e-07,2.529968682892461e-12,7.552818745558668e-07,0.9999968892027492
rh_chr6_3629748,"{Vv,Vv}",0.9999982965334826,0.9999981748573028,Vv,Vv,chr06,3678231,False,7.954658589532656e-13,1.2443032076033718e-12,1.3831791283362239e-12,1.4654577531241063e-12,3.909058764183023e-07,7.298613655297525e-13,1.3431716407568829e-12,1.4109825203150907e-12,3.8037270540793507e-07,9.85932602614524e-13,1.5479690549248742e-12,4.500642467265192e-07,1.1165934312480346e-12,4.821116659492542e-07,0.9999982965334826
rh_chr6_3712077,"{Vv,Vv}",0.999997318982864,0.99999712748164,Vv,Vv,chr06,3760626,False,8.007430989503713e-13,9.578384524728819e-13,1.4206743446428824e-12,1.7722072454302185e-12,3.954555607656325e-07,4.993875510705618e-13,1.2732600103824101e-12,1.5175367884241913e-12,3.401132138012255e-07,1.2840913231702054e-12,1.9739468725584604e-12,8.547881644626158e-07,1.7357096808346155e-12,1.0906469615779666e-06,0.999997318982864
rh_chr6_3839773,"{Vv,Vv}",0.9999696837813783,0.999967518337191,Vv,Vv,chr06,3887376,False,2.088243688324696e-11,1.4005918065738109e-11,1.7899500381163346e-11,2.7480833120216896e-11,2.256597956108905e-06,7.227354240361593e-12,1.2184567741362285e-11,1.5774976047412187e-11,1.1940456502562202e-06,1.3295321498005644e-11,1.9359428717263542e-11,1.1151482746363409e-05,2.1611313020569396e-11,1.5713922547301478e-05,0.9999696837813783
rh_chr6_3959798,"{Vv,Vv}",0.9999272179601592,0.9999220192430277,Vv,Vv,chr06,4008044,True,2.2602193994338126e-10,1.3024601601983087e-10,2.1372229863307858e-10,3.9108382276276605e-10,2.1569629694795198e-05,6.090393443952932e-11,1.394019389004038e-10,1.890121135342721e-10,9.009444833112817e-06,1.3670038564556966e-10,2.63932107671761e-10,1.540351869246266e-05,2.3333129956376713e-10,2.6797462264680135e-05,0.9999272179601592
rh_chr6_4086610,"{Vv,Vv}",0.9999216110640068,0.999916011854293,Vv,Vv,chr06,4129213,False,4.2904056675148085e-10,2.1012111947261647e-10,2.476177203369367e-10,7.297847799910733e-10,3.1744027001493075e-05,8.523235312887886e-11,1.7038552765758874e-10,2.4995541188111594e-10,7.551001696253213e-06,1.935329059388463e-10,2.964803619576492e-10,1.039455810488664e-05,3.138148331936265e-10,2.8696423225011993e-05,0.9999216110640068
rh_chr6_4193190,"{Vv,Vv}",0.9999104057078297,0.9999040061155319,Vv,Vv,chr06,4236046,False,5.179599357605183e-10,4.570308158290902e-10,4.0605633419391043e-10,1.0089682226195838e-09,3.416275747084594e-05,1.2281060159434793e-10,1.9321123673223474e-10,4.394766218943143e-10,1.1889430002793928e-05,2.937561291654812e-10,4.4048410319920263e-10,1.3868327357913937e-05,3.7502528414350766e-10,2.9669522559518172e-05,0.9999104057078297
rh_chr6_4282333,"{Vv,Vv}",0.9999062892987224,0.9998995956772025,Vv,Vv,chr06,4324944,False,5.056162625507013e-10,6.160282846999103e-10,7.671080412512585e-10,1.1608535102289366e-09,3.107988981156306e-05,1.5015291797730535e-10,2.927115907249518e-10,5.7442380734629e-10,1.1296820686396789e-05,4.5220026750883667e-10,7.751086645228475e-10,2.414230096364382e-05,3.822467630867363e-10,2.7186013365961153e-05,0.9999062892987224
rh_chr6_4597959,"{Vv,Vv}",0.9999809975398117,0.9999796402212269,Vv,Vv,chr06,4635406,False,6.707782987813313e-11,3.8979574149612665e-11,4.897795278505927e-11,6.611536632257251e-11,1.040800971739168e-05,1.2500742112496181e-11,3.053245360398346e-11,3.7744096553210034e-11,2.077292519842821e-06,2.166353352686195e-11,4.9668316731981874e-11,2.805511296623431e-06,3.148216349337001e-11,3.711241912338773e-06,0.9999809975398117
rh_chr6_4664668,"{Vv,Vv}",0.9999946970384733,0.9999943182555071,Vv,Vv,chr06,4702018,False,2.3712966441391945e-11,1.3697224871105228e-11,1.7914475336728484e-11,2.7738407709739035e-11,2.407288346518189e-06,3.4655419815461593e-12,8.152585970477345e-12,1.1194548273386103e-11,5.320235139962226e-07,6.691236874114078e-12,1.7228912434592e-11,8.172065702249887e-07,1.641272586721933e-11,1.5462968872617194e-06,0.9999946970384733
rh_chr6_4773860,"{Vv,Vv}",0.9999694059182579,0.9999672206267048,Vv,Vv,chr06,4811848,False,5.331660082305796e-11,4.522034433646326e-11,5.569405079051297e-11,8.192406169141136e-11,8.059116300346358e-06,2.1063472960127524e-11,3.2923738443848263e-11,3.632436051825098e-11,3.426549131097908e-06,2.867100870012183e-11,6.064020038148017e-11,5.918661796233232e-06,8.924241123420286e-11,1.3189249494233487e-05,0.9999694059182579
rh_chr6_4904340,"{Vv,Vv}",0.9999337160694652,0.9999289815029985,Vv,Vv,chr06,4941990,True,1.7298552022819637e-10,1.9354628796797368e-10,2.2437920618722483e-10,2.9152440968347887e-10,2.021601739116109e-05,7.906406652078179e-11,1.5366577919002683e-10,1.9863503009091163e-10,1.2285155921309884e-05,1.0223493027276344e-10,2.335246318452643e-10,1.4647699666271223e-05,1.6176081397795978e-10,1.913324623537111e-05,0.9999337160694652
rh_chr6_4995975,"{Vv,Vv}",0.9999333211821086,0.9999285584094021,Vv,Vv,chr06,5025254,True,1.9345470219205162e-10,2.6484703699021077e-10,2.999331746002143e-10,3.599963405703767e-10,2.2395177779920795e-05,8.055526449053989e-11,2.0875443434162788e-10,2.511452746246612e-10,1.2331947078317422e-05,1.0496976924686132e-10,2.8552629769848296e-10,1.461781656376861e-05,1.4627695392336538e-10,1.7331681010079086e-05,0.9999333211821086
rh_chr6_5143105,"{Vv,Vv}",0.9999753951754653,0.9999736376879985,Vv,Vv,chr06,5172293,False,8.011280507385936e-11,6.686993598641901e-11,8.760504783900923e-11,9.344326979365453e-11,1.5575053927961695e-05,1.3777472214817273e-11,4.0991176331162785e-11,4.7177891787913945e-11,1.7009072056012431e-06,2.519623784391532e-11,5.990161960893789e-11,3.86313505309428e-06,3.2056857368813784e-11,3.4651812156845276e-06,0.9999753951754653
rh_chr6_5316318,"{Vv,Vv}",0.9999351411804184,0.9999305084075911,Vv,Vv,chr06,5345943,False,1.2971294208877425e-10,1.2307731689411e-10,1.5527034508473797e-10,1.5355335107969625e-10,3.82620278810449e-05,2.7056902000229213e-11,6.213357934687245e-11,6.359512013192028e-11,3.5154038439428666e-06,4.9092250641394866e-11,8.497847404752395e-11,1.1238078098325163e-05,5.0803860115504903e-11,1.1842410484186433e-05,0.9999351411804184
rh_chr6_5491770,"{Vv,Vv}",0.9999233448789708,0.9999178695131831,Vv,Vv,chr06,5522306,True,3.0064877304370184e-10,4.438844496273326e-10,5.525262559873224e-10,5.340258122494662e-10,3.06152319929092e-05,9.666917911729807e-11,2.3776382920334976e-10,2.4173290301045425e-10,1.249209204872738e-05,1.4540010556195597e-10,3.1337017677586447e-10,1.6665379644737926e-05,1.4498811965432836e-10,1.687940633319593e-05,0.9999233448789708
rh_chr6_5661220,"{Vv,Vv}",0.9999867347345589,0.9999857872155988,Vv,Vv,chr06,5692815,False,8.289748153479609e-11,7.035698146547592e-11,1.838244561626564e-10,1.3148509815957762e-10,4.636406315208727e-06,1.8269589259125562e-11,4.402538817576933e-11,4.35395339853386e-11,2.40828414014674e-06,4.0135498901450797e-11,8.052609279400726e-11,3.190354750515162e-06,3.356075578597013e-11,3.02949161434579e-06,0.9999867347345589
rh_chr6_5752203,"{Vv,Vv}",0.9999803460554968,0.999978942202318,Vv,Vv,chr06,5783889,False,9.54500564784926e-11,5.3100910933955566e-11,2.497970368942876e-10,1.5379151439364846e-10,6.045012014694133e-06,1.468232437414674e-11,3.778780924169236e-11,3.626111449596318e-11,4.239656609371149e-06,5.27806261189673e-11,1.0171744650404982e-10,4.795691096011675e-06,3.82735720366202e-11,4.5727511407266245e-06,0.9999803460554968
rh_chr6_5843756,"{Vv,Vv}",0.9999950406440516,0.9999946864043411,Vv,Vv,chr06,5871002,False,2.1594776579198632e-11,1.2227668337932823e-11,1.3563291503089482e-10,3.799012811800323e-11,2.0112207919407775e-06,2.909005531229756e-12,7.64367519916169e-12,6.197429171429933e-12,1.1078695483126023e-06,8.755109505573097e-12,1.3844768839758188e-11,1.0175151212459236e-06,5.009493926480645e-12,8.224986818481024e-07,0.9999950406440516
rh_chr6_5958577,"{Vv,Vv}",0.9999754386933234,0.999973684314275,Vv,Vv,chr06,5984306,False,2.7219042445054037e-11,2.841014031671164e-11,4.6552154404965087e-10,9.380521591446371e-11,1.2905438355777911e-05,9.517839197517552e-12,2.1243782164166673e-11,1.3465632987820676e-11,3.4362132105231556e-06,1.6686913193437926e-11,2.1591829258925777e-11,4.968452814536162e-06,8.111628541630531e-12,3.25049672218401e-06,0.9999754386933234
rh_chr6_6016850,"{Vv,Vv}",0.9999871082256581,0.9999861873846336,Vv,Vv,chr06,6042563,False,1.2171246726281784e-11,1.863151956951316e-11,1.314030296303592e-10,3.210209259388903e-11,9.07921501230963e-06,7.354757626287503e-12,1.1620998781494271e-11,8.186456340483808e-12,1.5787476497543194e-06,6.594221402908596e-12,9.708024686897302e-12,1.220084543738494e-06,3.6261264501493594e-12,1.0134857376458314e-06,0.9999871082256581
rh_chr6_6136000,"{Vv,Vv}",0.9999753547764859,0.9999735944033777,Vv,Vv,chr06,6161842,False,4.148873604008733e-11,7.511996833399908e-11,1.0378950663398116e-10,6.543218255544315e-11,7.134736587949499e-06,5.6520043359747215e-11,3.723525883565513e-11,3.4008975149733504e-11,1.0911023363599039e-05,2.077101879823654e-11,3.184415039853994e-11,3.44594156489405e-06,1.91532336587319e-11,3.1530366346237384e-06,0.9999753547764859
rh_chr6_6373188,"{Vv,Vv}",0.9999387480090345,0.9999343728668226,Vv,Vv,chr06,6397486,False,5.831289701434563e-11,1.0949752716326087e-10,9.913329328402251e-11,1.014416332184387e-10,1.5461950575681116e-05,7.028967671527818e-11,1.0358428527466266e-10,1.1010627971236209e-10,1.7288892246921683e-05,5.791256605562565e-11,9.28784134560076e-11,1.4348858866742732e-05,6.373499648620877e-11,1.4151422384586189e-05,0.9999387480090345
rh_chr6_6587450,"{Vv,Vv}",0.9999556013056249,0.9999524299703124,Vv,Vv,chr06,6609564,False,2.921933401850813e-10,5.945551761956581e-10,5.706077542090492e-10,4.921078556301735e-10,1.0892417185544921e-05,3.4776624174474304e-10,6.163598346050048e-10,5.328940856108631e-10,1.2018966369548447e-05,3.24170762954226e-10,5.05298857848901e-10,1.128400485436725e-05,2.442306108853014e-10,1.0198785781143837e-05,0.9999556013056249
rh_chr6_6641504,"{Vv,Vv}",0.9999065503837822,0.9998998754111952,Vv,Vv,chr06,6663556,False,4.264228000252822e-10,8.926267292369772e-10,8.710232377006901e-10,7.481053916835598e-10,2.299868163051872e-05,5.05228734361114e-10,9.35906346167347e-10,8.047649056883787e-10,2.4903818697853396e-05,4.829460539939821e-10,7.777777560591476e-10,2.451421896599089e-05,3.575227131706818e-10,2.1026094598768423e-05,0.9999065503837822
rh_chr6_6873743,"{Vv,Vv}",0.9997659881125195,0.9997492729776994,Vv,Vv,chr06,6897446,True,1.7066683138914085e-09,3.511684545345402e-09,3.2874859453923684e-09,3.174371189788829e-09,5.8169114247408996e-05,2.0064328371269717e-09,3.4614465480964767e-09,3.3580640609389718e-09,6.268790369888596e-05,1.6534127078784576e-09,3.158759723817307e-09,5.7137237772090196e-05,1.609003789345972e-09,5.599070443242325e-05,0.9997659881125195
rh_chr6_6961754,"{Vv,Vv}",0.9997492053140093,0.9997312914078672,Vv,Vv,chr06,6985536,True,1.9437840537701587e-09,4.767306427153189e-09,4.413319131166346e-09,4.340086872457107e-09,6.23752894000072e-05,2.3251442856937995e-09,4.6369333284373865e-09,4.587229463547947e-09,6.788921002468818e-05,1.8425585841429934e-09,4.276339718111749e-09,6.038046549322883e-05,1.847663932442538e-09,6.01147407069104e-05,0.9997492053140093
rh_chr6_7372241,"{Vv,Vv}",0.999931347236721,0.9999264434679153,Vv,Vv,chr06,7395182,False,5.121178005233469e-10,1.518859522778894e-09,7.328187372359947e-10,1.0144628162487764e-09,1.6899942086755614e-05,1.1700244063221845e-09,9.068192630648465e-10,1.3220696850289064e-09,2.713682893912495e-05,2.695717770455911e-10,7.089282972904678e-10,1.0384725920976883e-05,5.523208481072458e-10,1.4222558339077765e-05,0.999931347236721
rh_chr6_7690367,"{Vv,Vv}",0.999807417714782,0.9997936618372664,Vv,Vv,chr06,7709455,False,1.9219967138111067e-09,5.796951082477707e-09,1.890446732238726e-09,3.5819424979111263e-09,4.6904556804133525e-05,5.887577937379786e-09,2.0713981437783725e-09,4.733686352331499e-09,9.91037838077044e-05,8.707134907395435e-10,2.01769332730366e-09,1.2865605824833435e-05,2.727349162249638e-09,3.367683902587905e-05,0.999807417714782
rh_chr6_7855019,"{Vv,Vv}",0.9996626039769724,0.9996385042610418,Vv,Vv,chr06,7873220,False,4.087818258359028e-09,1.4479435605098503e-08,5.20012000801959e-09,1.0277918172750947e-08,7.827235290154479e-05,1.0054952744923916e-08,6.59633490922405e-09,1.6020146942301725e-08,0.0001357297488910511,1.896559683060613e-09,4.602122303127197e-09,2.9904985112951476e-05,6.385678949651838e-09,9.340933503446587e-05,0.9996626039769724
rh_chr6_9016289,"{Vv,Vv}",0.9998653001429745,0.9998556787246156,Vv,Vv,chr06,9029641,False,4.5572566483916646e-09,1.1281920952482963e-08,5.0833940753889794e-09,8.334375556861531e-09,2.6890953688057706e-05,1.0460368050405778e-08,6.161363910818854e-09,1.0096283542155294e-08,4.2192815300976666e-05,2.8753746701995285e-09,7.205385509278698e-09,1.5841220016823214e-05,1.0641691867602225e-08,4.969817060494325e-05,0.9998653001429745
rh_chr6_9159176,"{Vv,Vv}",0.9998382060801392,0.9998266493715777,Vv,Vv,chr06,9172484,False,4.891981934648881e-09,1.3866185906512639e-08,6.208985422165773e-09,9.704886579178767e-09,2.9589334090155915e-05,1.1772692018526056e-08,7.175598055390664e-09,1.1398612367667247e-08,5.2017033161581656e-05,3.2133747993222495e-09,8.740718630792654e-09,1.2672301322555867e-05,1.1890471570420563e-08,6.74263877792805e-05,0.9998382060801392
rh_chr6_9426152,"{Vv,Vv}",0.9994605777211193,0.9994220475583421,Vv,Vv,chr06,9439492,False,1.3981590793566453e-08,3.844317200578393e-08,2.3245570031549542e-08,2.9595792618831944e-08,5.5662466801320305e-05,2.4344775229789886e-08,2.8464034733771844e-08,3.707028012816106e-08,7.26363497190512e-05,1.0949702842032812e-08,2.5100580702812842e-08,4.8651533426786567e-05,3.4017355658192176e-08,0.00036220671607883973,0.9994605777211193
rh_chr6_11429092,"{Vv,Vv}",0.9935968055602092,0.9931394345287956,Vv,Vv,chr06,13369055,False,7.229475056963221e-07,3.5152530130241097e-06,2.137770370156222e-06,6.927762484794478e-07,0.0013547698897012845,7.324701113785608e-07,7.707866362602581e-07,8.425627144583931e-07,0.00251784633839337,3.1871043009923314e-07,5.396020137193418e-07,0.0019718913019199837,4.038235426003744e-07,0.0005480102071902679,0.9935968055602092
rh_chr6_11635685,"{Vv,Vv}",0.994112276490837,0.993691724811611,Vv,Vv,chr06,13573087,False,5.879453277290023e-07,3.3082554746361923e-06,1.8461884642916827e-06,7.143727535681429e-07,0.0012370843439090489,7.746227048177467e-07,1.0137958738329897e-06,9.997730280866728e-07,0.0023239260337253684,2.791163563677342e-07,5.982932674690615e-07,0.0017503863939972609,3.4151944366283234e-07,0.0005658628548368933,0.994112276490837
rh_chr6_13115981,"{Vv,Vv}",0.9986432726563204,0.9985463635603432,Vv,Vv,chr06,15041420,False,1.6122786552223566e-08,5.66814756152095e-08,5.00933100419826e-08,2.6419749149210754e-08,0.00028434759305559943,1.9163230941485417e-08,4.9340615534867595e-08,3.439044937424496e-08,0.00039116722101010376,2.1921681379339573e-08,3.2377150807727595e-08,0.0004872889582476232,9.665131517807382e-09,0.00019360739578545895,0.9986432726563204
rh_chr6_13465389,"{Vv,Vv}",0.999678766874278,0.9996558216510122,Vv,Vv,chr06,15388474,False,2.3962785585364608e-09,2.11950851801226e-09,3.6161745122919036e-09,1.7588384407422674e-09,4.529247040847092e-05,5.893346739216383e-10,1.4371341517095096e-09,9.240614577351606e-10,2.3877198008333707e-05,1.2480241418159717e-09,1.6914742446082486e-09,0.00022380407209875123,4.2245841045386755e-10,2.824318191933524e-05,0.999678766874278
rh_chr6_13524559,"{Vv,Vv}",0.9997496892095599,0.9997318098673855,Vv,Vv,chr06,15447494,False,2.1391789308666876e-09,1.4207130299417464e-09,3.7216088153596103e-09,1.4916282198787677e-09,5.002031174804914e-05,4.248386811946776e-10,1.3232571536696966e-09,6.719702714229012e-10,1.789437520019884e-05,1.1774250338235856e-09,1.7599557069889103e-09,0.00015917711599343348,3.3454220189943705e-10,2.320452238048444e-05,0.9997496892095599
rh_chr6_13622915,"{Vv,Vv}",0.9998516293445646,0.999841031440605,Vv,Vv,chr06,15544702,False,1.4328891257013364e-09,9.523178201111068e-10,2.5037042910379365e-09,9.182826720889676e-10,4.887546029305259e-05,2.3079570913956602e-10,1.125202198619484e-09,4.3024198841854645e-10,1.5354312822091773e-05,8.952000937608458e-10,1.4071285635578443e-09,7.06465130668083e-05,2.29046207973122e-10,1.3484244444798833e-05,0.9998516293445646
rh_chr6_13689046,"{Vv,Vv}",0.9998267267087562,0.9998143500450959,Vv,Vv,chr06,15610777,False,1.3863812499923396e-09,1.0942407783660568e-09,2.637561950675987e-09,1.0675565094633398e-09,5.865419431307241e-05,2.2438587332401402e-10,1.2219206095133774e-09,4.762518194059639e-10,2.2817340560130083e-05,8.116720271070532e-10,1.4339240377980203e-09,6.988197534405944e-05,2.2402936001156098e-10,2.190920310239094e-05,0.9998267267087562
rh_chr6_13832723,"{Vv,Vv}",0.9997239690647585,0.9997042525693841,Vv,Vv,chr06,15754340,False,3.6152816112883262e-09,4.707513421729694e-09,7.943308635612601e-09,4.7453158555318285e-09,9.531091400090635e-05,1.3012526621425923e-09,5.149516564234066e-09,2.936847289303538e-09,4.7808986585025325e-05,2.650142348772585e-09,5.3930904070090435e-09,8.317090337938966e-05,1.3721005875673174e-09,4.970031690693592e-05,0.9997239690647585
rh_chr6_14552019,"{Vv,Vv}",0.9997453845262307,0.9997271977066758,Vv,Vv,chr06,16472124,False,1.4010318619510691e-09,1.2291110745937692e-09,1.6399779988956596e-09,2.321159414309853e-09,0.00016400573388368673,4.5558781063556297e-10,6.375104068794884e-10,8.611637191249368e-10,2.875496861455437e-05,3.1573948148321636e-10,8.636378891095715e-10,1.3754891134832429e-05,8.011124528816854e-10,4.808935410408056e-05,0.9997453845262307
rh_chr6_14606037,"{Vv,Vv}",0.9997946462528302,0.9997799781280323,Vv,Vv,chr06,16526050,False,2.02259585043838e-09,1.7793014163182025e-09,1.9370101214385165e-09,2.970486542026281e-09,0.00011550393334430651,3.688582849625093e-10,5.839279334153303e-10,7.773539161061407e-10,2.8972606986590767e-05,2.8489889070621045e-10,7.691046833665807e-10,9.121157483159715e-06,6.540992452277816e-10,5.1743901718924656e-05,0.9997946462528302
rh_chr6_14835830,"{Vv,Vv}",0.9996495472493474,0.999624514910015,Vv,Vv,chr06,16754784,False,8.943669062297757e-09,6.499555156986132e-09,6.103028269867876e-09,9.74668513174664e-09,0.00016564599059474522,1.7152175039432238e-09,2.5149587685798643e-09,3.847761712696826e-09,5.4874191277077466e-05,1.297604699394296e-09,3.280518239527401e-09,4.2001984233818503e-05,2.963153378014807e-09,8.788367239499561e-05,0.9996495472493474
rh_chr6_15137467,"{Vv,Vv}",0.9995744341887611,0.9995440366308155,Vv,Vv,chr06,17056225,False,1.5626768298177392e-08,7.714337923064461e-09,8.078499255458849e-09,1.475860532251051e-08,0.0002184099838049288,2.276917212900481e-09,3.799786167959649e-09,5.342892935916692e-09,5.7650001269976907e-05,2.0490637723023e-09,4.930047394868875e-09,5.222463216181824e-05,4.089343518612557e-09,9.721252774039062e-05,0.9995744341887611
rh_chr6_15252969,"{Vv,Vv}",0.9995888959941271,0.999559531422279,Vv,Vv,chr06,17161816,False,1.64585707093697e-08,6.651725603370861e-09,7.5413265048719e-09,1.5267464870984676e-08,0.0002275954576577386,2.111891124650198e-09,3.907633727450085e-09,5.194841527339968e-09,4.789954249229964e-05,1.981805317878878e-09,4.8921183655964695e-09,4.4854609509392774e-05,3.744269344540547e-09,9.068664456632229e-05,0.9995888959941271
rh_chr6_15470523,"{Vv,Vv}",0.9995750991267414,0.9995447490643657,Vv,Vv,chr06,17367070,False,1.2442135350158695e-08,8.440351895042574e-09,1.193998963731426e-08,1.7448792035113214e-08,0.00020464797151457844,1.948621614601614e-09,3.927676008900025e-09,5.61490111041614e-09,6.063034576024639e-05,1.9682381091903948e-09,5.5098789337998675e-09,6.266601371979494e-05,3.72434337209571e-09,9.688357733590468e-05,0.9995750991267414
rh_chr6_15543938,"{Vv,Vv}",0.9995962826164061,0.9995674456604351,Vv,Vv,chr06,17440394,True,1.0514993408933954e-08,8.301105535388772e-09,1.2874214606493792e-08,1.7653795386126502e-08,0.00019004655561770167,1.7124847474487022e-09,3.826185944945958e-09,5.538576209751914e-09,5.8592338215134654e-05,1.7637007902278982e-09,5.482045029072306e-09,6.244485214795643e-05,3.3877859673891007e-09,9.25625827254496e-05,0.9995962826164061
rh_chr6_15775550,"{Vv,Vv}",0.9997561759264787,0.9997387599212272,Vv,Vv,chr06,17674565,False,2.4311818266486496e-09,2.1710628584172384e-09,1.0592965592183137e-08,1.2199640202235056e-08,0.00012073701059452726,3.015013855607981e-10,5.903797256190832e-10,1.7697733549106921e-09,2.8845259535456558e-05,2.999781239400543e-10,1.771019222824883e-09,3.851853919365025e-05,1.2011397575858335e-09,5.568993555560991e-05,0.9997561759264787
rh_chr6_15850251,"{Vv,Vv}",0.9998041674229119,0.9997901793816913,Vv,Vv,chr06,17748608,False,2.0237747239722022e-09,2.244190835385725e-09,1.4444692085589337e-08,1.1469149119394096e-08,0.00010855993135290534,2.649284466160204e-10,4.789342615779829e-10,1.126587172476796e-09,2.0732807396640062e-05,2.0397411736653628e-10,9.770168871576263e-10,3.2673325883356654e-05,5.265601694612429e-10,3.3832752647341e-05,0.9998041674229119
rh_chr6_15915895,"{Vv,Vv}",0.9998659776719458,0.9998564046485134,Vv,Vv,chr06,17812916,False,2.496488016503312e-09,3.8730947095160725e-09,1.4013378892859763e-08,8.819515974837189e-09,7.827643874837859e-05,2.4721217496383146e-10,5.554551826311766e-10,9.821454263481757e-10,2.1871711351082183e-05,2.3221184390164354e-10,8.560887178017897e-10,1.9994316335770362e-05,3.8464502618676086e-10,1.3847401382959425e-05,0.9998659776719458
rh_chr6_16140020,"{Vv,Vv}",0.9997395599393879,0.9997209570779156,Vv,Vv,chr06,18036940,False,5.493324217872304e-09,1.5051332743200406e-08,1.7815599159630592e-08,4.713186607602199e-09,0.00012719009420460422,5.427074307974935e-10,1.0844193581129826e-09,1.0781483364634787e-09,8.294409262605202e-05,3.3186156233236907e-10,7.552929374341281e-10,4.2009458928643545e-05,3.624108529712498e-10,8.249186569563777e-06,0.9997395599393879
rh_chr6_16196711,"{Vv,Vv}",0.9997105769233814,0.99968990384648,Vv,Vv,chr06,18093566,False,7.3186787561032175e-09,1.7930089164417722e-08,1.8236977016390944e-08,5.54423509696531e-09,0.0001416921805054168,1.0924748932449676e-09,2.75143505431741e-09,1.7915434969263113e-09,9.494508177242942e-05,6.349785118264808e-10,1.27203734946801e-09,4.1399765200865726e-05,4.2863481760934775e-10,1.132904805573883e-05,0.9997105769233814
rh_chr6_17449050,"{Vv,Vv}",0.9971717874645349,0.9969697722834303,Vv,Vv,chr06,19366128,False,9.817748309662006e-07,1.7358690805116353e-07,1.8400390542641897e-07,1.5953465154790115e-07,0.002264453563528524,2.6066234468111744e-08,3.7931982797801175e-08,3.3884184676170043e-08,0.00018277097005291464,2.800568140633922e-08,3.355634901413488e-08,0.0001939653659995133,2.3734828502805092e-08,0.00018534055632726291,0.9971717874645349
rh_chr6_17681109,"{Vv,Vv}",0.9971754936379044,0.996973743183469,Vv,Vv,chr06,19597424,False,1.014455060768809e-06,8.264300835718586e-08,1.0955435285948372e-07,8.305796660004589e-08,0.00254535479879318,1.618603926193147e-08,2.5667653209070426e-08,2.1319575450669344e-08,7.909714312714924e-05,1.7562896212197443e-08,2.1856727220451118e-08,0.00010180270193946087,1.3270695897415586e-08,9.684614425998325e-05,0.9971754936379044
rh_chr6_17921641,"{Vv,Vv}",0.9969976126265245,0.996783156385562,Vv,Vv,chr06,19837916,False,9.328817615326008e-07,8.023291752711455e-08,1.3803166821378165e-07,7.364319872863505e-08,0.0027364826989595575,1.3476411922144626e-08,2.1767700660988884e-08,1.7461351150362042e-08,6.68866874111843e-05,1.2966983103074366e-08,1.736065978610544e-08,0.00010763713845572547,9.430669744981808e-09,9.006359532660806e-05,0.9969976126265245
rh_chr6_17974651,"{Vv,Vv}",0.9969453921943762,0.9967272059225459,Vv,Vv,chr06,19890962,False,8.896573868130604e-07,1.0257904632635484e-07,1.5259831737330694e-07,8.458201317696251e-08,0.0027584000381496144,1.339779912046469e-08,2.3352405918401402e-08,1.800835299533488e-08,7.921405538828965e-05,1.2879001651603698e-08,1.8289011084777912e-08,0.00011434585687658007,9.24643965315686e-09,0.00010132326543528988,0.9969453921943762
rh_chr6_18520823,"{Vv,Vv}",0.9969481301958711,0.9967301394955762,Vv,Vv,chr06,20440405,False,8.341071044896644e-08,3.154710165083755e-08,3.689210954027159e-08,3.1299669718398136e-08,0.0027817536742696485,3.8322897116294056e-09,7.089738530872849e-09,6.2332405902648345e-09,4.71456236004411e-05,4.209714222922112e-09,6.8790876929047844e-09,5.512398935750771e-05,3.561280201766103e-09,0.00016763156195898727,0.9969481301958711
rh_chr6_18758927,"{Vv,Vv}",0.9978744530002808,0.9977226282145866,Vv,Vv,chr06,20672126,False,8.055880651150302e-08,7.514483603209274e-08,7.844608933764902e-08,7.746619843413348e-08,0.0018375976211485567,3.448741044171691e-09,7.167966120808833e-09,8.971396914843848e-09,6.801059827075769e-05,3.7866477460245415e-09,9.509358834471509e-09,7.363908825955876e-05,5.052954695698773e-09,0.00014595013904473902,0.9978744530002808
rh_chr6_18813592,"{Vv,Vv}",0.9981135993093516,0.9979788564028768,Vv,Vv,chr06,20726738,True,7.420939780452551e-08,7.74025681533509e-08,8.038885513075826e-08,7.991194188351277e-08,0.0016115758554677785,3.202695381976806e-09,7.279771333208413e-09,9.295681118176718e-09,6.712647189510548e-05,3.5161741600636997e-09,9.806789799353306e-09,7.220817379903117e-05,4.856925417377938e-09,0.0001351403186862249,0.9981135993093516
rh_chr6_19096194,"{Vv,Vv}",0.9994764821980237,0.999439088069311,Vv,Vv,chr06,21008284,False,1.8537346172817932e-08,2.42430438292276e-08,2.5123687077145594e-08,2.511279815012315e-08,0.00042173650222938897,9.894053166575278e-10,2.5444419540395735e-09,3.2535204298062836e-09,2.7355357854721555e-05,1.1075159031360798e-09,3.4174250956389114e-09,2.965236588389168e-05,1.525531523361982e-09,4.466772129292835e-05,0.9994764821980237
rh_chr6_19791944,"{Vv,Vv}",0.9998706902072197,0.9998614537934497,Vv,Vv,chr06,21684712,True,1.029548121054807e-09,1.462527924231236e-09,1.7342776967120073e-09,1.5211769104293121e-09,6.134359042395037e-05,2.237724504734266e-10,4.967158252124102e-10,4.6423061379736853e-10,1.917386126219682e-05,3.8855675562132526e-10,5.520200854360418e-10,2.7671166948529494e-05,2.5840668689575275e-10,2.111304291245277e-05,0.9998706902072197
rh_chr6_19860838,"{Vv,Vv}",0.9999739068172573,0.99997204301849,Vv,Vv,chr06,21751879,False,1.4827415694752675e-10,1.3513794682736748e-10,1.8662774451704115e-10,1.4805890267731955e-10,1.023184062034893e-05,1.7001098816286944e-11,4.54317556127693e-11,3.8985241782765613e-11,2.0918998593118397e-06,7.448872645057788e-11,5.375520093564722e-11,1.1222039798683933e-05,2.395325041402111e-11,2.546530750400966e-06,0.9999739068172573
rh_chr6_19937319,"{Vv,Vv}",0.9999869424448327,0.9999860097623207,Vv,Vv,chr06,21828292,False,4.742549363993092e-11,2.152032074506251e-11,3.9686576185090595e-11,2.820610323500963e-11,7.34225680783428e-06,2.4959860356985867e-12,1.2958413263790411e-11,8.137257987499924e-12,7.270905597268516e-07,2.2198063423707454e-11,1.783618529840611e-11,3.745068492929756e-06,6.606647390138592e-12,1.2429322358845537e-06,0.9999869424448327
rh_chr6_20000657,"{Vv,Vv}",0.9999894833693265,0.9999887321814213,Vv,Vv,chr06,21891657,False,9.21032346033328e-12,3.5080708864368335e-12,1.139806265702932e-11,8.517388049979205e-12,4.7036200298276485e-06,3.0741604978181466e-13,3.3000772058368802e-12,2.1485719327466837e-12,1.8498990021193447e-07,7.1291134833676146e-12,6.209608407078654e-12,3.7794956579683605e-06,2.786095901063494e-12,1.8484705708822917e-06,0.9999894833693265
rh_chr6_20062276,"{Vv,Vv}",0.9999550064772922,0.9999517926542416,Vv,Vv,chr06,21953302,False,1.010668721799763e-11,6.213473628698406e-12,1.1865298026229435e-11,1.000513425927706e-11,7.444758324473092e-06,1.1654387895725588e-12,3.5694103852661463e-12,3.0225620730914714e-12,4.84312794773949e-07,6.592952606663967e-12,7.691763954523051e-12,1.9719397422432937e-05,5.0573842407583024e-12,1.734498887600283e-05,0.9999550064772922
rh_chr6_20148242,"{Vv,Vv}",0.9999290060812136,0.9999239350870146,Vv,Vv,chr06,22039250,False,3.026648797614717e-11,2.4600251203778368e-11,7.619833789035986e-11,6.20420304683647e-11,1.952333869014346e-05,9.156783938262304e-12,3.4671847582603347e-11,3.345839564485467e-11,1.8895191888771598e-06,5.836720746858691e-11,9.154843734154771e-11,2.631119459971786e-05,4.027300719193607e-11,2.3269405724819664e-05,0.9999290060812136
rh_chr6_20305922,"{Vv,Vv}",0.9999039537274882,0.9998970932794516,Vv,Vv,chr06,22196885,True,3.094239790461715e-10,2.348749498841346e-10,3.431929609665837e-10,3.2842722651481437e-10,2.9599283870443826e-05,8.376111612467119e-11,2.4981983377917283e-10,2.3546313260099046e-10,1.2895974748526806e-05,1.9646603175172676e-10,3.015673647980993e-10,2.6924032637762313e-05,1.6377264262878913e-10,2.662453448586913e-05,0.9999039537274882
rh_chr6_20373568,"{Vv,Vv}",0.9999124687890828,0.9999062165597316,Vv,Vv,chr06,22264487,False,3.3957971237053015e-10,2.5626154888141584e-10,2.884916321258695e-10,2.8279619149352297e-10,2.9114271489157686e-05,8.004542584069332e-11,2.490413962006005e-10,2.387391872082978e-10,1.2778483167748902e-05,1.6042429694132487e-10,2.2124689328480725e-10,2.2381235021320637e-05,1.1935589216353048e-10,2.3254985256821087e-05,0.9999124687890828
rh_chr6_20569421,"{Vv,Vv}",0.9999364230602185,0.9999318818502341,Vv,Vv,chr06,22450010,False,1.6704294735447368e-09,1.3389222011621e-10,6.741241797444101e-10,6.980439763373143e-10,3.199909267259827e-05,1.7471899456307955e-11,1.150136649191041e-10,1.017602394804915e-10,2.677261471166623e-06,5.549332044159644e-10,3.5652173256752445e-10,1.2392153455677035e-05,3.180951410404932e-10,1.6503791896373116e-05,0.9999364230602185
rh_chr6_20646740,"{Vv,Vv}",0.9998598965102609,0.9998498891181367,Vv,Vv,chr06,22514578,False,5.085254323711812e-09,2.562617542760102e-10,1.7771920905446028e-09,1.867390238552585e-09,7.469867307542986e-05,3.850452098106952e-11,2.548973857393027e-10,2.1242449139352977e-10,4.274189370786876e-06,1.5793236150023105e-09,9.044116980929979e-10,2.54205306937184e-05,8.899511133375197e-10,3.569723098796196e-05,0.9998598965102609
rh_chr6_20765164,"{Vv,Vv}",0.9997207874090328,0.9997008436525352,Vv,Vv,chr06,22632626,False,1.7229791384065284e-08,7.892691000091847e-10,8.386485484542996e-09,5.0924577598780136e-09,0.0001446216481567613,1.4586776864762055e-10,8.851643149751249e-10,8.365267537290605e-10,7.003413443817588e-06,7.903263399755155e-09,4.0880212129261695e-09,7.03326970265916e-05,2.208941967171566e-09,5.720726655094884e-05,0.9997207874090328
rh_chr6_20848667,"{Vv,Vv}",0.9996393394145463,0.9996135779441567,Vv,Vv,chr06,22723548,False,2.6772397503200354e-08,1.873791004662041e-09,1.4815197984159447e-08,8.818312091528493e-09,0.00018108601559707643,2.944709307281089e-10,2.4093208900848337e-09,1.8688480418052396e-09,9.28346368283829e-06,1.4205435590058201e-08,8.25840404065265e-09,9.41979980534337e-05,3.845688442656426e-09,7.600994625381825e-05,0.9996393394145463
rh_chr6_21330468,"{Vv,Vv}",0.998417810405983,0.9983047968635532,Vv,Vv,chr06,23203682,True,1.0831126726842197e-07,2.8004945114539065e-08,2.091043406946506e-07,9.549750347090276e-08,0.000273815819271466,6.573975002732837e-09,2.869045748702614e-08,1.940366262104699e-08,3.3858562593770446e-05,2.771038341017926e-07,9.494862867683664e-08,0.0007511954585054642,5.54823133014806e-08,0.0005223966327186074,0.998417810405983
rh_chr6_21448061,"{Vv,Vv}",0.998212427200786,0.9980847434294136,Vv,Vv,chr06,23321016,False,1.2782186359823515e-07,3.506470685098169e-08,2.7764419210437034e-07,1.2034598819291257e-07,0.0002726896835671475,8.08564378030461e-09,3.3221038697776215e-08,2.22227663576963e-08,1.5323680458281334e-05,3.5380174913079586e-07,1.268839186695862e-07,0.0008897113809778543,6.278703614374615e-08,0.000608680175307219,0.998212427200786
rh_chr6_21754160,"{Vv,Vv}",0.9970120631296925,0.9967986390675276,Vv,Vv,chr06,23631397,False,6.306271113202262e-07,1.7952054916313523e-07,1.982557326244148e-06,7.920679631658691e-07,0.0004979843049847766,4.721490558415513e-08,2.4930676337399444e-07,1.565699220512973e-07,6.091147708066358e-05,3.134929948012225e-06,1.233430132362836e-06,0.0013985182813903126,4.931485582812973e-07,0.0010216234336722421,0.9970120631296925
rh_chr6_21811156,"{Vv,Vv}",0.9967081512698733,0.9964730192177215,Vv,Vv,chr06,23687573,False,7.429071446080378e-07,2.2329860118031495e-07,2.4339442020508717e-06,9.806280226703963e-07,0.0005574789133918414,5.6852571358113836e-08,3.039942444774244e-07,1.9615075365232715e-07,6.848096416753628e-05,3.742751686728785e-06,1.523294073465324e-06,0.0015373303267951573,5.889001539002352e-07,0.0011177658043179971,0.9967081512698733
rh_chr6_21944137,"{Vv,Vv}",0.9960184435913993,0.9957340467050707,Vv,Vv,chr06,23819395,True,1.1099405890294758e-06,4.497600737026751e-07,3.6837103796698057e-06,1.505844959377236e-06,0.0007053422388340614,1.0072298151892995e-07,6.379689774292538e-07,4.2193305106115644e-07,0.00012224352669669674,5.242993263275933e-06,2.2101921650863646e-06,0.001816522193433942,8.324103521029269e-07,0.0013212529728436066,0.9960184435913993
rh_chr6_22000727,"{Vv,Vv}",0.9957338682485403,0.9954291445520075,Vv,Vv,chr06,23876716,True,1.288134216045493e-06,5.754774518070576e-07,4.3149422642757e-06,1.7682922937265806e-06,0.0007656382125965431,1.2476331813094008e-07,8.098401934142675e-07,5.390987096156525e-07,0.00014142609108756595,5.95268257723855e-06,2.5422035348713753e-06,0.0019341977627102271,9.438839951505806e-07,0.0014060103665111128,0.9957338682485403
rh_chr6_22086937,"{Vv,Vv}",0.9953224467462747,0.99498833579958,Vv,Vv,chr06,23963064,False,1.5902791243356088e-06,7.907725902827976e-07,5.351808754838039e-06,2.1950633678382676e-06,0.0008519503418953336,1.6972486669261636e-07,1.092486334742304e-06,7.328097790311541e-07,0.00016554654901145062,7.12421192952413e-06,3.071167590880167e-06,0.002107308661498385,1.1239064760261082e-06,0.0015295054705060007,0.9953224467462747
rh_chr6_22153848,"{Vv,Vv}",0.9945552244439424,0.994166311904224,Vv,Vv,chr06,24029990,False,2.0034653939266406e-06,1.1530173092491236e-06,6.660765458551796e-06,2.8018442570995064e-06,0.0009873043610613185,2.2929434761309126e-07,1.8392085799542176e-06,9.413338585218328e-07,0.0002598212104884482,8.059891931288522e-06,4.202367698729347e-06,0.0022285588864372017,1.3215986590065798e-06,0.0019398783105767075,0.9945552244439424
rh_chr6_22260083,"{Vv,Vv}",0.9847397633668805,0.9836497464645149,Vv,Vv,chr06,24135732,True,6.797697303143891e-06,4.843745619392894e-06,1.4763968737598503e-05,9.187527696193012e-06,0.0038697892968731886,1.7079048437477163e-06,6.8908860236594086e-06,4.247783839021576e-06,0.0021590011069107353,1.4856082021299583e-05,1.2113716250350179e-05,0.00518764413283846,4.718111005646232e-06,0.003963674673157025,0.9847397633668805
rh_chr6_22347070,"{Vv,Vv}",0.9767247256253813,0.9750622060271942,Vv,Vv,chr06,24223017,False,1.3697239729225362e-05,1.226403783396004e-05,2.799656914257094e-05,1.9093641414484875e-05,0.0062169866044184076,4.009366897585603e-06,1.5598587872078452e-05,9.606376182424164e-06,0.0036974806850929194,2.355640749335502e-05,2.3442466528979297e-05,0.0075979132877621175,8.846516142105838e-06,0.0056047825881085055,0.9767247256253813
rh_chr6_22479225,"{Vv,Vv}",0.963924749932399,0.9613479463561417,Vv,Vv,chr06,24355326,False,2.816428994840168e-05,3.2856869760115396e-05,5.480217653067563e-05,4.2723585275396206e-05,0.00936193124292242,1.4460591919855943e-05,3.8432777028365723e-05,2.9217132360682183e-05,0.006879599509335378,4.0157664213884843e-05,4.9297121762867366e-05,0.01072249081918199,2.236751737423657e-05,0.008758748769986717,0.963924749932399
rh_chr7_228986,"{Vv,Vv}",0.931375093758046,0.9264733147407636,Vv,Vv,chr07,220850,True,0.0004213168110773456,0.0002571434525879585,0.0002595222689088627,0.0003092704093123663,0.040493773032858275,4.9312074137907346e-05,7.781888471847897e-05,0.00012464118769485972,0.005647206374161575,5.162872411099072e-05,0.00012645210267230286,0.005797841417171195,0.00014701590025000043,0.01486196360229189,0.931375093758046
rh_chr7_629398,"{Vv,Vv}",0.9502747276171418,0.9467229224469377,Vv,Vv,chr07,621658,False,2.123120120329998e-05,8.640249580637011e-06,1.0345092743329262e-05,1.4826859799313518e-05,0.03754388514539867,2.04912679863197e-06,3.256335838980899e-06,4.632014818366169e-06,0.0007363516694047369,2.828788139810414e-06,5.733970214548703e-06,0.0008954462888176458,6.39936313150727e-06,0.010469646276968662,0.9502747276171418
rh_chr7_748361,"{Vv,Vv}",0.9634396280795112,0.9608281729423335,Vv,Vv,chr07,749744,False,1.165971380833805e-05,2.7986244216496325e-06,4.257378170459352e-06,7.35664380418991e-06,0.029458156598583914,4.6116524442407874e-07,8.167480921817592e-07,1.2413364652194858e-06,0.00029670714498027025,8.489974016648287e-07,2.1196412422043623e-06,0.000466120227307162,2.6169195192404664e-06,0.006305210781447843,0.9634396280795112
rh_chr7_848595,"{Vv,Vv}",0.9736765934768284,0.9717963501537448,Vv,Vv,chr07,850064,False,6.0427129617183505e-06,5.669674113285797e-07,8.767546050626649e-07,2.5247209710894785e-06,0.02362008092001544,7.603045426288809e-08,1.193230704181384e-07,1.9076196909295805e-07,6.873766402434566e-05,1.5291743335353504e-07,3.2128990680921453e-07,0.00010220203616765761,5.883360002154459e-07,0.002520926088180644,0.9736765934768284
rh_chr7_912369,"{Vv,Vv}",0.9769652949402883,0.9753199588645945,Vv,Vv,chr07,913856,False,5.307982832805316e-06,3.455040026844221e-07,5.334459921355373e-07,1.5324526006023136e-06,0.02126218810951253,4.576771921301848e-08,7.448894088122705e-08,1.2008519945378944e-07,5.009997286357129e-05,9.576950445905622e-08,2.0192694277894395e-07,7.4959000678661e-05,3.4433746206663897e-07,0.001638856215459981,0.9769652949402883
rh_chr7_1013924,"{Vv,Vv}",0.9831447826771803,0.9819408385826932,Vv,Vv,chr07,1015974,False,3.3469791358111244e-06,3.205571734316349e-07,4.477160610580565e-07,1.0295742768051981e-06,0.015559298267812178,1.7212301706434116e-08,3.212423558136335e-08,5.2675600649102893e-08,6.004778705156286e-05,3.9456133170958776e-08,8.87848167271549e-08,8.468633418727793e-05,1.2562104743881648e-07,0.0011456842329862454,0.9831447826771803
rh_chr7_1223286,"{Vv,Vv}",0.9945550917501864,0.9941661697323426,Vv,Vv,chr07,1211803,False,7.019242859070279e-07,1.473095121781168e-07,1.8378951066825638e-07,3.0023243257423875e-07,0.004695442331402421,6.231959163820329e-09,1.4501711588593726e-08,2.5507940636021476e-08,6.842939202964944e-05,1.6320014219788355e-08,4.1469144244659146e-08,0.00010222386201669429,3.79350123858669e-08,0.0005773374428412597,0.9945550917501864
rh_chr7_1406036,"{Vv,Vv}",0.99929590740392,0.9992456150756286,Vv,Vv,chr07,1394687,False,3.775730478716839e-08,1.0821115799995495e-08,1.3336227350275757e-08,1.4621653470826818e-08,0.0005185328431085849,7.106983190207183e-10,9.447279203164302e-10,1.6875212964144462e-09,1.7562164700710853e-05,1.6218946896261978e-09,3.343253739577852e-09,3.990861608134687e-05,1.9094030101815992e-09,0.00012800221838895216,0.99929590740392
rh_chr7_1482314,"{Vv,Vv}",0.999594365934638,0.9995653920728265,Vv,Vv,chr07,1470962,False,2.3990633150398894e-08,8.042348954024998e-09,1.077455353125605e-08,1.027892878769113e-08,0.0002893711361617744,5.515067093268443e-10,6.98180062588598e-10,1.4206877280193305e-09,1.9958323038299836e-05,1.1213366335304758e-09,2.96275700419578e-09,2.5715465502441668e-05,1.3696346483299223e-09,7.052793009226743e-05,0.999594365934638
rh_chr7_1600355,"{Vv,Vv}",0.9996827259229576,0.9996600634888831,Vv,Vv,chr07,1588684,True,1.6495776478942447e-08,7.17927417305678e-09,1.0851446920390843e-08,8.879418503523049e-09,0.00020756605931299162,4.786648473006675e-10,7.761731043740434e-10,1.5194423413593288e-09,2.3044842851925703e-05,8.703116754770094e-10,3.5103035472127273e-09,3.2847839999255726e-05,1.233759293102842e-09,5.376354030735279e-05,0.9996827259229576
rh_chr7_1722728,"{Vv,Vv}",0.99982830396021,0.9998160399573679,Vv,Vv,chr07,1724104,False,9.704393893607153e-09,4.494829480649661e-09,8.842222255930135e-09,5.573072966426138e-09,0.00010300421964869821,3.179765526398216e-10,4.724158471916283e-10,1.002845999028772e-09,1.5374256510376005e-05,4.5905583714644267e-10,3.6008896347703135e-09,2.9869391470051313e-05,8.768051738611633e-10,2.3412827653161764e-05,0.99982830396021
rh_chr7_1796486,"{Vv,Vv}",0.9997958431560787,0.9997812605243701,Vv,Vv,chr07,1797810,False,8.143393797766361e-09,4.128724616336651e-09,8.875699188645715e-09,5.244379080068802e-09,0.00010220873982234767,3.005022528450106e-10,3.5751183133997787e-10,9.9304630518196e-10,2.442901708098508e-05,2.7747403555667576e-10,4.188424376766899e-09,5.110243556689034e-05,8.811714263556094e-10,2.6383261124080144e-05,0.9997958431560787
rh_chr7_1882551,"{Vv,Vv}",0.999841979464194,0.999830692283065,Vv,Vv,chr07,1883931,False,5.610672784816877e-09,3.666861705010285e-09,5.572978563088331e-09,3.739412539562619e-09,8.401178467098732e-05,3.494679815034993e-10,5.071001686805215e-10,8.095164587302683e-10,2.6131771164802152e-05,3.3806522197899013e-10,3.0262032511776988e-09,2.7692499113736643e-05,6.869592115771152e-10,2.016017361862419e-05,0.999841979464194
rh_chr7_2131456,"{Vv,Vv}",0.9999064522886967,0.9998997703093179,Vv,Vv,chr07,2133069,False,1.5057725409499266e-09,1.0063637324928497e-09,1.3922873315987673e-09,1.4831647471300836e-09,4.4107761759486005e-05,1.7382343805827553e-10,3.372361323168941e-10,3.5197529310757794e-10,9.736096099019421e-06,1.8377993639443784e-10,7.54135566913532e-10,1.3811930811104367e-05,4.176172869549014e-10,2.5884316477713012e-05,0.9999064522886967
rh_chr7_2287634,"{Vv,Vv}",0.9999067557250455,0.9999000954196916,Vv,Vv,chr07,2289154,True,8.69608661151676e-10,7.75514936697154e-10,9.601583329624166e-10,1.0903323288859169e-09,4.079392306893034e-05,1.344623497974628e-10,3.2032731337240774e-10,3.950643467962648e-10,1.3465964739145439e-05,1.5480171272358e-10,5.711664842380767e-10,1.5723901110361396e-05,2.9111081187470945e-10,2.3254923488772088e-05,0.9999067557250455
rh_chr7_2435368,"{Vv,Vv}",0.9999636087256063,0.9999610093488639,Vv,Vv,chr07,2436491,False,1.4304087412269056e-10,1.3160705400768287e-10,1.61094977503287e-10,1.9400973913545633e-10,2.361338144619121e-05,1.9723687416892624e-11,4.909698851369917e-11,6.47718497362926e-11,2.786325526566838e-06,2.6053068552037503e-11,8.532404180820529e-11,3.3463429257319235e-06,4.980589406835285e-11,6.644299967024264e-06,0.9999636087256063
rh_chr7_2590123,"{Vv,Vv}",0.9999637844435446,0.9999611976180836,Vv,Vv,chr07,2591779,True,7.339048361411011e-11,9.424507406854261e-11,1.1665819197293253e-10,1.3306046531478956e-10,1.4606693818738433e-05,1.8079904644771093e-11,4.4623286484355776e-11,5.494429261027911e-11,5.2259768433539255e-06,3.029068547304677e-11,6.970437639887767e-11,6.7548964858725026e-06,4.440061164571669e-11,9.627309910053127e-06,0.9999637844435446
rh_chr7_2667199,"{Vv,Vv}",0.9999863539604713,0.9999853792433622,Vv,Vv,chr07,2668624,False,9.932797995407262e-12,1.33561149359759e-11,2.8983463519639147e-11,2.424213326777786e-11,4.562083837269177e-06,2.7031119567542077e-12,1.3083219156903695e-11,1.0814271882569577e-11,7.953309562882838e-07,1.2499913561383515e-11,2.3046791473896364e-11,2.8082220610197566e-06,1.1903309110613811e-11,5.48025210891432e-06,0.9999863539604713
rh_chr7_2771025,"{Vv,Vv}",0.9999668165260985,0.9999644462779628,Vv,Vv,chr07,2772008,False,1.0336519134611706e-11,1.554457766039837e-11,2.6819362665355616e-11,2.4935268513028746e-11,3.3219965260122104e-06,5.060495952576852e-12,1.528303271629325e-11,1.394060025245866e-11,1.0236996261722676e-06,1.5595889286929944e-11,3.9909873566620476e-11,1.788914952170428e-05,2.3009141965180684e-11,1.0948437792818554e-05,0.9999668165260985
rh_chr7_2950372,"{Vv,Vv}",0.9999591129196128,0.9999561924138709,Vv,Vv,chr07,2950949,False,3.509521779183852e-11,4.472150334114856e-11,1.0616853019059457e-10,7.855970530874173e-11,3.6956279394069774e-06,2.6920411638798132e-11,9.145751473743773e-11,6.804365447699566e-11,3.0454051425688503e-06,9.653455391283753e-11,1.4767029669984583e-10,2.7858575845816255e-05,6.146324039265091e-11,6.286714824824613e-06,0.9999591129196128
rh_chr7_3021215,"{Vv,Vv}",0.9999106706510368,0.9999042899832536,Vv,Vv,chr07,3021818,True,1.2688813417846567e-10,1.8273010926992543e-10,4.3202740854287916e-10,2.43067539364454e-10,1.661675015960458e-05,1.1103703687990577e-10,4.0734378935581184e-10,2.2612160050154218e-10,1.5376822404868134e-05,3.171179626191468e-10,4.991837743693113e-10,3.731527642532698e-05,1.7428815720105955e-10,2.0017780167913875e-05,0.9999106706510368
rh_chr7_3299440,"{Vv,Vv}",0.9998434032528809,0.9998322177709438,Vv,Vv,chr07,3297720,True,3.5489354195595433e-10,5.171874987226279e-10,7.0107130452115e-10,6.090615778955895e-10,3.6565668348644094e-05,3.155590585567442e-10,6.664998557209635e-10,5.828617946308318e-10,3.299713001018856e-05,4.5726499934079586e-10,7.843702147170559e-10,4.384980653653507e-05,4.455044640781151e-10,4.3178707949398166e-05,0.9998434032528809
rh_chr7_3401987,"{Vv,Vv}",0.9998679209155892,0.9998584866952741,Vv,Vv,chr07,3400918,False,1.0655937433720397e-10,1.865294305769201e-10,2.229669900799914e-10,2.2649355715975286e-10,3.1596277957347474e-05,9.401740691554619e-11,2.1357973755570272e-10,2.2093461561881536e-10,2.7145310592135027e-05,1.165832338130226e-10,2.630181724669599e-10,3.390367558111679e-05,1.5017523310543826e-10,3.9432019422505845e-05,0.9998679209155892
rh_chr7_3559874,"{Vv,Vv}",0.9998775453747365,0.9998687986157891,Vv,Vv,chr07,3558792,True,2.2252652916642443e-10,3.947895510894181e-10,4.3999085393477623e-10,5.680636212063314e-10,3.0451740751446588e-05,1.4985352586809332e-10,3.6999834826581823e-10,5.008728570778564e-10,2.3017561330652238e-05,1.7691663994935565e-10,5.570462610407077e-10,2.6594647557196402e-05,3.565663449437933e-10,4.238693899974544e-05,0.9998775453747365
rh_chr7_3625373,"{Vv,Vv}",0.9999000879843384,0.9998929514117911,Vv,Vv,chr07,3624332,True,1.6689053019553742e-10,3.2219442828882267e-10,3.545645112784927e-10,4.965663242805317e-10,2.5338273761506293e-05,9.898801398982572e-11,2.843188920927466e-10,4.2479885187147894e-10,1.665806431407118e-05,1.156681398572338e-10,4.663075789440257e-10,1.8924601074222324e-05,2.941487177461288e-10,3.898805206590185e-05,0.9999000879843384
rh_chr7_3716693,"{Vv,Vv}",0.9999496736037118,0.9999460788611197,Vv,Vv,chr07,3715690,False,3.902323385908023e-11,7.402220024760847e-11,8.016039489130115e-11,1.6153428276608134e-10,1.3668635266431604e-05,1.637231711786515e-11,4.764704706033558e-11,1.1794116008001986e-10,3.243070494568034e-06,1.8664246238418286e-11,1.2669561159410417e-10,3.691574577817164e-06,1.0045625637597576e-10,2.9722333432619522e-05,0.9999496736037118
rh_chr7_3835738,"{Vv,Vv}",0.9999718370290347,0.9999698253882514,Vv,Vv,chr07,3834670,False,1.3254142792682678e-11,2.272680288564249e-11,2.285769131896553e-11,8.678348604621006e-11,3.262082882080981e-06,5.244208794664175e-12,1.2313227611880061e-11,6.138437824068514e-11,1.4381621020488878e-06,5.125179684155833e-12,5.981702607032413e-11,1.4430809054411558e-06,6.125395154084966e-11,2.201929431559805e-05,0.9999718370290347
rh_chr7_3995914,"{Vv,Vv}",0.9999892839708912,0.9999885185402405,Vv,Vv,chr07,3997990,False,1.8622846432527166e-11,2.0386474229632725e-11,1.6626361559487703e-11,6.92007938435418e-11,2.173803638730207e-06,1.1208554343692307e-11,1.1855795122776899e-11,6.705354412318122e-11,1.5173652518293356e-06,6.651078261254739e-12,4.4215213883027155e-11,9.744154568840994e-07,7.824354302241331e-11,6.050100697148294e-06,0.9999892839708912
rh_chr7_4112731,"{Vv,Vv}",0.9999668316979746,0.9999644625335442,Vv,Vv,chr07,4112342,False,7.024160185826277e-11,6.464685094740415e-11,4.9877859677218575e-11,1.2494944556515154e-10,7.727587422319135e-06,4.0276531052572856e-11,3.4117705246693397e-11,1.359766763957153e-10,7.129601723398713e-06,2.269024784776063e-11,6.571365115621432e-11,2.8220603748018053e-06,1.6025314893447762e-10,1.5488283761161102e-05,0.9999668316979746
rh_chr7_4254728,"{Vv,Vv}",0.9999406113051454,0.999936369255513,Vv,Vv,chr07,4252042,False,3.2000614722523647e-10,2.4809965193645385e-10,2.0887451010005008e-10,3.9222203622172336e-10,2.0348591364104416e-05,1.027156428843823e-10,1.5652217979240536e-10,3.2687173445344827e-10,9.532976002867575e-06,8.603883066785957e-11,2.6557989677754607e-10,7.854872415700775e-06,3.1021641354484764e-10,2.164983792487517e-05,0.9999406113051454
rh_chr7_4373927,"{Vv,Vv}",0.9999055102912563,0.999898761026346,Vv,Vv,chr07,4371300,False,6.474590607632749e-10,4.0519560195413313e-10,3.9389025139877854e-10,6.586676288623638e-10,4.022392864000196e-05,1.476087559747204e-10,2.9661097256537577e-10,5.379207314479045e-10,1.2327270877798367e-05,1.570646791316626e-10,5.122573377014002e-10,1.2262235062563365e-05,4.6484380974161285e-10,2.967205264441112e-05,0.9999055102912563
rh_chr7_4426570,"{Vv,Vv}",0.9998877817959851,0.9998797662099841,Vv,Vv,chr07,4423926,True,6.946024850301625e-10,5.914101554765338e-10,6.02473089815848e-10,9.207496484601508e-10,4.428013442673145e-05,1.668215943596459e-10,3.9711780154345687e-10,6.684510121783539e-10,1.4918103995441546e-05,1.9377460411061554e-10,6.674580675085742e-10,1.553643351553102e-05,5.27005751014939e-10,3.747810221293039e-05,0.9998877817959851
rh_chr7_4663485,"{Vv,Vv}",0.9998945429748554,0.9998870103302022,Vv,Vv,chr07,4659890,False,2.4394954197444485e-10,2.5171155826211884e-10,4.055310910347068e-10,4.1145769262377497e-10,4.1007979345511834e-05,7.691825641848792e-11,2.613751192987145e-10,2.587323181530026e-10,4.843854693670561e-06,2.303663833829462e-10,4.446992781086139e-10,8.54293477781575e-06,2.4798793842167835e-10,5.1059423598507854e-05,0.9998945429748554
rh_chr7_4749017,"{Vv,Vv}",0.9998480594652902,0.9998372065699538,Vv,Vv,chr07,4745478,False,5.72557863691126e-10,6.280222155021652e-10,1.099446345156691e-09,1.232580564359318e-09,4.645119807726399e-05,1.2776527310491922e-10,4.900916498874489e-10,6.72200569407682e-10,1.5669607897866826e-05,4.853660583022411e-10,1.2993523641338548e-09,2.9343186857798037e-05,6.899544489671929e-10,6.0469244539501204e-05,0.9998480594652902
rh_chr7_5012925,"{Vv,Vv}",0.9998098282134181,0.9997962445143765,Vv,Vv,chr07,5011724,False,6.673552301448697e-10,7.876673661187531e-10,1.0402108701112564e-09,1.1950745124903822e-09,3.170810938692739e-05,5.281614365922977e-10,1.1210978720086861e-09,1.5485063548625392e-09,3.669034083433146e-05,9.561786960999684e-10,2.0927243845324827e-09,5.105382402419128e-05,1.4013238743152128e-09,7.070817403577502e-05,0.9998098282134181
rh_chr7_5127224,"{Vv,Vv}",0.9998171273940122,0.9998040650650131,Vv,Vv,chr07,5125971,False,5.354436585802667e-10,7.834940897336818e-10,1.0274707250500887e-09,1.1940578207923074e-09,3.4847260735350276e-05,4.270805747480429e-10,1.0514814329664367e-09,1.3399319430582314e-09,3.501417236200574e-05,8.13619577336313e-10,1.8005035485960572e-09,5.0356092542333196e-05,1.0658546013092247e-09,6.26450414102057e-05,0.9998171273940122
rh_chr7_5199288,"{Vv,Vv}",0.9998387105214556,0.9998271898444167,Vv,Vv,chr07,5197876,False,3.8864923414455323e-10,6.262477197239612e-10,8.301633546242609e-10,9.538312801290796e-10,3.256009379199349e-05,2.9281409574379294e-10,8.194671869582156e-10,1.005792601478179e-09,2.9699767296187445e-05,6.16718807562908e-10,1.3805998940958591e-09,4.5674200222366495e-05,7.396669364260966e-10,5.3347763282729484e-05,0.9998387105214556
rh_chr7_5300863,"{Vv,Vv}",0.9998910867525279,0.9998833072348513,Vv,Vv,chr07,5298694,False,1.1252089515533074e-10,1.432359582011499e-10,2.2675427397995e-10,2.543003878178825e-10,2.3806468922947488e-05,5.456050405912341e-11,1.8876283471736463e-10,2.2543106235148096e-10,1.6704097875620448e-05,2.344776379589108e-10,4.087213592180258e-10,3.358751837979901e-05,1.9834127280981915e-10,3.481311518757341e-05,0.9998910867525279
rh_chr7_5356756,"{Vv,Vv}",0.99990275841294,0.9998958125852928,Vv,Vv,chr07,5354430,False,1.8249102698873456e-10,2.4096301930415274e-10,3.8618328706397957e-10,4.2458286092660903e-10,2.2456088118207246e-05,7.97569841924359e-11,3.03155134604158e-10,3.5025277744825264e-10,1.279921836481745e-05,3.939554105417199e-10,6.596355706377032e-10,3.169002749839852e-05,2.869551142033195e-10,3.029294514736302e-05,0.99990275841294
rh_chr7_5435880,"{Vv,Vv}",0.999923744056437,0.9999182972033254,Vv,Vv,chr07,5432688,False,2.898146749842994e-10,3.528131851598365e-10,5.838423919805767e-10,5.979237119721122e-10,2.0514073803397188e-05,1.1361859678947993e-10,4.2789808245692083e-10,4.704485036104247e-10,6.429571325995125e-06,6.638095651249949e-10,9.531932542044349e-10,2.9610327882858423e-05,3.390562541090687e-10,1.9697178132476358e-05,0.999923744056437
rh_chr7_5496494,"{Vv,Vv}",0.9999072881207858,0.9999006658436991,Vv,Vv,chr07,5493348,False,4.439210094563728e-10,6.061337991931382e-10,9.399005598199813e-10,9.150169358445909e-10,2.116822768144155e-05,1.6355554153808813e-10,5.634537780058244e-10,6.363552134364297e-10,7.145660634407949e-06,9.964926939801542e-10,1.2843030135729235e-09,4.249197798965765e-05,4.216424131646134e-10,2.1899042133765418e-05,0.9999072881207858
rh_chr7_6083288,"{Vv,Vv}",0.9997250984086483,0.9997054625806946,Vv,Vv,chr07,6080877,False,3.6903718048034756e-09,3.2107092119099335e-09,6.0480846220043545e-09,3.990964825713771e-09,8.998546008181557e-05,1.1152205280725419e-09,2.163383416875001e-09,2.2713220806333454e-09,2.3943980284130807e-05,8.536331223053263e-09,2.993414882584285e-09,0.00012153579357814303,1.9840379779121194e-09,3.9400353567046106e-05,0.9997250984086483
rh_chr7_6389989,"{Vv,Vv}",0.9997551359848509,0.9997376456980546,Vv,Vv,chr07,6387527,False,1.8347563536218379e-09,2.4328767235972425e-09,4.3429042292823555e-09,2.8968032160847375e-09,0.0001410042818439873,5.745706685038661e-10,1.6397858908560691e-09,1.253559654173139e-09,1.6496442018154652e-05,2.342555905027795e-09,2.2446249644671875e-09,3.7477873830971314e-05,1.0243746249455036e-09,4.986483064373936e-05,0.9997551359848509
rh_chr7_6636081,"{Vv,Vv}",0.9997017339482458,0.9996804292302633,Vv,Vv,chr07,6631452,False,3.3627582444154344e-09,7.3570851781018715e-09,7.727677243137516e-09,8.403949890959319e-09,0.00011819029821853975,1.2813907842139784e-09,2.7336322759386574e-09,2.9638912819500193e-09,5.0217758174928035e-05,2.2455393033538016e-09,3.732493369012522e-09,5.646424596723213e-05,2.1705142373209916e-09,7.335177046169216e-05,0.9997017339482458
rh_chr7_6944947,"{Vv,Vv}",0.9996879931076442,0.9996657069010474,Vv,Vv,chr07,6931098,False,1.549924171665177e-09,9.527405532642349e-09,7.4307889872691596e-09,1.0174894601550727e-08,7.419001299318771e-05,4.524971923101032e-10,1.202606113402968e-09,1.718698407352957e-09,7.912684845018914e-05,7.053087832398304e-10,1.833568480581291e-09,6.505254076353553e-05,1.16930345917011e-09,9.360172515321243e-05,0.9996879931076442
rh_chr7_7162026,"{Vv,Vv}",0.9999154174124383,0.999909375799041,Vv,Vv,chr07,7146208,False,5.064444223678765e-10,1.6919114831988464e-09,1.3903493319603647e-09,1.8040593922712176e-09,2.824849126253321e-05,2.1274360556747667e-10,4.959748307467536e-10,5.989767089611896e-10,1.6598076568248814e-05,2.362186418264878e-10,6.038886473647805e-10,1.8520879369133885e-05,3.3505304685433634e-10,2.1207264741731333e-05,0.9999154174124383
rh_chr7_7447102,"{Vv,Vv}",0.9998754037912266,0.9998665040620286,Vv,Vv,chr07,7430582,False,1.1758522236196396e-09,1.7655448080928501e-09,1.518602185622514e-09,1.7441776969387418e-09,4.036494161023788e-05,5.327636390495525e-10,8.878377784948558e-10,9.621700210358221e-10,2.740794920323018e-05,5.264496974646357e-10,9.406259202769063e-10,2.7377805992840285e-05,6.169109671660296e-10,2.9434841032041674e-05,0.9998754037912266
rh_chr7_7588721,"{Vv,Vv}",0.999843298648999,0.9998321056953561,Vv,Vv,chr07,7573901,True,1.2469873039348136e-09,1.8505270975039098e-09,1.4756249148244532e-09,1.6844009364855823e-09,5.2920653349868884e-05,4.427460946014745e-10,8.354879570672938e-10,8.97055753473061e-10,3.447374284972715e-05,4.1805391870173264e-10,8.340523262605241e-10,3.338360810786497e-05,5.039000667761438e-10,3.5913157857103996e-05,0.999843298648999
rh_chr7_7699857,"{Vv,Vv}",0.9998544736335995,0.9998440788931423,Vv,Vv,chr07,7685873,False,1.0610779949589781e-09,1.6236025112358427e-09,1.0830798868216903e-09,1.2912421685769083e-09,5.370158906067582e-05,1.9539346627024614e-10,4.6196115238511546e-10,5.045915927033651e-10,3.091812293075742e-05,1.663274405389608e-10,4.0396801123881973e-10,2.8997043650745867e-05,2.396818038067619e-10,3.190257983232053e-05,0.9998544736335995
rh_chr7_7829034,"{Vv,Vv}",0.9998664921881742,0.999856955915901,Vv,Vv,chr07,7814808,False,6.893912444321316e-10,1.6708306102428167e-09,7.202566585615105e-10,9.295134125704893e-10,4.788739642786343e-05,1.849224799588623e-10,6.049209274647011e-10,5.622059446880235e-10,2.9999983024653034e-05,1.01273558872991e-10,2.933864982378403e-10,2.6439837993165824e-05,1.5459694434823847e-10,2.9174683081739585e-05,0.9998664921881742
rh_chr7_7990376,"{Vv,Vv}",0.9998896665647703,0.999881785605111,Vv,Vv,chr07,7975834,False,2.0913183114707518e-10,2.0958471354301435e-09,3.0939514711120777e-10,6.695458680116704e-10,3.5413282146127826e-05,8.819348599890277e-11,1.2503195112817198e-09,9.58530946828017e-10,2.5150197046136597e-05,6.335333097549619e-11,3.833269146806391e-10,2.326097085394526e-05,1.9862998130892107e-10,2.650275890930751e-05,0.9998896665647703
rh_chr7_8094847,"{Vv,Vv}",0.99997539488831,0.9999736373803322,Vv,Vv,chr07,8077332,False,4.6937043916083995e-11,2.9622920945176544e-10,3.8003248124278865e-11,1.1389477079816e-10,7.464496595626643e-06,1.735038500169834e-11,7.213289785124058e-11,2.015380620158687e-10,4.622101710147688e-06,4.7654265747037125e-12,4.1182476071514664e-11,1.8494048796785196e-06,3.613688690433602e-11,1.0668240334178328e-05,0.99997539488831
rh_chr7_8155951,"{Vv,Vv}",0.9999605010559889,0.9999576797028452,Vv,Vv,chr07,8137425,False,5.7562283261437204e-11,2.815494981508768e-10,4.302974631048686e-11,1.1131830400528036e-10,1.1106162207159522e-05,2.6097865168781313e-11,5.320498196393148e-11,2.275460148417072e-10,6.353760126113192e-06,5.301245932155438e-12,2.8570753320898818e-11,1.5795087139582503e-06,2.5049087554111286e-11,2.0458653734057467e-05,0.9999605010559889
rh_chr7_8252505,"{Vv,Vv}",0.9998612823945856,0.9998513739941989,Vv,Vv,chr07,8233938,False,2.740312503300542e-10,8.018890629990715e-10,1.569294248682108e-10,3.5306657219922915e-10,7.354937884868576e-05,1.9120600814667913e-10,1.4849722346301914e-10,6.385042774974603e-10,2.922339500800904e-05,3.091604653392979e-11,1.0999543901755093e-10,8.226846851935631e-06,8.999591099994601e-11,2.771518967454676e-05,0.9998612823945856
rh_chr7_8330361,"{Vv,Vv}",0.9997881892031082,0.999773059860473,Vv,Vv,chr07,8312064,False,8.202733198962652e-10,1.0862140305047194e-09,4.574504866739062e-10,8.328543454725972e-10,0.0001312359493875355,2.398935694028282e-10,2.7528229872656585e-10,6.887471682412648e-10,3.647429725633725e-05,7.282919882256476e-11,2.5979291091088e-10,1.4333956989863187e-05,1.696178188266166e-10,2.9761690302851097e-05,0.9997881892031082
rh_chr7_8561570,"{Vv,Vv}",0.9994498286944735,0.9994105307440788,Vv,Vv,chr07,8543016,False,1.6026571896986044e-08,8.950642902390622e-09,6.717718108065328e-09,8.472751066031296e-09,0.0004150297346847134,2.0679414618006966e-09,3.1457954849661725e-09,4.024946588013852e-09,6.69819185753081e-05,1.420723619232821e-09,3.1249646046343825e-09,2.9941579494621167e-05,1.8343148405500415e-09,3.816228640126792e-05,0.9994498286944735
rh_chr7_8804798,"{Vv,Vv}",0.997790353190884,0.9976325212759471,Vv,Vv,chr07,8780956,False,5.9573985025947365e-08,1.9450795446199752e-08,1.5015890238251222e-08,1.6323294117765867e-08,0.0017739992429592582,5.992821149919688e-09,1.1561422766162151e-08,1.2602136341144614e-08,0.00021913965848642273,6.031886821119914e-09,1.1803632065434588e-08,0.00010545001024791373,6.267461267319244e-09,0.00011089327409710212,0.997790353190884
rh_chr7_9942517,"{Vv,Vv}",0.9992729997893093,0.9992210712028313,Vv,Vv,chr07,9896660,False,4.4496782881719404e-08,4.9241514298071896e-08,5.1271679860661493e-08,4.84127636094816e-08,0.0003848265776684028,9.726671739414666e-09,1.623587466009915e-08,1.4586864166354935e-08,9.971566629277561e-05,2.4812535472557775e-08,1.7046142726607406e-08,0.00012409410950711653,1.0005622219407028e-08,0.00011807802077085767,0.9992729997893093
rh_chr7_10066816,"{Vv,Vv}",0.9996393071232295,0.9996135433463172,Vv,Vv,chr07,10020572,False,3.156931528886912e-08,3.3523526149967306e-08,3.318521622164457e-08,3.058603800662019e-08,0.00018519732080277758,6.7681691084187654e-09,1.0841946222686498e-08,9.045765808236365e-09,3.464053335997361e-05,2.2675328194019032e-08,1.2170451208710666e-08,7.397141050655471e-05,6.147519639122431e-09,6.668709882537445e-05,0.9996393071232295
rh_chr7_10166440,"{Vv,Vv}",0.9996681112155558,0.9996444048738098,Vv,Vv,chr07,10119780,False,3.0691140406087876e-08,3.364146846924207e-08,3.049442360483499e-08,2.9542983189438773e-08,0.00015043705905333675,6.374184038736738e-09,9.811511783114054e-09,9.26972406496093e-09,3.3630786456500125e-05,2.337375466237361e-08,1.259641354954862e-08,8.99862274057152e-05,5.763142829241218e-09,5.764315278205889e-05,0.9996681112155558
rh_chr7_10498469,"{Vv,Vv}",0.9995249283076161,0.999490994615303,Vv,Vv,chr07,10455160,False,3.2977665223759134e-08,3.9250189173329604e-08,3.9777351277843055e-08,3.200102984598875e-08,0.00020771980488727975,9.26047222652509e-09,1.8907850235563934e-08,1.4951472181289017e-08,9.9345321898552e-05,2.7586040121491553e-08,2.2034856575228e-08,9.357664609414512e-05,8.579708860942971e-09,7.418459286832912e-05,0.9995249283076161
rh_chr7_11272401,"{Vv,Vv}",0.9989349211042516,0.9988588440402696,Vv,Vv,chr07,11216975,True,5.909624692217254e-08,8.902289236736881e-08,1.4083655016247764e-07,8.169595184697804e-08,0.0003181197099055882,3.1123017624670985e-08,8.214593310416228e-08,5.867232919576823e-08,0.000226917463827084,1.0143347544894994e-07,7.371644101375245e-08,0.0003048769804756007,2.921147546535374e-08,0.00021441778722692466,0.9989349211042516
rh_chr7_11956846,"{Vv,Vv}",0.9997001223529518,0.9996787025210198,Vv,Vv,chr07,11903558,False,2.1194779279237244e-08,2.114283005723022e-08,1.5123685217388603e-07,1.5556004135324133e-08,9.555297098238954e-05,4.158953577710084e-09,4.781571223338491e-08,6.606910868058343e-09,1.65426125676651e-05,1.4309675612426523e-07,2.766145175953127e-08,0.00017244311413387497,4.489465499872621e-09,1.4895989648602914e-05,0.9997001223529518
rh_chr7_12020415,"{Vv,Vv}",0.9995332145346106,0.9994998727156542,Vv,Vv,chr07,11965439,False,2.312323060558664e-08,2.3863665866535527e-08,1.7763657384683332e-07,1.7351040500532227e-08,0.00014464720341332533,4.631491542840046e-09,5.574695928037435e-08,7.598229895257352e-09,2.317046642446211e-05,1.6656775403783756e-07,3.147500622060524e-08,0.0002775923090280209,5.0948628687500045e-09,2.086239770886194e-05,0.9995332145346106
rh_chr7_12309436,"{Vv,Vv}",0.9952007092537727,0.9948579027718993,Vv,Vv,chr07,12251967,False,1.89457477017801e-07,2.1830512740437097e-07,1.4494960958845304e-06,1.5867321099296532e-07,0.0005180127801180049,8.860945548091129e-08,8.580029826325153e-07,1.1183811337956617e-07,0.0003342123129569758,3.580680713971243e-06,4.628096847806461e-07,0.0036369402612404754,1.0691051411223942e-07,0.00030290060853608973,0.9952007092537727
rh_chr7_12389122,"{Vv,Vv}",0.9940717751199545,0.9936483304856655,Vv,Vv,chr07,12332998,False,2.457561177533666e-07,3.2925124453880404e-07,2.141899674364165e-06,2.830032422590248e-07,0.0006087378054529935,1.1824037457522772e-07,1.3583117654065241e-06,2.1537884482183923e-07,0.00040669969288312637,4.76461783967029e-06,9.048470477566689e-07,0.004463630703158184,1.6000998088056137e-07,0.0004386353624193321,0.9940717751199545
rh_chr7_12452417,"{Vv,Vv}",0.993085232122675,0.9925913201314375,Vv,Vv,chr07,12397744,False,2.872997408671004e-07,4.350771899157505e-07,2.735261054341861e-06,4.975537404529631e-07,0.0006667939532978611,1.489274795404987e-07,1.8590998164442426e-06,3.771426635030869e-07,0.0004699382198354488,5.8218395233643455e-06,1.6476168109706175e-06,0.0051044552265399916,2.3307837835148202e-07,0.0006595375812538809,0.993085232122675
rh_chr7_13861474,"{Vv,Vv}",0.9874159031309246,0.9865170390688478,Vv,Vv,chr07,14256274,False,2.9413714086032e-06,5.5172206458563195e-06,9.992013143209674e-06,5.707658056775852e-06,0.0012378550616870421,2.6214565733038063e-06,9.230959958766766e-06,5.29524285708089e-06,0.0011393214206502432,2.8407851463489953e-05,1.73856050531507e-05,0.008097742686443017,3.3569067410489994e-06,0.0020187214143938615,0.9874159031309246
rh_chr7_15120439,"{Vv,Vv}",0.9982811910408047,0.9981584189722907,Vv,Vv,chr07,19174570,False,2.787818800028079e-07,3.7143919458729705e-07,3.7940411014050413e-07,2.4473753324758276e-07,0.0005857064542022548,9.346159252766822e-08,2.3587245699963427e-07,1.2611500929681627e-07,0.0003446592919556189,1.6142001854767839e-07,1.9340817712288745e-07,0.0005067455958697369,7.365630085444593e-08,0.00027953932089440104,0.9982811910408047
rh_chr7_15243832,"{Vv,Vv}",0.9991842348418467,0.9991259659019787,Vv,Vv,chr07,19270426,False,1.914794786258423e-07,2.859748734658815e-07,2.4399424224510967e-07,1.5576154203745746e-07,0.00039413004860471977,4.320015002020856e-08,1.2999336541707102e-07,5.680541965121521e-08,0.00014936840294426255,7.774409208621782e-08,9.074737355686085e-08,0.00020234326095808797,3.4595120005609335e-08,6.861314998906769e-05,0.9991842348418467
rh_chr7_15374402,"{Vv,Vv}",0.9990898362432932,0.9990248245463855,Vv,Vv,chr07,19414684,False,1.588163258752584e-07,2.901312062206758e-07,2.1270669718400432e-07,1.3942459669004369e-07,0.0004927217178629941,3.310669537245293e-08,1.1608684971065051e-07,4.9368044909883424e-08,0.00014298941062024668,5.310913486552169e-08,7.46642135778917e-08,0.00021068646554014538,2.8373969878765696e-08,6.261037494905923e-05,0.9990898362432932
rh_chr7_15608927,"{Vv,Vv}",0.9984499336619124,0.9983392146377632,Vv,Vv,chr07,19795031,False,2.7854926328697004e-07,4.2269834668263113e-07,3.866746105760522e-07,2.852953189970745e-07,0.0007913324693814526,3.859129205194602e-08,1.326971316757071e-07,8.29590474994235e-08,0.00024386085864620786,5.775859350791864e-08,1.1173251317228315e-07,0.00030006694095147124,4.0595410372011556e-08,0.00021296851758061038,0.9984499336619124
rh_chr7_17042396,"{Vv,Vv}",0.9995140521211787,0.9994793415584058,Vv,Vv,chr07,21164584,False,2.244644765502405e-08,2.0067640210897498e-08,2.0333379309710943e-08,1.924412280687264e-08,0.00020880508543008776,5.513643547043845e-09,1.1987202089103293e-08,1.0770732649244716e-08,8.998719298943921e-05,6.16840443654917e-09,1.1648536799568607e-08,9.614260585919921e-05,5.609420903668964e-09,9.08792050121825e-05,0.9995140521211787
rh_chr7_17219131,"{Vv,Vv}",0.9999245079832918,0.999919115696384,Vv,Vv,chr07,21324296,False,2.1233495887718855e-09,1.6001470119379994e-09,1.690907740745347e-09,1.67511188719886e-09,3.18130323565751e-05,4.899821076245658e-10,9.5631881728548e-10,9.002341576104279e-10,1.3282398516822023e-05,6.029396829205787e-10,1.003727203724145e-09,1.5092443247301937e-05,6.012030019721038e-10,1.5292498666268657e-05,0.9999245079832918
rh_chr7_17308092,"{Vv,Vv}",0.9999378708828267,0.9999334330887429,Vv,Vv,chr07,21424138,False,5.877825888642732e-10,4.4401047392851076e-10,4.910993168468372e-10,5.088231651484163e-10,2.3479738935240887e-05,1.3061899746791427e-10,2.705981108153519e-10,2.6191030772466727e-10,1.1116718593758811e-05,1.7896562540099892e-10,3.0180230767850136e-10,1.3188745099216653e-05,1.935978887625211e-10,1.4340545336330092e-05,0.9999378708828267
rh_chr7_17378899,"{Vv,Vv}",0.999950367073253,0.9999468218641997,Vv,Vv,chr07,21464368,False,1.791845740809979e-10,1.4163894419796606e-10,1.6861971203171092e-10,1.8552574958485862e-10,1.8353584746703202e-05,3.485368826666092e-11,8.964079839935332e-11,8.593106200288249e-11,8.461487109234825e-06,5.973151428341523e-11,1.050476706652801e-10,1.0640586268468878e-05,7.161965690533815e-11,1.2176146829173955e-05,0.999950367073253
rh_chr7_17449406,"{Vv,Vv}",0.9999670322804818,0.9999646774433734,Vv,Vv,chr07,21566284,False,8.281509527104127e-11,6.968825489540748e-11,1.060507982544188e-10,1.3804750580018447e-10,1.1623340114878852e-05,1.6538816496459974e-11,5.7433692456764786e-11,5.072502030237614e-11,4.122796311615222e-06,4.920588259968075e-11,7.4539310634129e-11,7.196680902909283e-06,7.028211045841056e-11,1.0024186862248378e-05,0.9999670322804818
rh_chr7_17582741,"{Vv,Vv}",0.999937656864659,0.9999332037835632,Vv,Vv,chr07,21704387,False,1.4921892358909821e-10,1.4395956522823207e-10,2.776643342104386e-10,4.07670195359403e-10,1.6598801673949703e-05,5.1650300115897235e-11,1.8848052633032042e-10,1.1561328756358517e-10,5.238261581160401e-06,2.2574293650052348e-10,2.2089033034217352e-10,1.5249862220776265e-05,3.441409405952575e-10,2.5254084833768095e-05,0.999937656864659
rh_chr7_17723002,"{Vv,Vv}",0.9999095488756494,0.999903088081053,Vv,Vv,chr07,21925848,False,1.5681008692966031e-10,2.2022901433992228e-10,6.124461118118635e-10,4.046890808777132e-10,1.4509196791090205e-05,8.308374462692213e-11,2.947174318211779e-10,2.689760401078442e-10,6.184936603131413e-06,7.260381136504327e-10,6.786358803792139e-10,5.551529799268353e-05,2.2345827628915172e-10,1.4238023879892297e-05,0.9999095488756494
rh_chr7_17910033,"{Vv,Vv}",0.9999031055466732,0.9998961845142926,Vv,Vv,chr07,22170311,False,3.783802014314916e-11,6.804386665869848e-11,2.0215523891416474e-10,9.406015311961112e-11,4.690741250581898e-06,2.6185749176634352e-11,1.1313114085938998e-10,7.295925864649724e-11,3.4449239817832115e-06,9.815110847526245e-11,7.364986763998203e-10,8.143152377599037e-05,4.714264051656607e-11,7.325768152650885e-06,0.9999031055466732
rh_chr7_18097382,"{Vv,Vv}",0.999991203258364,0.9999905749196757,Vv,Vv,chr07,22314602,False,3.4174530688690527e-12,5.951729247394685e-12,3.1523182889132446e-11,6.676818089414618e-12,7.913612218235874e-07,2.9490733583867366e-12,2.974511368011345e-11,6.153094386059311e-12,7.339312595537254e-07,2.3340798432245377e-11,4.379587165827021e-11,6.41643903352701e-06,3.3028129499033142e-12,8.548532650549237e-07,0.999991203258364
rh_chr7_18184680,"{Vv,Vv}",0.999983353537647,0.9999821645046217,Vv,Vv,chr07,22404518,False,7.461890778266395e-12,1.3850480769731254e-11,3.4037341497596116e-11,1.0849946167032831e-11,3.3398249984844317e-06,8.008851256655257e-12,3.5807165609709474e-11,1.1838370717783014e-11,3.5222262147773153e-06,2.4316774848482654e-11,3.32678086168555e-11,7.117030500753654e-06,4.553733386749095e-12,2.6671966466768034e-06,0.999983353537647
rh_chr7_18268268,"{Vv,Vv}",0.9999940555991294,0.9999936309990671,Vv,Vv,chr07,22487622,False,3.0851044431474884e-12,4.719662242770313e-12,9.257789039611667e-12,4.372620795931395e-12,1.3581368374450483e-06,1.695227205047984e-12,7.866748005908977e-12,3.434584457984749e-12,8.994702306860374e-07,5.731020057083746e-12,7.68093022939443e-12,2.8431913560039422e-06,1.474810913693676e-12,8.435531280069495e-07,0.9999940555991294
rh_chr7_18437688,"{Vv,Vv}",0.9999844437913432,0.999983332633582,Vv,Vv,chr07,22616917,False,1.3615554327472429e-11,1.1019519112732775e-11,1.8977451313715027e-11,1.48591708280877e-11,6.853114200271434e-06,3.0184714029766427e-12,1.1453545085991077e-11,6.418381566700628e-12,1.205668670937521e-06,9.618374555125192e-12,1.3803532986149143e-11,5.584021014974155e-06,5.9096843283564105e-12,1.913296076883409e-06,0.9999844437913432
rh_chr7_18701068,"{Vv,Vv}",0.9999799332210247,0.9999784998796694,Vv,Vv,chr07,22767178,False,3.7277881802758516e-11,1.9570908335696793e-11,2.6361617048518692e-11,5.4817478255006874e-11,8.744068226275332e-06,7.129824887408342e-12,1.696672540901522e-11,1.3863310054524952e-11,1.6058559312283754e-06,1.1579648528505454e-11,2.028981038482824e-11,2.224625241629318e-06,2.9502551679889324e-11,7.491992216377326e-06,0.9999799332210247
rh_chr7_18762637,"{Vv,Vv}",0.9999780031161309,0.9999764319101403,Vv,Vv,chr07,22827791,False,4.447979884278773e-11,2.6260162219153905e-11,3.099272694488986e-11,7.72600561224971e-11,9.860740403768371e-06,8.554239543864382e-12,2.0759841821558854e-11,2.3663863156240717e-11,2.024253848696137e-06,1.1827921980629178e-11,2.8333587172599365e-11,2.3388587745046088e-06,3.0936119298304465e-11,7.772727773828379e-06,0.9999780031161309
rh_chr7_18835505,"{Vv,Vv}",0.9999733313642672,0.9999714264617149,Vv,Vv,chr07,22874384,True,4.860123831464929e-11,5.326744450231425e-11,5.7582987662832616e-11,1.0530494489344743e-10,1.0042110821538401e-05,1.2458714920156758e-11,3.164835408064592e-11,4.642370431418194e-11,3.958811303546074e-06,1.5168018854391275e-11,5.0696093584204667e-11,4.202159901532471e-06,3.638270107304054e-11,8.465096171979435e-06,0.9999733313642672
rh_chr7_18952564,"{Vv,Vv}",0.999995380729239,0.9999950507813274,Vv,Vv,chr07,23024300,False,6.509497503285773e-12,9.302339165804461e-12,9.535817755226046e-12,1.2936011116469023e-11,1.3728687887321671e-06,3.261921649800599e-12,6.361374395153898e-12,8.48974112660393e-12,8.994699734332087e-07,3.429588198926936e-12,8.723407522335997e-12,9.147773120139182e-07,5.568850163372936e-12,1.4320805683305352e-06,0.999995380729239
rh_chr7_19049003,"{Vv,Vv}",0.9999787140482013,0.9999771936230728,Vv,Vv,chr07,23162826,False,6.10599255453672e-12,1.0090859635499318e-11,1.0100705571747129e-11,1.0984433543773497e-11,5.447719048514733e-06,5.322763576561354e-12,9.262484422238016e-12,1.0000988999154345e-11,5.190288997827257e-06,5.293127848322344e-12,1.0005289892914067e-11,5.1535338533041684e-06,5.9208152434553214e-12,5.494326811574668e-06,0.9999787140482013
rh_chr7_19355564,"{Vv,Vv}",0.9999923888443627,0.9999918451903886,Vv,Vv,chr07,23341705,False,1.7982137918274347e-11,2.949857537697622e-11,2.946962248265528e-11,3.0880279644196345e-11,2.012488913856377e-06,1.3149168631142156e-11,2.622234048622985e-11,2.760019110113429e-11,1.829663366743094e-06,1.3031383763479346e-11,2.7410628329384263e-11,1.6865475569246919e-06,1.4285919134180151e-11,2.0822262694684906e-06,0.9999923888443627
rh_chr7_19299297,"{Vv,Vv}",0.9999782188922693,0.99997666309886,Vv,Vv,chr07,23428062,False,9.469261729599476e-11,1.4920744887965141e-10,1.4994675638369178e-10,1.5504515035419261e-10,6.1403350311082025e-06,6.653312171081747e-11,1.3279684050611282e-10,1.3801545473288373e-10,5.396196608218859e-06,6.726619836171888e-11,1.3780883747366542e-10,4.734423731322584e-06,7.06340159090712e-11,5.508990413573986e-06,0.9999782188922693
rh_chr7_20394121,"{Vv,Vv}",0.9998283232675046,0.999816060643755,Vv,Vv,chr07,24178630,False,1.463779481998059e-09,5.327476210046535e-10,6.975147030877645e-10,6.625943774423745e-10,9.259003573543357e-05,1.6686023889456618e-10,2.600422436937239e-10,2.5633139647100686e-10,2.347181626334265e-05,2.0830981117730304e-10,2.873324586605036e-10,2.8347858270586706e-05,1.9535500788645062e-10,2.726229135863158e-05,0.9998283232675046
rh_chr7_20279884,"{Vv,Vv}",0.9998640205723164,0.9998543077560532,Vv,Vv,chr07,24285830,False,1.5781027420002583e-09,3.173153856079028e-10,6.756307569841175e-10,6.01232261096511e-10,9.556664336727676e-05,7.626514219695764e-11,1.5975380209325921e-10,1.5858097017393198e-10,9.816187667176411e-06,1.0164839447377493e-10,2.0178430246454602e-10,1.6003117300245396e-05,9.137117441895423e-11,1.4589517663928173e-05,0.9998640205723164
rh_chr7_20103260,"{Vv,Vv}",0.999915924136815,0.999909918718016,Vv,Vv,chr07,24397524,False,5.1757329182828e-10,1.2456704684306013e-10,2.1022092214349963e-10,1.8618999763510563e-10,7.658007940690332e-05,1.6339538679922314e-11,3.7119887360486096e-11,3.681364469762542e-11,2.376943747704332e-06,2.191541039913513e-11,4.412778250016321e-11,2.7666301301797105e-06,2.0963777547620323e-11,2.350994068997685e-06,0.999915924136815
rh_chr7_19985774,"{Vv,Vv}",0.9999283093705028,0.9999231886112531,Vv,Vv,chr07,24474614,False,6.386117183325255e-10,2.607823171037675e-10,3.5942601784762985e-10,3.266327832550633e-10,6.306966995050383e-05,2.684674915949404e-11,5.634296303774384e-11,5.792879186840391e-11,2.301611994648741e-06,2.933852273388603e-11,6.145582085562408e-11,3.5198017673294233e-06,3.1549156308113787e-11,2.79769686981945e-06,0.9999283093705028
rh_chr7_19598178,"{Vv,Vv}",0.9998993764402166,0.9998921890430893,Vv,Vv,chr07,24778260,False,1.2539985729845372e-09,1.3796376239520954e-09,1.3618259981529673e-09,1.6618356952411243e-09,4.944442483251321e-05,4.0803063362872575e-10,5.959613385446428e-10,5.955638163252263e-10,1.5065175888893315e-05,3.6990634903747324e-10,5.883530029432585e-10,1.395431897665422e-05,4.441826260554529e-10,2.2150980789738897e-05,0.9998993764402166
rh_chr7_20674414,"{Vv,Vv}",0.9999269006399379,0.9999216792570764,Vv,Vv,chr07,25072500,True,1.0441668058590782e-09,1.7274436621697997e-09,1.656271166982885e-09,1.835100535797874e-09,2.3632031256611652e-05,6.427476517392635e-10,1.0186791062348358e-09,1.1271931122713942e-09,1.8796517735380498e-05,5.193912356976679e-10,1.0792820202484794e-09,1.425250621424249e-05,5.998593908919908e-10,1.6407054721111676e-05,0.9999269006399379
rh_chr7_20906881,"{Vv,Vv}",0.9999499047188362,0.9999463264844674,Vv,Vv,chr07,25116576,False,1.0257841812125355e-09,1.8234755948767148e-09,1.7628052536791846e-09,1.9355333153919887e-09,1.5076412174284776e-05,6.491735414373221e-10,1.1256669558839948e-09,1.2361543923718153e-09,1.4624084037406614e-05,5.290355362097698e-10,1.1934040216273421e-09,9.561321026142793e-06,6.062831544866651e-10,1.082157661006047e-05,0.9999499047188362
rh_chr7_21128945,"{Vv,Vv}",0.9999257156011939,0.9999204095727078,Vv,Vv,chr07,25233221,False,1.3322387759001538e-09,2.665410037635608e-09,2.6467614250737433e-09,2.8254619806088107e-09,1.7850666783155416e-05,9.811186024510962e-10,1.9094732449728787e-09,2.035966105973774e-09,2.6464966529140698e-05,8.396085130905917e-10,2.019034960798275e-09,1.4630049595955293e-05,9.141375427440521e-10,1.5320546686588196e-05,0.9999257156011939
rh_chr7_22046989,"{Vv,Vv}",0.9999116104056749,0.999905296863223,Vv,Vv,chr07,26370696,False,1.2050392996709453e-09,1.284634543953871e-09,2.6679798458436e-09,1.4609222847003804e-09,1.621094915136159e-05,8.640759923959609e-10,2.3218008358377947e-09,1.2794624874276337e-09,1.33019680282976e-05,3.676137991383954e-09,2.59793359811079e-09,3.246540097606028e-05,1.1946838908011292e-09,2.6392723498545736e-05,0.9999116104056749
rh_chr7_22101289,"{Vv,Vv}",0.9998486525273219,0.9998378419935592,Vv,Vv,chr07,26425054,True,1.236264483553288e-09,1.4278809967640458e-09,3.073146749169691e-09,1.711802389414392e-09,2.9194105212736285e-05,8.662668465905674e-10,2.6416362398898466e-09,1.4847675058949269e-09,2.3345282364302158e-05,3.971341266684306e-09,3.118666654333313e-09,6.074982061400035e-05,1.2790331432215645e-09,3.803745368077689e-05,0.9998486525273219
rh_chr7_22250380,"{Vv,Vv}",0.9997146533100038,0.9996942714035755,Vv,Vv,chr07,26574132,True,1.5216808600291457e-09,2.0276302020414665e-09,5.024575992449431e-09,2.5652260123916638e-09,5.5074724146879005e-05,9.728235912391021e-10,4.1186224391679706e-09,2.147609066216823e-09,4.110825401104894e-05,5.902010494355429e-09,5.130484244689781e-09,0.00012888462106575813,1.5952582271556231e-09,6.0248084851475716e-05,0.9997146533100038
rh_chr7_22508479,"{Vv,Vv}",0.9996165026697094,0.99958911000326,Vv,Vv,chr07,26849898,False,8.510492771211346e-10,7.976142667684165e-10,6.111855920017388e-09,1.3722559713313334e-09,6.529838733157066e-05,2.324842503876233e-10,3.787635718380645e-09,7.801275573141095e-10,3.610563211533737e-05,8.412291743741155e-09,5.477179344215641e-09,0.0002183780264792666,7.781098873612201e-10,6.368668376043387e-05,0.9996165026697094
rh_chr7_22580507,"{Vv,Vv}",0.9995855562651492,0.9995559531412314,Vv,Vv,chr07,26922138,False,1.1837495920224767e-09,1.1404805962613601e-09,7.422754273654958e-09,1.9832624713759815e-09,7.110953895310082e-05,2.40694328341886e-10,4.204428594438126e-09,1.0145424531658095e-09,3.5164062525896445e-05,8.670953266790211e-09,6.247990514390836e-09,0.00024125374159940862,9.298509824222493e-10,6.688335306531471e-05,0.9995855562651492
rh_chr7_22781295,"{Vv,Vv}",0.9995397942287737,0.9995069223879718,Vv,Vv,chr07,27105469,False,1.6462732963125715e-09,1.5179562841613372e-09,8.172762938182173e-09,2.4079405907893055e-09,7.56837298683046e-05,3.1049083503632825e-10,4.241775388743757e-09,1.1466995307929072e-09,3.251568229032427e-05,6.837741431742863e-09,5.586591994864969e-09,0.00028444687447889603,9.357923959942001e-10,6.752668056402068e-05,0.9995397942287737
rh_chr7_22891955,"{Vv,Vv}",0.9995342250331072,0.9995009553926149,Vv,Vv,chr07,27215899,False,1.4546051132458054e-09,1.1202316909396903e-09,6.66898839816128e-09,1.8229473633626598e-09,7.220637244517468e-05,1.3415714357845613e-10,2.4670575902109937e-09,6.015871895813219e-10,2.3101986763550368e-05,3.593606003207799e-09,3.020543573729368e-09,0.00030898438188028737,4.809942012252865e-10,6.146086108543762e-05,0.9995342250331072
rh_chr7_22991552,"{Vv,Vv}",0.9994824137243133,0.99944544327605,Vv,Vv,chr07,27314420,False,1.4431259045629713e-09,1.3035545629690626e-09,7.19814550744491e-09,2.0350836121833715e-09,7.00311675680881e-05,2.309072077794729e-10,4.050095357568226e-09,1.0807998012780842e-09,1.8075891653213167e-05,4.829207342173092e-09,4.532171549031954e-09,0.0003646603648159553,7.759577275982659e-10,6.479137260088357e-05,0.9994824137243133
rh_chr7_23068209,"{Vv,Vv}",0.9990905160543457,0.9990255529153704,Vv,Vv,chr07,27391160,True,1.5455874300471457e-09,1.570201881727763e-09,7.58105039036664e-09,2.3403318162693304e-09,0.00011657005805892247,3.6355647877477596e-10,5.407254680457881e-09,1.6559844546928538e-09,3.244400112857933e-05,5.901788471869174e-09,5.7048637414372265e-09,0.0006453910269502415,1.144243625613921e-09,0.00011504564465351099,0.9990905160543457
rh_chr7_23233299,"{Vv,Vv}",0.9983128171744345,0.9981923041154656,Vv,Vv,chr07,27553648,False,7.198593607736263e-10,1.1942248991605582e-09,1.838628144828689e-09,1.200780336200516e-09,0.000201225852297448,5.016696270454607e-10,3.872087923565253e-09,2.3736402210654717e-09,4.840093871857295e-05,1.3823862279948284e-09,2.044427186659313e-09,0.0012299220527683319,1.0178536955988066e-09,0.0002076178362235143,0.9983128171744345
rh_chr7_23310116,"{Vv,Vv}",0.9983944060207969,0.9982797207365681,Vv,Vv,chr07,27630502,False,4.0894810509910286e-10,9.173043518570508e-10,1.5258747668511372e-09,2.030551547388773e-09,0.0002050163224095917,4.73761453438481e-10,2.175984282367414e-09,2.8518790660425683e-09,2.907865679117185e-05,1.0101840780114668e-09,3.5447131652831057e-09,0.0012224725777475979,2.6794550225855965e-09,0.00014900880359899912,0.9983944060207969
rh_chr7_23438032,"{Vv,Vv}",0.9986775439275977,0.998583082779569,Vv,Vv,chr07,27756107,True,2.0756512379100505e-09,3.0990370150242196e-09,1.7140312139929578e-08,6.839713431893113e-09,0.00017416695868467666,6.662890824679853e-10,1.4933817839689156e-08,4.080905883471147e-09,3.6752990235195386e-05,1.1980127763383414e-08,3.140771528755913e-08,0.0009436753848918687,6.17347680469411e-09,0.00016776234154400611,0.9986775439275977
rh_chr7_23660749,"{Vv,Vv}",0.9992787747172218,0.9992272586255948,Vv,Vv,chr07,27977658,False,1.457865115449547e-09,1.9266150940416905e-09,1.324337798749165e-08,6.196423676296081e-09,9.343705351680733e-05,4.558130582127428e-10,1.1550304084919111e-08,2.735730547539798e-09,2.3164688293451023e-05,1.1173269080515739e-08,3.889732149087921e-08,0.0004301245627347144,1.0563785307807614e-08,0.00017440077772776393,0.9992787747172218
rh_chr7_23769058,"{Vv,Vv}",0.9994134063472692,0.9993715068006456,Vv,Vv,chr07,28095669,True,9.115576441326151e-10,1.3413978612272936e-09,1.0175278407098754e-08,4.979886815051378e-09,6.593494673167087e-05,2.9270310638915426e-10,8.758376567939989e-09,2.40971428149877e-09,2.1960588425722637e-05,8.574690026287806e-09,4.183326797283239e-08,0.00032337341732093883,1.2646418756251778e-08,0.00017523277696104367,0.9994134063472692
rh_chr7_23844050,"{Vv,Vv}",0.99950951065496,0.9994744757017429,Vv,Vv,chr07,28165182,False,5.291336055834181e-10,8.912180546766111e-10,8.0373408725515e-09,3.642806672593247e-09,4.547207406464589e-05,1.7726772782693888e-10,6.90376543255303e-09,1.8081374702169358e-09,1.6891661165420225e-05,6.547016048362401e-09,4.2289157906846354e-08,0.00025654993039099966,1.3541008056256806e-08,0.0001714913125671199,0.99950951065496
rh_chr7_23962575,"{Vv,Vv}",0.9998454017685325,0.9998343590377134,Vv,Vv,chr07,28283814,False,1.186319965403466e-10,2.159121633790801e-10,1.522995309088007e-09,9.064517146204209e-10,1.2390391123093612e-05,5.4067398704669365e-11,1.4122958851667647e-09,4.4005047769083595e-10,5.117759130966291e-06,1.1998849008895446e-09,6.198246989333569e-09,4.668424216590039e-05,4.777753842421786e-09,9.038899275683755e-05,0.9998454017685325
rh_chr7_24059511,"{Vv,Vv}",0.9999524651510814,0.9999490698047301,Vv,Vv,chr07,28380620,False,5.093931543212498e-11,9.372079642186154e-11,5.533253593827199e-10,4.3753492840687286e-10,4.4446874347180094e-06,2.6062070534909272e-11,4.838780196273308e-10,2.821750318262859e-10,4.412165330235458e-06,3.951717283790535e-10,2.0430228839432405e-09,1.3583195312735191e-05,1.4219003056525802e-09,2.5089013110553096e-05,0.9999524651510814
rh_chr7_24217484,"{Vv,Vv}",0.9999886526940771,0.9999878421722255,Vv,Vv,chr07,28537028,False,1.570426082262387e-11,2.5325145096856678e-11,8.663846980159548e-11,8.077806196411513e-11,2.0008506401103653e-06,8.484424499480826e-12,6.990088505351989e-11,5.6654672107769066e-11,1.416458501007636e-06,6.09419022994332e-11,2.3869509203796123e-10,3.265799202994845e-06,1.412432929586486e-10,4.663413212622932e-06,0.9999886526940771
rh_chr7_24373021,"{Vv,Vv}",0.9999866180574336,0.9999856622043931,Vv,Vv,chr07,28691265,False,7.026499056307607e-12,9.571146365894361e-12,1.8842659327327223e-11,1.7319465873326918e-11,5.12216623427573e-06,2.912319006935496e-12,1.2982218624612843e-11,1.0039741565295374e-11,9.321331468587367e-07,1.0585586726027263e-11,2.8897002060754852e-11,5.2220640564877195e-06,1.3244380860164867e-11,2.1054477076906916e-06,0.9999866180574336
rh_chr7_24508748,"{Vv,Vv}",0.9999956889873612,0.9999953810578871,Vv,Vv,chr07,28826181,False,1.745993754272382e-12,2.498261410764374e-12,3.6371185530213537e-12,3.5381481648114996e-12,9.52712023341342e-07,9.829025826075396e-13,2.622199663421965e-12,2.2646970409744277e-12,6.004356309237135e-07,1.9138181658599133e-12,3.939366595078194e-12,9.664406266984961e-07,2.8847741390023167e-12,1.7913983305066487e-06,0.9999956889873612
rh_chr7_24586966,"{Vv,Vv}",0.999993265462116,0.9999927844236957,Vv,Vv,chr07,28904326,False,3.1241974067734e-12,4.7173839266744095e-12,5.4942893698982404e-12,6.238221083365261e-12,1.6291273525180266e-06,2.5891429271613697e-12,4.81541390629614e-12,5.4813932875976285e-12,1.4760475068579951e-06,3.356972487667182e-12,6.436767701969941e-12,1.6564494640493998e-06,4.137918094848895e-12,1.9728671688892877e-06,0.999993265462116
rh_chr7_24677373,"{Vv,Vv}",0.999960384381855,0.9999575546948446,Vv,Vv,chr07,28994172,True,4.810916805819124e-11,7.775618763685914e-11,8.084621891705848e-11,8.275296599454519e-11,9.825915343259544e-06,4.6178968132118865e-11,7.891954489855855e-11,8.077490205415498e-11,9.591710661453928e-06,5.221132788107433e-11,8.405605120699279e-11,1.001722944378535e-05,5.102749267224805e-11,1.0180080063732519e-05,0.999960384381855
rh_chr7_24879814,"{Vv,Vv}",0.9999608265321935,0.9999580284273503,Vv,Vv,chr07,29196154,False,4.702598753876203e-11,9.615130718588826e-11,1.0417575142326303e-10,1.014598802394503e-10,9.66193639777835e-06,4.368570022237791e-11,1.0147584065828187e-10,9.884769672028984e-11,9.242239206651117e-06,7.134123171329338e-11,1.0711241945026934e-10,1.0225568186251847e-05,5.0439599044777894e-11,1.0042902300359339e-05,0.9999608265321935
rh_chr7_24967097,"{Vv,Vv}",0.9999933385714003,0.9999928627550717,Vv,Vv,chr07,29283271,False,4.128513956347091e-12,7.370859357389926e-12,9.328014509141046e-12,9.726667971178485e-12,1.6486914020612044e-06,2.6887608276263514e-12,8.07533189102619e-12,8.499508987726379e-12,1.1477375458018668e-06,6.289713857113572e-12,1.0610556823425509e-11,1.82226864617899e-06,5.8453410509059655e-12,2.042658442427175e-06,0.9999933385714003
rh_chr7_25056911,"{Vv,Vv}",0.9999911740372021,0.9999905436112879,Vv,Vv,chr07,29368524,False,2.2367208292993846e-12,3.5615772820046715e-12,5.300794882641984e-12,5.801676154336245e-12,2.2066166380035573e-06,1.4227853123478779e-12,4.361576520479603e-12,4.843115810318661e-12,5.498641995692818e-07,3.80551794584206e-12,6.926926012598678e-12,2.5899984794685285e-06,4.950521095425496e-12,3.479440269762196e-06,0.9999911740372021
rh_chr7_25141862,"{Vv,Vv}",0.9999919181999628,0.9999913409285316,Vv,Vv,chr07,29453385,False,8.398464681149961e-12,1.2848998927375647e-11,2.305519400724966e-11,2.6133441595198863e-11,1.6606326104370922e-06,5.600320825020375e-12,1.814788114557159e-11,2.097874803739875e-11,1.3033879113798407e-06,1.7519425311038104e-11,3.4056298333289227e-11,2.2634529147986675e-06,2.6819788896019693e-11,2.8541330420222915e-06,0.9999919181999628
rh_chr7_25262311,"{Vv,Vv}",0.9999471910446917,0.9999434189764553,Vv,Vv,chr07,29573840,True,6.739101712437203e-11,1.1359306246757509e-10,1.779050952928725e-10,1.8651528691414997e-10,1.0029023534927547e-05,6.569630815593072e-11,1.7418406329352244e-10,1.8153390932386935e-10,9.865445386304712e-06,1.7391383336026247e-10,2.551623318506811e-10,1.5052456318279037e-05,2.611575531132153e-10,1.7860373016394647e-05,0.9999471910446917
rh_chr7_25457734,"{Vv,Vv}",0.9999531146654718,0.9999497657130054,Vv,Vv,chr07,29771212,False,5.96520485799035e-11,1.204969819353803e-10,3.661839411418901e-10,3.370342048670498e-10,3.890547145378297e-06,6.466493400735687e-11,3.838963593059329e-10,3.481291233771984e-10,4.043531258513215e-06,4.2745128674755376e-10,6.27623498782949e-10,1.6233298042340433e-05,7.59764462653232e-10,2.2714463185155337e-05,0.9999531146654718
rh_chr7_25669872,"{Vv,Vv}",0.9997612571371286,0.9997442040754949,Vv,Vv,chr07,29983266,False,1.0803894040637518e-10,2.0272462980875545e-10,1.0265201107636796e-09,4.80819158391549e-10,8.212907702912497e-06,1.330838934430099e-10,1.1519751069783608e-09,5.638706165416208e-10,9.467805044561133e-06,1.5687434782707445e-09,1.5646461186714349e-09,8.951771606529512e-05,3.293895994596835e-09,0.00013153433974057036,0.9997612571371286
rh_chr7_25909284,"{Vv,Vv}",0.9994238459468624,0.999382692085924,Vv,Vv,chr07,30223016,False,3.442377842023035e-11,1.0772029584091482e-10,8.497387328905681e-10,5.093017173614142e-10,1.0227166630048239e-05,1.0958027640991107e-10,1.5772519401549992e-09,8.570531887264115e-10,1.3762711591349923e-05,1.6983855345076656e-09,2.974236485618456e-09,0.00036234605848270847,1.9992397134767327e-09,0.00018980739950179748,0.9994238459468624
rh_chr7_25988242,"{Vv,Vv}",0.9992622637849843,0.9992095683410546,Vv,Vv,chr07,30296001,False,3.969637511030278e-11,1.202617018854484e-10,1.2128064091840136e-09,5.868376360131685e-10,7.762716598775412e-06,9.740869614741962e-11,1.7272987084954158e-09,7.920497276451401e-10,1.0385521900216362e-05,2.434428002574528e-09,4.441832838540745e-09,0.0005000416988839474,2.1081695129297338e-09,0.0002195327168432531,0.9992622637849843
rh_chr7_26088532,"{Vv,Vv}",0.9990494958546638,0.9989816027014256,Vv,Vv,chr07,30396280,False,3.395154729699931e-11,8.429511983551315e-11,6.4708244086324e-10,4.0830724973404935e-10,3.833836991250884e-06,7.626027352253422e-11,1.0336366911672748e-09,5.281699320845344e-10,6.575122753698786e-06,1.1649736432641581e-09,2.448155993577741e-09,0.0006906783655048209,1.0213878213426355e-09,0.00024940937386558684,0.9990494958546638
rh_chr7_26249020,"{Vv,Vv}",0.9979446435867958,0.9977978324144241,Vv,Vv,chr07,30555532,False,2.410128803578456e-10,2.841997861982466e-10,9.773852211543662e-10,1.5640635664042933e-09,2.283588769182702e-05,3.2688702485661013e-10,3.911039404583341e-09,1.9303301098632436e-09,5.190088264041906e-05,1.8296094736406663e-09,7.226084375069561e-09,0.0015215255615067637,2.7223798628193083e-09,0.00045907306837349263,0.9979446435867958
rh_chr7_26363715,"{Vv,Vv}",0.9977709396301687,0.9976117210323237,Vv,Vv,chr07,30669787,False,5.68191891229801e-10,9.602912104286442e-10,5.2400530002413345e-09,2.6058412421257676e-09,3.548020418589377e-05,4.886738918912482e-10,8.661682843952568e-09,3.0177075949418083e-09,5.1040348476087734e-05,5.052255316331953e-09,2.7737600985044593e-08,0.001515942596300159,3.5260894930809113e-09,0.0006265393624816471,0.9977709396301687
rh_chr7_26515058,"{Vv,Vv}",0.9971784373358596,0.9969768971455639,Vv,Vv,chr07,30834486,False,7.224475362849523e-09,1.043533474858545e-08,3.9485799954343524e-08,1.9851966910302937e-08,6.285821919760157e-05,3.83059391453508e-09,5.781435911163847e-08,1.8948867579694212e-08,5.9042187830136896e-05,2.8411302728004138e-08,1.9851439687112588e-07,0.0016370476772094467,2.0410812384285603e-08,0.0010622096519936042,0.9971784373358596
rh_chr7_26680230,"{Vv,Vv}",0.9929733268573306,0.9924714216328543,Vv,Vv,chr07,30999212,False,1.00744464104254e-07,9.603612269516085e-08,2.7739908755849864e-07,1.7556744418758397e-07,0.0004935146968682506,3.7097619310924434e-08,3.8571509747098964e-07,1.3877232766322578e-07,0.00023144677956053438,1.5964776820674646e-07,1.329987046647647e-06,0.0022369834383219357,1.8535865766444087e-07,0.004061841902283085,0.9929733268573306
rh_chr7_26792208,"{Vv,Vv}",0.9863963834906876,0.9854246965971653,Vv,Vv,chr07,31111106,False,5.781560506564274e-07,6.704346925527249e-07,1.105132488001246e-06,1.465994198211627e-06,0.0030276038456077212,2.443215592442606e-07,8.964273979787726e-07,1.1809850273267555e-06,0.00046026357793894207,5.811704613291667e-07,2.6387699573522575e-06,0.0036189136254621266,1.4043962761681122e-06,0.006486069672194724,0.9863963834906876
rh_chr7_26919971,"{Vv,Vv}",0.9758174452230535,0.974090119881843,Vv,Vv,chr07,31238940,False,9.35467488541743e-06,7.3026782277874724e-06,1.287003933047714e-05,2.0680094848829944e-05,0.006113921369935046,2.0180394234789734e-06,5.797273991604403e-06,1.1728563056527937e-05,0.0025685340950291563,5.400108816956604e-06,1.86587483554673e-05,0.005759583221605415,1.6170029144963237e-05,0.009630535840295303,0.9758174452230535
rh_chr7_27013763,"{Vv,Vv}",0.9668825631285044,0.9645170319233975,Vv,Vv,chr07,31331210,True,1.8449571493198108e-05,1.938710389249271e-05,2.855643819152873e-05,4.073744361686229e-05,0.008313851713307998,7.113592065500232e-06,1.7481275895713116e-05,2.780506784084713e-05,0.004805053141932295,1.4122692105521e-05,3.8321592187798474e-05,0.007963160794226546,2.9229569113066336e-05,0.011794166875626106,0.9668825631285044
rh_chr7_27341252,"{Vv,Vv}",0.9378522032309398,0.9334130748902926,Vv,Vv,chr07,31637368,True,7.258241072689961e-05,9.156460273384433e-05,0.00011220465663799287,0.0001383048350067351,0.01538806319890953,4.851119205264296e-05,8.838401400253456e-05,0.00011269679841133252,0.011998011500125739,6.707195330002049e-05,0.000134633396509357,0.015049209640016289,9.598742787014477e-05,0.01875057114275719,0.9378522032309398
rh_chr8_30944,"{Vv,Vv}",0.99878412765549,0.9986972796308821,Vv,Vv,chr08,76322,False,2.354178736751861e-07,3.280916956757561e-07,3.8118381215067333e-07,3.814576192476142e-07,0.00017115075227210324,2.7988935776803235e-07,7.142394821430164e-07,5.967164236189197e-07,0.00024615498659190724,6.618938602256582e-07,9.478870466148145e-07,0.0004313653593082414,7.18613404569433e-07,0.00036195585576207667,0.99878412765549
rh_chr8_96364,"{Vv,Vv}",0.999067742577491,0.9990011527615975,Vv,Vv,chr08,142536,False,1.3402901533122892e-07,1.789344471241443e-07,1.919541349655104e-07,1.9474764913648161e-07,0.0001017223268076499,1.2929661140734012e-07,5.038902944941707e-07,3.878716398360284e-07,0.00017855779942756378,4.310114727552283e-07,7.014610357841128e-07,0.00035144302559841266,4.947133889450348e-07,0.0002971863609856623,0.999067742577491
rh_chr8_222721,"{Vv,Vv}",0.9995603070740195,0.9995289004364495,Vv,Vv,chr08,268933,True,3.625468355766102e-08,4.885230497251524e-08,5.3565261160388485e-08,5.4628034215309934e-08,5.816073333052459e-05,3.017083150035219e-08,1.28879952976575e-07,1.0073139610536114e-07,8.0967747694878e-05,1.0227962753456732e-07,1.823822659242125e-07,0.00015954937719456352,1.2052090862247277e-07,0.00014015680249384872,0.9995603070740195
rh_chr8_301480,"{Vv,Vv}",0.9998888523129941,0.9998809131924936,Vv,Vv,chr08,347628,False,5.5811821354036675e-09,7.281841141566807e-09,8.093359829730344e-09,8.271223605010622e-09,2.52243613393009e-05,4.8306225419936775e-09,1.8461142781162098e-08,1.4555161466486123e-08,1.4497608269752889e-05,1.6213453765468177e-08,2.6394404418895788e-08,3.456333114547374e-05,1.8913561108862106e-08,3.673379029857759e-05,0.9998888523129941
rh_chr8_396592,"{Vv,Vv}",0.9999269666583592,0.9999217499910992,Vv,Vv,chr08,443126,True,2.3959922168496157e-09,3.3955138840402453e-09,3.83520370553666e-09,3.916448150290971e-09,1.6879837765210342e-05,2.0718079673875237e-09,8.418939135555498e-09,6.68349696084379e-09,1.1151669151558649e-05,6.888988690162556e-09,1.2020445251431995e-08,2.189907689973538e-05,7.996749984579747e-09,2.3045134238339385e-05,0.9999269666583592
rh_chr8_474142,"{Vv,Vv}",0.9999749624896888,0.9999731740960951,Vv,Vv,chr08,520727,False,1.0465085215054325e-09,1.4886663839158023e-09,1.7028628642199746e-09,1.7342468996326823e-09,5.836925763309477e-06,9.060451307508268e-10,3.6216540895842375e-09,2.8868491335624314e-09,4.1457877487703555e-06,2.9917097836529843e-09,5.1589116174577924e-09,7.356104137109144e-06,3.4450567242858374e-09,7.673710150900261e-06,0.9999749624896888
rh_chr8_730234,"{Vv,Vv}",0.9998944088884506,0.9998868666661971,Vv,Vv,chr08,775827,True,7.465444936326238e-10,1.3099083033541698e-09,1.4650199242890785e-09,1.4708554678975345e-09,2.6073378788572414e-05,6.904968468236471e-10,2.200018493583961e-09,1.901458012023468e-09,2.5335260376103247e-05,1.4492574387395637e-09,2.8692653827734883e-09,2.710204306158129e-05,1.576245226573908e-09,2.706475025363841e-05,0.9998944088884506
rh_chr8_1005872,"{Vv,Vv}",0.9999915545159603,0.9999909512671004,Vv,Vv,chr08,1049644,False,3.0191797837699776e-11,5.906111761719953e-11,9.663868698128148e-11,6.550171227147465e-11,1.890031601607544e-06,3.211256616002876e-11,1.1960010611488327e-10,7.531621317468405e-11,2.162340770699087e-06,9.415837976481497e-11,1.3905223349652368e-10,2.4056049381951676e-06,5.308601448980602e-11,1.986742010322172e-06,0.9999915545159603
rh_chr8_1155960,"{Vv,Vv}",0.9999798010514086,0.9999783582693663,Vv,Vv,chr08,1199431,False,4.233345257204182e-11,7.852649707248062e-11,1.9377034330246543e-10,9.085350301807854e-11,4.004668639756629e-06,5.130068433097987e-11,2.1913012916808136e-10,1.0095352062508407e-10,4.613372031774844e-06,1.8828893539249688e-10,2.3121809949737876e-10,7.168038214752209e-06,6.766592546423028e-11,4.411605663976411e-06,0.9999798010514086
rh_chr8_1222997,"{Vv,Vv}",0.9999331763032394,0.9999284031820422,Vv,Vv,chr08,1266306,False,8.28716184974788e-11,1.7390206536182908e-10,4.810381043956523e-10,2.0706043114917758e-10,1.3067439989774167e-05,1.0245855281724892e-10,5.261017954505181e-10,2.251879414775251e-10,1.5161989428124277e-05,4.2077622330299147e-10,5.427440195452811e-10,2.403204278677386e-05,1.332674154085154e-10,1.4559329147804983e-05,0.9999331763032394
rh_chr8_1817422,"{Vv,Vv}",0.9998784732564563,0.9998697927747746,Vv,Vv,chr08,1858888,False,4.6181732319113337e-10,8.902482971281549e-10,7.672277708363304e-10,6.039471464709851e-10,2.415246116572299e-05,1.0703904310640702e-09,9.78114147095505e-10,8.25700736293807e-10,4.7571126940910375e-05,4.5378452285593193e-10,6.502398399270308e-10,2.5977493776235515e-05,3.537025488932911e-10,2.3818606488096982e-05,0.9998784732564563
rh_chr8_1896435,"{Vv,Vv}",0.9999398029605021,0.9999355031719666,Vv,Vv,chr08,1939062,False,2.362425247631844e-10,4.1517565821214424e-10,4.0954316591893474e-10,2.497469284638099e-10,8.449135967948746e-06,6.089490001578428e-10,4.5235409619640435e-10,3.249474671310509e-10,3.4805700839910394e-05,1.8883042359571255e-10,2.5546187925770943e-10,9.067709335154279e-06,1.1226961072087102e-10,7.871239834112542e-06,0.9999398029605021
rh_chr8_2017540,"{Vv,Vv}",0.9999448169771668,0.9999408753326786,Vv,Vv,chr08,2059827,False,1.6065661752573317e-10,4.123090623462104e-10,3.090581715033615e-10,1.3444632530901752e-10,1.0934493855984987e-05,3.954376322237349e-10,4.3656099717120035e-10,1.8115286055810958e-10,2.8494209531144844e-05,6.135696570427249e-11,1.1587666587641603e-10,1.1402265232445597e-05,4.755148045964061e-11,4.349799806839189e-06,0.9999448169771668
rh_chr8_2197734,"{Vv,Vv}",0.9999772392497305,0.999975613481854,Vv,Vv,chr08,2232297,False,1.4445335533707564e-10,2.1401950583410413e-10,1.2265146695719225e-10,9.392727996452142e-11,8.092509671190172e-06,7.29101048367205e-11,7.761573356822265e-11,5.765883043141321e-11,1.0967574383174673e-05,1.973351339639901e-11,3.244208659478746e-11,1.9527985672518968e-06,1.481772028768233e-11,1.7470174183624895e-06,0.9999772392497305
rh_chr8_2250586,"{Vv,Vv}",0.9999367524955567,0.9999322348166679,Vv,Vv,chr08,2285206,True,2.9498382843805904e-10,4.2022371365945386e-10,2.0412538048389047e-10,2.054826769280509e-10,3.400260973358989e-05,1.1696409322279273e-10,1.343302748188849e-10,1.2074052814238661e-10,1.604801855993254e-05,3.732163580044024e-11,6.436352842272718e-11,6.281147540487646e-06,3.386029874500138e-11,6.914096213346483e-06,0.9999367524955567
rh_chr8_2443239,"{Vv,Vv}",0.9998511011236897,0.9998404654896675,Vv,Vv,chr08,2469551,False,1.227677391797358e-09,1.05019394110791e-09,4.353248838220431e-10,8.158805921245778e-10,0.00011086548714518348,1.7422507263382275e-10,1.8163469578713375e-10,1.905519142519342e-10,1.979314426431467e-05,1.036125673511153e-10,1.5959879672083796e-10,7.330101677279451e-06,8.967567497497958e-11,1.0905714848093315e-05,0.9998511011236897
rh_chr8_2564886,"{Vv,Vv}",0.9997981608470031,0.9997837437646462,Vv,Vv,chr08,2590547,False,1.195654914851281e-09,9.92591268771702e-10,8.947232264241394e-10,1.8108407170679626e-09,0.0001586276866537225,1.26047992319673e-10,3.1993558362013614e-10,2.331156046260716e-10,1.530440300496554e-05,1.6089822120793135e-10,2.7112601870509107e-10,1.2496598320586383e-05,1.1613456674970201e-10,1.5404343949499894e-05,0.9997981608470031
rh_chr8_2666965,"{Vv,Vv}",0.99976536750771,0.9997486080439749,Vv,Vv,chr08,2691860,False,4.103211028055229e-10,6.610054220689544e-10,6.48659036336405e-10,3.0397336351314472e-09,0.00019834954179461425,1.7307437144295956e-10,4.178789827012796e-10,3.661579422695375e-10,1.045764704022031e-05,1.7864151462868156e-10,3.6662055919585154e-10,9.155399255828852e-06,1.713800062522704e-10,1.6663470726854827e-05,0.99976536750771
rh_chr8_2784591,"{Vv,Vv}",0.999744563163404,0.9997263176750757,Vv,Vv,chr08,2810619,True,2.50597427471116e-09,4.082434835991857e-09,4.0078507404976426e-09,6.111340904534175e-09,0.0001744506088510407,4.1540685693994307e-10,9.152608559108171e-10,1.0201064701892981e-09,2.5597537677924965e-05,3.9802448915576166e-10,9.916008087559268e-10,2.4365848038561664e-05,5.01160505705359e-10,3.100189286780781e-05,0.999744563163404
rh_chr8_3176495,"{Vv,Vv}",0.9999304822544014,0.9999255167011444,Vv,Vv,chr08,3201714,False,6.796882540653568e-10,1.087018459205446e-09,9.063905882662737e-10,1.65817409637475e-09,3.354022607996973e-05,2.1235520819343976e-10,3.563385366496567e-10,5.942673899859085e-10,1.138169383429995e-05,1.5251963298980967e-10,5.239710768677632e-10,1.03592589264409e-05,3.722432260195625e-10,1.4230023791439416e-05,0.9999304822544014
rh_chr8_3320879,"{Vv,Vv}",0.9998352548071586,0.9998234872933842,Vv,Vv,chr08,3347570,False,1.0905940544940116e-09,2.1294405975491575e-09,1.6731063494189078e-09,3.3272985021674376e-09,5.501020776027546e-05,6.184235788030427e-10,1.0874989330910852e-09,1.964442961242727e-09,3.484840995727764e-05,3.86553116217434e-10,1.7025631538835298e-09,3.12558209556726e-05,1.1887773465823402e-09,4.361558546959491e-05,0.9998352548071586
rh_chr8_4108038,"{Vv,Vv}",0.9999371725549853,0.9999326848803414,Vv,Vv,chr08,4136000,False,5.901940886492971e-10,4.1977592544715385e-10,4.138552909482716e-10,4.4236568294962146e-10,4.7782407658439724e-05,1.0105518881747219e-10,1.733980363936569e-10,1.8417876535508972e-10,5.03429731572498e-06,9.804318924868855e-11,1.8022240466561698e-10,4.881533517424255e-06,1.0566579381070756e-10,5.126497768850996e-06,0.9999371725549853
rh_chr8_4214869,"{Vv,Vv}",0.9999499463798871,0.9999463711213076,Vv,Vv,chr08,4242765,False,5.634282017021294e-10,4.538171390861404e-10,4.536343101470243e-10,4.691711215256712e-10,3.791646381988699e-05,9.056640396270245e-11,1.8699552880513455e-10,1.9418289133536752e-10,3.9811878842644485e-06,8.778267335097406e-11,1.9047360602052105e-10,4.034636842640729e-06,9.217235318896364e-11,4.118549341885773e-06,0.9999499463798871
rh_chr8_4661848,"{Vv,Vv}",0.9999777054478517,0.9999761129798411,Vv,Vv,chr08,4686122,False,1.4654540341451715e-10,1.6351449934657847e-10,1.6684804424859415e-10,1.461047298171121e-10,7.991606203098282e-06,5.745688465224074e-11,9.067244460737569e-11,8.101478649281403e-11,5.042431035514243e-06,5.798454112323519e-11,8.037062792173857e-11,4.82688598544288e-06,4.697561084103936e-11,4.4325914367217555e-06,0.9999777054478517
rh_chr8_4918103,"{Vv,Vv}",0.9999737822838334,0.9999719095898215,Vv,Vv,chr08,4942020,False,5.267624707817476e-10,4.865809214743402e-10,5.337520766825479e-10,3.68515228595178e-10,1.0344035909428864e-05,1.689266699714988e-10,2.977013514528654e-10,1.971682922214852e-10,7.062095238101209e-06,2.0103622780784205e-10,2.0364168055274726e-10,5.671075381526834e-06,1.1766095838882856e-10,3.1374078917135996e-06,0.9999737822838334
rh_chr8_5062235,"{Vv,Vv}",0.9998436153514741,0.9998324450194366,Vv,Vv,chr08,5087101,False,4.1809901463731916e-09,3.942601908533949e-09,4.2773831425672674e-09,2.842923030437396e-09,7.348685680477064e-05,1.3579741088438372e-09,2.5893745493109303e-09,1.684489102862608e-09,2.988127073084909e-05,1.7224267086327586e-09,1.6974006483467323e-09,3.455495144722778e-05,1.0003062005220005e-09,1.843627367341303e-05,0.9998436153514741
rh_chr8_5398297,"{Vv,Vv}",0.9990852665715677,0.9990199284695368,Vv,Vv,chr08,5421958,False,5.655574021253298e-08,7.458168789104115e-08,8.454633554895912e-08,5.6218357740639335e-08,0.00030426639321014227,1.946401404743937e-08,4.197471742670931e-08,2.6080241618423023e-08,0.00021877263605989206,2.8229149907176077e-08,2.7601325025032263e-08,0.0002614393161825134,1.6807234644367587e-08,0.00012982302417562937,0.9990852665715677
rh_chr8_5630677,"{Vv,Vv}",0.9985408210145679,0.9984365939441798,Vv,Vv,chr08,5653470,False,9.652821355349623e-08,2.0492130776300134e-07,2.3226747449803488e-07,1.4202979733150759e-07,0.0004034251495436659,7.178659408947229e-08,2.0670895141514213e-07,9.731508004871531e-08,0.00039089271509620084,1.0345256302118384e-07,1.012964199221398e-07,0.00047194132885448035,4.155179736051754e-08,0.00019162193373882205,0.9985408210145679
rh_chr8_7224682,"{Vv,Vv}",0.9999162090379884,0.9999102239692733,Vv,Vv,chr08,8400783,False,6.140176889334604e-10,1.0314411170740557e-09,2.5547721985157523e-09,1.1981614937123524e-09,1.0308215008794032e-05,6.087093460306975e-10,2.5391633047604322e-09,1.1881024092634224e-09,1.0268078320343631e-05,3.1333703372908095e-09,2.6356809794891597e-09,4.5292853060163645e-05,9.502600588327421e-10,1.7905361943370927e-05,0.9999162090379884
rh_chr8_7371285,"{Vv,Vv}",0.9999044198657944,0.9998975927133511,Vv,Vv,chr08,8546088,False,6.153591812276306e-11,1.192517152547073e-10,4.126411339684817e-10,1.619523322705126e-10,4.853465763768951e-06,6.103693239413428e-11,4.1044600606202603e-10,1.6082089604911627e-10,4.842461322555128e-06,3.87334469391007e-10,4.609309935701197e-10,6.970623102769888e-05,1.1518834928065407e-10,1.617562495286119e-05,0.9999044198657944
rh_chr8_7443260,"{Vv,Vv}",0.999987317892879,0.9999864120280846,Vv,Vv,chr08,8617986,False,4.129083743595968e-12,8.253738422818832e-12,3.9609393563322616e-11,1.495261197520527e-11,4.986988782266188e-07,4.081313076208136e-12,3.939907363010793e-11,1.484820426344215e-11,4.964517066770549e-07,4.624820014729667e-11,5.696305100175046e-11,8.88504271390053e-06,1.4019593041881405e-11,2.8016713178974744e-06,0.999987317892879
rh_chr8_7542838,"{Vv,Vv}",0.9999889686734088,0.9999881807215094,Vv,Vv,chr08,8716944,False,1.016083861355571e-12,1.8831571378331116e-12,9.01042270797102e-12,4.4808872701577125e-12,5.347907411832219e-07,9.946751250912396e-13,8.927345930333524e-12,4.434907703866758e-12,5.2238842193874e-07,1.3552438409361778e-11,2.131767083762325e-11,6.118599214065579e-06,5.917593079600276e-12,3.855476678783672e-06,0.9999889686734088
rh_chr8_7624958,"{Vv,Vv}",0.9999957901219251,0.9999954894163483,Vv,Vv,chr08,8800204,False,9.183403301853066e-13,1.7070224720370535e-12,5.349197430471428e-12,3.689166348043339e-12,3.7895289550275366e-07,8.605244395944317e-13,5.254768894550317e-12,3.5838291496834124e-12,3.6739568944371636e-07,4.201322375199193e-12,9.068430069401335e-12,1.055361047332441e-06,3.9019045090685426e-12,2.4081299081478745e-06,0.9999957901219251
rh_chr8_7812019,"{Vv,Vv}",0.9999963505927453,0.9999960899207985,Vv,Vv,chr08,8987064,False,6.245728829831335e-12,6.0639038214506304e-12,6.5825392773881556e-12,1.0435578012821303e-11,9.435013096129527e-07,3.632604298556627e-12,5.6872809185446454e-12,7.28523101823197e-12,6.088594718225319e-07,3.967356175298459e-12,7.898001766522356e-12,7.236191241899938e-07,8.109093581742063e-12,1.373361441718041e-06,0.9999963505927453
rh_chr8_7898256,"{Vv,Vv}",0.9999884052331831,0.9999875770355533,Vv,Vv,chr08,9073708,False,1.8424488862881746e-11,1.784431717718189e-11,1.8347376440524804e-11,3.153722528757193e-11,3.921664504174282e-06,1.0224458225066994e-11,1.6761870229642155e-11,1.8485737800514688e-11,1.5518759945873605e-06,1.042712240416243e-11,1.9041493270284308e-11,1.5485558197005047e-06,2.077548349280086e-11,4.572488628884395e-06,0.9999884052331831
rh_chr8_8086885,"{Vv,Vv}",0.9999728923876385,0.9999709561296127,Vv,Vv,chr08,9262398,False,1.5259390358344435e-10,1.8823532657356992e-10,1.8582738829003295e-10,2.2510560949772593e-10,7.703222983469373e-06,9.491070170660752e-11,1.4762909017714746e-10,1.771213150485728e-10,6.653053911914618e-06,9.883107711535236e-11,1.7496663961518027e-10,5.557525251300553e-06,1.2124838144678931e-10,7.192243745341967e-06,0.9999728923876385
rh_chr8_8227840,"{Vv,Vv}",0.9997778963259762,0.9997620317778317,Vv,Vv,chr08,9404805,False,2.141162007608673e-09,2.7922551172568683e-09,2.7813021894929275e-09,2.927514218834315e-09,6.571464127871547e-05,1.4024186035990932e-09,2.4097260902189066e-09,2.5154174658322096e-09,5.106964501780069e-05,1.5461047073262553e-09,2.5067244267855855e-09,5.0923884491981095e-05,1.5502976564133403e-09,5.437293031283144e-05,0.9997778963259762
rh_chr8_9037920,"{Vv,Vv}",0.9996620830083023,0.9996379460803239,Vv,Vv,chr08,10210384,False,1.0125695936003172e-08,6.040598115825862e-09,5.9996148427387435e-09,7.683079209982673e-09,0.0001503842099370302,1.0993314249464394e-09,1.9674190109382194e-09,2.4561049461496055e-09,5.620569554137302e-05,1.102452807764929e-09,2.4457242851273226e-09,5.559285921479005e-05,2.0122467723972193e-09,7.569329473720531e-05,0.9996620830083023
rh_chr8_9266897,"{Vv,Vv}",0.9998311365730317,0.9998190748996768,Vv,Vv,chr08,10440614,False,4.57684283111963e-09,1.1844714637396666e-09,1.1175409244288824e-09,2.7511795939416646e-09,0.0001004438970669125,2.186134908061117e-10,4.705699330658382e-10,5.856173819695245e-10,1.5333657605588012e-05,2.183868428973261e-10,5.459215697620504e-10,1.4266989322201945e-05,6.900734568472357e-10,3.8806523756086076e-05,0.9998311365730317
rh_chr8_9332167,"{Vv,Vv}",0.999875778218538,0.9998669052341479,Vv,Vv,chr08,10505477,False,3.5403740243018797e-09,7.312965953472315e-10,6.958793696037251e-10,1.6783414643633865e-09,8.420088282664157e-05,1.3376667757457812e-10,3.3232887400971166e-10,4.429377838576973e-10,9.110076394564048e-06,1.3234295816647976e-10,4.1845472345541324e-10,8.574732267512555e-06,3.9963975786833663e-10,2.2327584610961774e-05,0.999875778218538
rh_chr8_9483316,"{Vv,Vv}",0.9999826789205064,0.9999814417005426,Vv,Vv,chr08,10663800,False,2.0196009691894332e-10,4.71268608813098e-11,4.62837599259091e-11,8.142088555883222e-11,1.30050603925057e-05,3.939677498900693e-12,9.432996809829568e-12,1.4785026288707165e-11,9.606098189296904e-07,3.923492850843807e-12,1.4344127638262293e-11,9.371944142715417e-07,1.2521838787875796e-11,2.4177791291656512e-06,0.9999826789205064
rh_chr8_9585235,"{Vv,Vv}",0.9999804768034726,0.9999790822894349,Vv,Vv,chr08,10767812,False,4.608165467648691e-11,1.550471483965235e-11,1.5850937635608048e-11,2.2820792678121975e-11,1.6393441530715995e-05,1.6123548670313096e-12,3.0557589628187405e-12,4.4344918203856855e-12,5.627941878790923e-07,1.7660021915252636e-12,4.5419274812287096e-12,5.892157386632648e-07,3.4599990629056784e-12,1.9776259415568178e-06,0.9999804768034726
rh_chr8_9702346,"{Vv,Vv}",0.999974487287532,0.9999726649509272,Vv,Vv,chr08,10883729,False,6.786702948673174e-11,4.790233310952228e-11,5.157035699517236e-11,5.639503303765758e-11,1.9514945854151488e-05,7.162588154315804e-12,1.0967238648330293e-11,1.3036624201362994e-11,1.6884151224361504e-06,8.809721077596078e-12,1.4274996758883999e-11,2.026467864239197e-06,1.0273335229751929e-11,2.282595367850813e-06,0.999974487287532
rh_chr8_9810148,"{Vv,Vv}",0.9999425758022877,0.9999384740738797,Vv,Vv,chr08,10983290,True,2.3966579390518204e-10,2.828636679932794e-10,3.0606717179724584e-10,2.991021155213192e-10,2.4034533672329602e-05,7.38543912437547e-11,1.2098098319838783e-10,1.1910847601252074e-10,1.0243684244388285e-05,9.127024234715028e-11,1.3091570085311208e-10,1.1715390189121333e-05,8.436994689791157e-11,1.1428841407934208e-05,0.9999425758022877
rh_chr8_9924400,"{Vv,Vv}",0.9999367936844007,0.9999322789475722,Vv,Vv,chr08,11097574,False,3.4959557286243305e-10,5.079778339107758e-10,5.546770282530422e-10,5.267421588508854e-10,2.1534495149624435e-05,1.46388182796655e-10,3.142938988596421e-10,2.972091267893886e-10,1.2338654470262306e-05,1.875492207603413e-10,3.3043322211261746e-10,1.5121114413007343e-05,1.6187563214481487e-10,1.4208674824535533e-05,0.9999367936844007
rh_chr8_10146498,"{Vv,Vv}",0.9999366442040568,0.9999321187900608,Vv,Vv,chr08,11319544,False,4.1910245027135534e-10,5.735516073338033e-10,6.819685255056202e-10,6.028071515523563e-10,1.900233808734429e-05,2.206251346187648e-10,4.869027777946167e-10,4.1967098375594926e-10,1.2772130586386347e-05,3.46651934052546e-10,5.132964599204399e-10,1.747499647683934e-05,2.5310919659136723e-10,1.4101813106360275e-05,0.9999366442040568
rh_chr8_10266320,"{Vv,Vv}",0.9998973288692952,0.999889995217102,Vv,Vv,chr08,11432914,True,4.702887557080438e-10,7.087978567916921e-10,8.522678616920574e-10,7.385255259848931e-10,2.9576067542044412e-05,2.5908837143849057e-10,6.573542894608974e-10,5.494708446223095e-10,2.0494662572498315e-05,4.3791286576025465e-10,6.835178982016535e-10,3.0027458676348963e-05,2.99069143152852e-10,2.2567285620606826e-05,0.9998973288692952
rh_chr8_10383725,"{Vv,Vv}",0.9998909115791343,0.9998831195490725,Vv,Vv,chr08,11550392,True,4.0742104854269176e-10,7.153885624082348e-10,8.643741547241388e-10,7.338180991349555e-10,3.19652537443464e-05,2.1942128438051735e-10,7.0444903235281e-10,5.661967461705714e-10,1.9897081283014956e-05,4.1406852583352115e-10,7.177567011652671e-10,3.447305342366764e-05,2.584135687693793e-10,2.2747431106957676e-05,0.9998909115791343
rh_chr8_10545513,"{Vv,Vv}",0.9999401829515275,0.9999359103052081,Vv,Vv,chr08,11713960,False,4.945920383204173e-11,1.3932885739547547e-10,1.201770280444998e-10,1.0170767296214994e-10,2.076327290883779e-05,3.31526706942377e-11,1.4945902938146315e-10,9.21635633811283e-11,4.480198989559013e-06,5.827330241682186e-11,1.0314824779310959e-10,2.614552824466058e-05,3.605676120201229e-11,8.427165403102089e-06,0.9999401829515275
rh_chr8_10660800,"{Vv,Vv}",0.9999700182179764,0.9999678766621175,Vv,Vv,chr08,11828993,False,4.0785525423173327e-11,7.295159143692908e-11,9.637875883355633e-11,6.818059934034368e-11,1.0483397317130533e-05,1.5286822430651873e-11,7.62032540519383e-11,4.256679560353067e-11,3.7349420909659513e-06,3.608899402367717e-11,7.020180226905567e-11,1.0800368424885113e-05,1.8136852966677075e-11,4.9625374096873105e-06,0.9999700182179764
rh_chr8_10735044,"{Vv,Vv}",0.9999910100592656,0.9999903679206418,Vv,Vv,chr08,11907352,False,1.445678314217692e-11,1.7607458287552784e-11,1.9701790372688768e-11,1.453809675983682e-11,4.2941020892191956e-06,3.660397303188243e-12,1.3199126226755716e-11,8.690109097462885e-12,1.238392525343233e-06,5.3508221999892645e-12,1.1113371475681802e-11,2.1677093390481387e-06,3.1816594792735213e-12,1.2896252811610475e-06,0.9999910100592656
rh_chr8_10850929,"{Vv,Vv}",0.9999837326128486,0.9999825706566234,Vv,Vv,chr08,12023177,False,3.8595880729354434e-11,3.371293789334975e-11,1.8119484274846246e-11,1.726775688830197e-11,1.0806113021155109e-05,1.564618680314593e-11,2.029562722241216e-11,2.3022012701886076e-11,2.664003961149979e-06,6.454491502615241e-12,1.2743935323541387e-11,1.2279858676319874e-06,7.572706159671914e-12,1.5690908704741227e-06,0.9999837326128486
rh_chr8_10993976,"{Vv,Vv}",0.9999521641305993,0.9999487472827849,Vv,Vv,chr08,12167019,False,4.820567304780691e-11,2.2945176335065087e-10,4.196484560226774e-11,4.467273152819942e-11,1.8872340817607248e-05,7.06841608678082e-11,6.578857862543162e-11,1.2615574917021423e-10,1.8716667167705635e-05,1.6456851916618727e-11,2.4625946078249844e-11,2.74875990940552e-06,1.9931176179305366e-11,7.497413568499923e-06,0.9999521641305993
rh_chr8_11082356,"{Vv,Vv}",0.9998003945308199,0.9997861369973071,Vv,Vv,chr08,12243468,False,1.9309567047851965e-10,1.35484877857969e-09,2.1844172573257535e-10,2.461470637778034e-10,2.853350278280101e-05,2.598641220509175e-10,2.9963477845359414e-10,7.976707912767843e-10,0.00013551769344474006,7.792768569216244e-11,1.3831732608569585e-10,1.7589851511443713e-05,1.0075162890998231e-10,1.7960734741620865e-05,0.9998003945308199
rh_chr8_11215366,"{Vv,Vv}",0.9994829255457928,0.9994459916562065,Vv,Vv,chr08,12376508,False,3.1029059944153837e-10,4.161442316897637e-09,4.046880687577739e-10,4.4016980916337037e-10,3.508934725380761e-05,1.824298742293826e-10,4.5376382448805365e-10,2.9152667996508374e-09,0.0004188059648701969,1.630034401013696e-10,3.2070085707607343e-10,3.638653857063573e-05,1.8968680922278738e-10,2.6783062070181546e-05,0.9994829255457928
rh_chr8_11308042,"{Vv,Vv}",0.9995082150158531,0.9994730875169855,Vv,Vv,chr08,12470444,False,2.3811902606082243e-10,1.7968943042762666e-09,2.781299159759066e-10,3.461731764523289e-10,3.3487657524044394e-05,3.306046413753316e-10,6.730145104982128e-10,1.238720427174725e-09,0.00038442948805009067,8.346324464485731e-11,2.506917825237183e-10,4.707595464471832e-05,1.3473425998050487e-10,2.6786513382822233e-05,0.9995082150158531
REN4_PsGc31_1268945_1269945,"{Vv,Vv}",0.9996141720791987,0.9995866129419986,Vv,Vv,chr08,12581166,True,5.60466151682215e-10,4.1537579687837796e-09,8.46477043178381e-10,8.47529764422608e-10,4.1044568732854636e-05,1.5179072424003316e-09,3.9894940437574496e-09,3.1277582757692464e-09,0.00026896143870843684,2.927213565001106e-10,9.320236390875597e-10,4.309952697394913e-05,3.3229871137656e-10,3.270578595185061e-05,0.9996141720791987
rh_chr8_11435234,"{Vv,Vv}",0.9996321462536549,0.9996058709860589,Vv,Vv,chr08,12597224,True,5.896987313416687e-10,4.292795778453428e-09,9.046961962467882e-10,9.129042206674416e-10,4.1470304839602726e-05,1.5269406214373152e-09,4.292052960898729e-09,3.2139116282744133e-09,0.00025161920402273167,2.996102244655659e-10,1.0153567307089856e-09,4.185443019461618e-05,3.4612284405373397e-10,3.2892413198183144e-05,0.9996321462536549
rh_chr8_11544717,"{Vv,Vv}",0.9997716277275915,0.9997553154224195,Vv,Vv,chr08,12706131,False,7.156304944996294e-10,3.362043141255763e-09,9.252875263445168e-10,1.0801963552186582e-09,3.9878813026477366e-05,7.92276411473226e-10,4.7957263619659286e-09,2.087823549216136e-09,0.00012988026237161624,2.222432606137091e-10,1.2770546837947215e-09,2.893071909625107e-05,3.6624060300682247e-10,2.9666853391673002e-05,0.9997716277275915
rh_chr8_11650720,"{Vv,Vv}",0.9998730626680838,0.9998639957158041,Vv,Vv,chr08,12812162,False,7.089357956563413e-10,2.2675441343549903e-09,8.99435089454938e-10,1.1215553629196847e-09,3.153906046884441e-05,7.958956829842905e-10,8.407893419925165e-09,1.4568102066488266e-09,5.224184224955633e-05,3.0321869705223773e-10,2.0048920542273743e-09,1.9103350553055527e-05,4.0508785394744204e-10,2.4034707376415006e-05,0.9998730626680838
rh_chr8_11773246,"{Vv,Vv}",0.999933633811632,0.9999288933696058,Vv,Vv,chr08,12934692,False,7.980271546736165e-10,1.9490526924762845e-09,1.039380230817384e-09,1.0640117083140662e-09,2.071318545078206e-05,7.367507554850296e-10,1.4042567668079304e-08,1.3073301746106774e-09,2.4807097032012164e-05,4.862441548700402e-10,3.5549740893946155e-09,1.2099363035727552e-05,3.7384228026914053e-10,8.721190668545195e-06,0.999933633811632
rh_chr8_11992421,"{Vv,Vv}",0.999712779815615,0.9996922640881589,Vv,Vv,chr08,13154465,False,3.201405242504171e-09,4.109898507646586e-09,3.5389559283319326e-09,2.828713197251421e-09,0.00011498533457047625,1.9813168896927855e-09,6.17095597748422e-08,3.3462965660123456e-09,5.7262114703264975e-05,3.5157965305535603e-09,1.9251522835542273e-08,8.090351540682394e-05,1.4125650966809046e-09,3.396432367379367e-05,0.999712779815615
rh_chr8_12251683,"{Vv,Vv}",0.9996555265082161,0.9996309212588029,Vv,Vv,chr08,13415050,False,3.896109648422163e-09,2.678315466368972e-09,3.6159878758061344e-09,2.2813487791429806e-09,0.00018782006506025598,1.8622221379407298e-09,3.1326146755020214e-08,1.1816669709407224e-09,3.905077617892275e-05,1.4057076869731753e-09,4.085772797953854e-09,0.00010283170178550806,5.923715041563981e-10,1.4718023109540506e-05,0.9996555265082161
rh_chr8_12336402,"{Vv,Vv}",0.9994362639407395,0.9993959970793638,Vv,Vv,chr08,13499764,False,6.9229197126218284e-09,4.655900570590115e-09,6.380360134212791e-09,4.778231893278862e-09,0.00020629750425309109,2.7236927038771806e-09,3.1429568291025855e-08,1.3820532535752434e-09,8.19756712035894e-05,1.0263429525357721e-09,2.83497352165079e-09,0.0002442253079286442,7.902412792272879e-10,3.117465159098173e-05,0.9994362639407395
rh_chr8_12429651,"{Vv,Vv}",0.9994147118961116,0.9993729056029768,Vv,Vv,chr08,13594250,False,1.1536878349097681e-08,8.04263824926836e-09,1.6074467667870413e-08,8.991779563956317e-09,0.0002340483493487132,3.197327710213825e-09,2.953382748770183e-08,2.6615340311262825e-09,8.773591553080029e-05,4.517713849578753e-09,7.048945357224575e-09,0.0002169234816227105,1.4205468456459327e-09,4.648733172703381e-05,0.9994147118961116
rh_chr8_12529769,"{Vv,Vv}",0.9993432579513442,0.9992963478050116,Vv,Vv,chr08,13694018,True,1.7415784361658984e-08,1.1922813843575088e-08,2.5332888523515152e-08,1.4670426824205388e-08,0.0002843462529879419,3.589097611927669e-09,2.9112935459659654e-08,4.554749519128215e-09,9.008444245449364e-05,7.461507007966994e-09,1.073115727342624e-08,0.00020984033914621617,2.378343054387391e-09,7.234384436378117e-05,0.9993432579513442
rh_chr8_12843847,"{Vv,Vv}",0.9992854242497272,0.9992343831247077,Vv,Vv,chr08,14006564,False,3.4306587028799366e-08,1.0588234371072555e-08,3.508283720528756e-08,2.870970746947915e-08,0.00040164407761872773,2.769002575082041e-09,1.7299241551662658e-08,4.1682018338404745e-09,5.522030913455506e-05,1.09988585885366e-08,1.0906978821813968e-08,0.00014618846716613675,5.066995552747362e-09,0.00011136299970835712,0.9992854242497272
rh_chr8_12950516,"{Vv,Vv}",0.9992547729270168,0.9992015424218037,Vv,Vv,chr08,14113253,True,3.370096715459007e-08,1.3435769630328224e-08,4.7397189107739006e-08,3.054539910907652e-08,0.0004145347351463134,2.4781476496729636e-09,1.5657895416504255e-08,4.930579098939584e-09,6.021364367559453e-05,1.1549005465139378e-08,1.2609768967240851e-08,0.00016070202641449126,4.933751820627553e-09,0.00010959942927337941,0.9992547729270168
rh_chr8_13104592,"{Vv,Vv}",0.9992638928397611,0.999211313756887,Vv,Vv,chr08,14274202,False,2.916783352495425e-08,1.3613782548130052e-08,6.276858938450251e-08,2.8785006498393e-08,0.0004205296188018909,1.733861924860082e-09,1.1806343847359502e-08,4.414587023892507e-09,5.3651497895307304e-05,1.1432028237939264e-08,1.2706312123393508e-08,0.00016876489860618508,3.996415378303063e-09,9.298072017496397e-05,0.9992638928397611
rh_chr8_13261367,"{Vv,Vv}",0.999377728000927,0.9993332800009932,Vv,Vv,chr08,14413654,False,1.4031238583517609e-08,8.501826918625154e-09,5.790112650541908e-08,1.821849800088659e-08,0.00038888791618370164,8.772561311262447e-10,5.868306851811937e-09,2.36924112665995e-09,3.292188288074608e-05,6.162487650489539e-09,7.384241326323035e-09,0.00014250505550694978,2.208032305230641e-09,5.7833622246254556e-05,0.999377728000927
rh_chr8_13355367,"{Vv,Vv}",0.9994668597453853,0.9994287782986271,Vv,Vv,chr08,14515067,True,1.004821021319966e-08,7.806243627146791e-09,4.7627341476052785e-08,1.5270858162644225e-08,0.00029412920713565256,7.338357302833566e-10,5.126198429772968e-09,2.1524688313795128e-09,3.5164128222259054e-05,5.433104611674604e-09,7.186305529228982e-09,0.00014585729684132533,1.930636108176084e-09,5.788630721279746e-05,0.9994668597453853
rh_chr8_13482645,"{Vv,Vv}",0.9996144458236111,0.9995869062395834,Vv,Vv,chr08,14640980,True,4.815680021607959e-09,4.414045378109113e-09,3.259237926326955e-08,9.392371188290362e-09,0.00016779993821355483,4.2149507280593364e-10,3.267863459140206e-09,1.3655984569530532e-09,2.8450936367693642e-05,3.7031213973265626e-09,5.816146396220102e-09,0.00014072546932758525,1.3885905129787488e-09,4.851065518889827e-05,0.9996144458236111
rh_chr8_13582202,"{Vv,Vv}",0.999760086363946,0.9997429496756564,Vv,Vv,chr08,14740551,False,1.9326011193496e-09,1.5016537251444653e-09,2.1438270036685966e-08,5.027358055504737e-09,6.11128464677362e-05,1.5257074136884085e-10,1.3131409353800053e-09,5.532114273473717e-10,1.569292852695099e-05,1.7748834293396451e-09,4.143695038716554e-09,0.00012937742896926863,9.216446909906112e-10,3.369167306087412e-05,0.999760086363946
rh_chr8_13705893,"{Vv,Vv}",0.9994974855526658,0.9994615916635705,Vv,Vv,chr08,14863526,False,1.9116447842760916e-09,1.7187233131463346e-09,2.413452078401571e-08,6.119758797162067e-09,6.695044642864e-05,3.130608919732874e-10,9.85198851355452e-10,7.867999232744383e-10,2.9203605136080827e-05,1.503115853451086e-09,6.6947129986466945e-09,0.00031573833850515135,1.7666324016337715e-09,9.057612309572348e-05,0.9994974855526658
rh_chr8_13823480,"{Vv,Vv}",0.9995467943991807,0.9995144225705508,Vv,Vv,chr08,14980206,False,1.587920343078464e-09,1.7370901917305759e-09,1.798208845789669e-08,5.104810560448438e-09,6.204411099258636e-05,4.0695182035057917e-10,3.418842061031414e-09,1.5507897093327276e-09,3.459036811170714e-05,3.80605371907365e-09,8.642545755993787e-09,0.0002688670795328787,1.9952606150154145e-09,8.765780982891941e-05,0.9995467943991807
rh_chr8_13885816,"{Vv,Vv}",0.9995873754164828,0.9995579022319458,Vv,Vv,chr08,15042498,True,1.332366438278329e-09,1.6053621326558924e-09,1.491340268394669e-08,4.469690527125457e-09,5.582341042790571e-05,3.8304060966314463e-10,3.9123016017378485e-09,1.720191981723109e-09,3.38345863583385e-05,4.207588577055691e-09,8.854549539398829e-09,0.000240407086806017,1.929074067477544e-09,8.251617235680693e-05,0.9995873754164828
rh_chr8_13973400,"{Vv,Vv}",0.9996611007513004,0.9996368936621076,Vv,Vv,chr08,15129932,False,9.102756180197637e-10,1.1704630710364616e-09,1.0289200680131173e-08,3.279283286890284e-09,4.285971777556319e-05,2.7276686797875765e-10,3.743347698474444e-09,1.6176237815312852e-09,2.850967086297839e-05,4.0370631152105704e-09,8.154899167923637e-09,0.0001964061811249853,1.6574007095814916e-09,7.108854661207434e-05,0.9996611007513004
rh_chr8_14086001,"{Vv,Vv}",0.9997508677473327,0.9997330725864279,Vv,Vv,chr08,15242560,True,7.700442236461788e-10,1.1545503726398842e-09,7.460235840955798e-09,2.6571023740567124e-09,3.96650101849132e-05,2.95984608177597e-10,3.489098718947893e-09,1.5667192136235664e-09,2.5110372999030685e-05,2.9701513703985073e-09,6.295502049883024e-09,0.00013178315450278132,1.2226241149255441e-09,5.2545832967622394e-05,0.9997508677473327
rh_chr8_14233651,"{Vv,Vv}",0.9999177295137038,0.999911853050397,Vv,Vv,chr08,15390192,False,3.7368634990555247e-10,5.439067047041672e-10,2.7154607844165545e-09,1.100008668833239e-09,2.3020572181581385e-05,1.6844212292590492e-10,1.5706193862285327e-09,7.593329453707893e-10,8.145718503756104e-06,1.2917634485538742e-09,2.5752903096906076e-09,3.520160976401566e-05,5.643902113415428e-10,1.5890922945842126e-05,0.9999177295137038
rh_chr8_14401501,"{Vv,Vv}",0.9998837773083303,0.9998754756874968,Vv,Vv,chr08,15579224,True,4.771253732871854e-10,8.297274477180362e-10,2.197036591396862e-09,1.2370023285117406e-09,3.036101311759734e-05,2.645707341220162e-10,1.4295858737247137e-09,8.638446155318686e-10,1.9782585386439946e-05,9.473916165095767e-10,2.052262669767888e-09,3.821305729451635e-05,5.456032170338321e-10,2.785519172059839e-05,0.9998837773083303
rh_chr8_14638681,"{Vv,Vv}",0.9999692754121835,0.9999670807987681,Vv,Vv,chr08,15816332,False,1.650790203394873e-11,3.653722057214791e-11,1.951208652042418e-10,1.4134280693775794e-10,7.5661157798607354e-06,1.1160467823029172e-11,4.319313923655387e-11,3.489958453302337e-11,2.2539026698609005e-06,2.619705823020175e-11,1.211116631105799e-10,1.0072190489765547e-05,5.654667273194941e-11,1.083169625967634e-05,0.9999692754121835
rh_chr8_14700208,"{Vv,Vv}",0.9999945824170952,0.9999941954468877,Vv,Vv,chr08,15878098,False,3.093364846627381e-12,6.647861010726182e-12,2.6635694316648406e-11,2.1151686665118424e-11,1.220957780103967e-06,1.806728660767397e-12,7.90046364491778e-12,7.206509321846118e-12,4.7518890466603286e-07,4.446344328109114e-12,1.9014356071003906e-11,1.4521010449642596e-06,8.769824896785783e-12,2.2692285022508264e-06,0.9999945824170952
rh_chr8_14793667,"{Vv,Vv}",0.9999978319609855,0.9999976771010558,Vv,Vv,chr08,15967522,False,9.019281750899828e-13,1.6763276989211084e-12,3.226827773065492e-12,3.2985365980864742e-12,4.495868381636116e-07,7.270151350736755e-13,1.7361623390886984e-12,2.0251728820883817e-12,4.287333535008285e-07,8.640437003679184e-13,2.9660657038122497e-12,4.2693074753756875e-07,1.6476088010251963e-12,8.627690056039928e-07,0.9999978319609855
rh_chr8_14881905,"{Vv,Vv}",0.9999971940179083,0.9999969935906161,Vv,Vv,chr08,16055748,False,8.554082087924766e-13,9.10584564156652e-13,8.818865978725586e-13,1.3677565190023994e-12,5.711414574944368e-07,3.51700762799756e-13,5.608306094478432e-13,7.632789199366172e-13,1.1256124965928486e-06,2.706889848449134e-13,7.09662929335736e-13,2.157307495805685e-07,6.430292313703051e-13,8.934900732568779e-07,0.9999971940179083
rh_chr8_14968234,"{Vv,Vv}",0.9999931379858878,0.9999926478420227,Vv,Vv,chr08,16137646,False,3.460407752393051e-12,2.3820098170827783e-12,1.8715716407985358e-12,6.7769907755721935e-12,4.871386300051178e-06,9.293732778008715e-13,1.384313693917606e-12,2.4634008845272178e-12,5.196243611785885e-07,7.559151822591759e-13,1.9635790323611674e-12,3.884514821816026e-07,3.745023167932824e-12,1.0825262361328538e-06,0.9999931379858878
rh_chr8_15057460,"{Vv,Vv}",0.9999672143523282,0.9999648725203516,Vv,Vv,chr08,16226905,False,8.327536196126912e-11,2.913366344933562e-11,3.5266262059724365e-11,1.5957916674242637e-10,1.395569356424783e-05,9.233517513955584e-12,1.53378710774918e-11,2.2860074545625266e-11,3.3366036439749452e-06,1.1411037750296249e-11,2.339076991592415e-11,3.538348574382142e-06,6.474146296514676e-11,1.1954547660052058e-05,0.9999672143523282
rh_chr8_15158961,"{Vv,Vv}",0.9999663335228319,0.9999639287744628,Vv,Vv,chr08,16328508,False,7.431196169750432e-11,3.2790502981316436e-11,6.313264310456672e-11,2.7148569923465345e-10,1.4616162406400701e-05,9.237852974433776e-12,1.9756296632345485e-11,2.3771201487338583e-11,1.640013238997083e-06,1.6243335554449073e-11,2.8691608232975498e-11,2.2701865263819152e-06,6.694536074054209e-11,1.5139508629746665e-05,0.9999663335228319
rh_chr8_15245498,"{Vv,Vv}",0.9999536580973417,0.9999503479614376,Vv,Vv,chr08,16414374,False,2.2874179547253257e-10,9.429767852821334e-11,2.382840292484785e-10,3.282672975804789e-10,1.9489957709122445e-05,2.2896978097723454e-11,4.9008580288740397e-11,1.0362911514981865e-10,4.993330839042991e-06,4.844226859164061e-11,1.2221533953651063e-10,7.881358586804708e-06,9.239496983864167e-11,1.3975927345199497e-05,0.9999536580973417
rh_chr8_15413080,"{Vv,Vv}",0.999987966176172,0.9999871066173271,Vv,Vv,chr08,16582261,False,1.0624008022102536e-10,8.805980951436943e-11,1.2085900638173586e-10,1.5309792745782903e-10,4.585147920849005e-06,1.946907912650019e-11,4.677796195601978e-11,6.741972674300512e-11,1.882627776280144e-06,2.9146116649345936e-11,7.798495534442159e-11,2.3225368336763726e-06,4.8117071863483024e-11,3.242754125460791e-06,0.999987966176172
rh_chr8_15673111,"{Vv,Vv}",0.999968406725927,0.9999661500634932,Vv,Vv,chr08,16842246,False,3.377923478681363e-10,2.466499852473371e-10,2.7638595126287775e-10,3.049481498312801e-10,1.3259016732939805e-05,7.155187853254252e-11,1.233394368421408e-10,1.398040656625516e-10,4.7749335988662935e-06,1.0551784494463345e-10,1.6188054443278474e-10,5.951829926308589e-06,1.452563821969489e-10,7.605580688373498e-06,0.999968406725927
rh_chr8_15761184,"{Vv,Vv}",0.9999195042494481,0.9999137545529801,Vv,Vv,chr08,16924778,True,5.62653840813877e-10,4.721691369689504e-10,5.208587167835339e-10,5.584887656117651e-10,3.5395466885733365e-05,1.103388268093179e-10,2.343009159019085e-10,2.556248681765275e-10,1.1235109594670897e-05,1.702924111747586e-10,2.971961356877638e-10,1.4647592503507541e-05,2.323616271382684e-10,1.9214167282772052e-05,0.9999195042494481
rh_chr8_15917624,"{Vv,Vv}",0.9998740298789247,0.9998650320131336,Vv,Vv,chr08,17082421,False,1.0740601279852216e-09,9.792382991233599e-10,1.081355342359331e-09,1.1103670108138943e-09,6.584684695335782e-05,1.5319263452325264e-10,4.302620363208549e-10,4.2319118885607993e-10,1.150225345209835e-05,2.7793349440764774e-10,5.188078129070323e-10,1.9219416572704103e-05,3.725695020126336e-10,2.9395183119687358e-05,0.9998740298789247
rh_chr8_16151298,"{Vv,Vv}",0.9997683639375052,0.9997518185044699,Vv,Vv,chr08,17346084,False,4.195230649218195e-10,3.0717449810933113e-10,3.6639214188904367e-10,3.994881718532089e-10,0.00017579834947521544,4.9523118673186974e-11,1.1473183181320888e-10,1.2375156099154337e-10,3.5964376213790815e-06,8.253147025710076e-11,1.5574483032264816e-10,2.8146640842824744e-05,9.231477182407248e-11,2.4092523379889e-05,0.9997683639375052
rh_chr8_16282470,"{Vv,Vv}",0.9997446989764246,0.9997264631890264,Vv,Vv,chr08,17477408,False,1.2038948543099658e-09,8.177096438410232e-10,1.2387440366553155e-09,1.1141556229305644e-09,0.00020304979471304856,5.840095805377945e-11,2.453625438914209e-10,2.0872455993620987e-10,8.053839123095572e-06,2.0085433943903843e-10,3.7650702462409993e-10,2.288962747667465e-05,1.4869014697410702e-10,2.1302149218895304e-05,0.9997446989764246
rh_chr8_16390041,"{Vv,Vv}",0.9997577860813833,0.9997404850871964,Vv,Vv,chr08,17584337,False,3.594479414341167e-10,2.976932627326333e-10,5.913092722960572e-10,3.9719569842193616e-10,0.0002173809393301941,3.87093936839042e-11,1.8933469348109281e-10,1.2877036409916137e-10,3.4746411537887315e-06,1.803975619881291e-10,2.7640466183796407e-10,1.0472766913570895e-05,8.298774381534602e-11,1.088302896849534e-05,0.9997577860813833
rh_chr8_16617028,"{Vv,Vv}",0.9997732509868236,0.9997570546287395,Vv,Vv,chr08,17807047,False,1.5686038261184616e-09,1.0011111881194785e-09,3.0992246925096895e-09,1.1347903186920963e-09,0.00016306858450900334,7.577722106310434e-11,4.177606866009607e-10,1.6286307025901103e-10,1.4682070809403708e-05,6.21477784231435e-10,5.853312829803674e-10,2.9623603567220906e-05,1.166029046712796e-10,1.9365970747889098e-05,0.9997732509868236
rh_chr8_16821914,"{Vv,Vv}",0.9998143958306734,0.9998011383900073,Vv,Vv,chr08,18004631,False,3.048347711175935e-09,1.2065713600174191e-09,2.2618234162158463e-09,1.4999140228048189e-09,0.00013776056920315795,1.1577505658772506e-10,3.686545290746771e-10,2.8023907438101963e-10,1.1511785064069419e-05,6.43031676733913e-10,6.1527313622479e-10,2.052428042675771e-05,1.865168656391444e-10,1.5797308485728408e-05,0.9998143958306734
rh_chr8_16925218,"{Vv,Vv}",0.9998261579500176,0.9998137406607331,Vv,Vv,chr08,18107951,False,2.9000515029902064e-09,1.361634328648964e-09,3.2810436745291916e-09,1.9975270628919284e-09,0.00011692935153206927,1.4258864324243453e-10,3.9270529002285344e-10,3.838515922241598e-10,9.985487974908028e-06,7.37110854882635e-10,7.640953236258531e-10,2.9157560092511076e-05,2.317487898498575e-10,1.775745802585614e-05,0.9998261579500176
rh_chr8_17200985,"{Vv,Vv}",0.999912344771117,0.9999060836833397,Vv,Vv,chr08,18387560,False,1.2860973645078373e-09,6.522637674671524e-10,1.0139551857840537e-09,1.1691220616563213e-09,5.74828681075218e-05,9.757977673609824e-11,2.8988496850318783e-10,3.161138170453216e-10,5.980141633448306e-06,2.6176861026937894e-10,4.978664037916091e-10,1.0066921129653755e-05,2.880735851078815e-10,1.4119425286878124e-05,0.999912344771117
rh_chr8_17355913,"{Vv,Vv}",0.9999343459914222,0.9999296564193809,Vv,Vv,chr08,18542584,False,8.233754274300999e-10,6.417302203018534e-10,8.89512558509257e-10,1.255396917345592e-09,3.0473151051705355e-05,7.876009684529027e-11,2.5474650590948644e-10,3.632676632424879e-10,5.6098033740245926e-06,1.944022858480417e-10,5.032965847417779e-10,9.5146652383577e-06,3.597713510924127e-10,2.005102465421265e-05,0.9999343459914222
rh_chr8_17618164,"{Vv,Vv}",0.9998901519268607,0.9998823056359222,Vv,Vv,chr08,18808916,False,5.2040163433640647e-11,3.7774278089867005e-11,1.0701503910389519e-10,2.8472625387775354e-10,2.6844106241314604e-05,8.043975118476523e-12,3.406522686593748e-11,9.014192555300403e-11,1.256307006974891e-06,4.5377143821338224e-11,1.3026431764189485e-10,1.537130790510096e-05,1.705743426228762e-10,6.637539196319287e-05,0.9998901519268607
rh_chr8_17684438,"{Vv,Vv}",0.9998666253129246,0.9998570985495621,Vv,Vv,chr08,18877352,False,6.759174339896397e-11,5.274440795741108e-11,1.8598133545307465e-10,5.463734337887866e-10,1.7080106064460294e-05,6.35497122287963e-12,3.59258173463926e-11,1.106954371167059e-10,1.8342332758684028e-06,4.781666784916849e-11,1.80623041949276e-10,2.1790077861331094e-05,2.384304433072268e-10,9.266879733653304e-05,0.9998666253129246
rh_chr8_17861216,"{Vv,Vv}",0.9989631196293619,0.9988890567457449,Vv,Vv,chr08,19049215,False,5.764742503397825e-10,4.528866100194958e-10,1.5423431931959453e-09,4.296854412255666e-09,4.671604222509575e-05,1.683873744844683e-10,2.855933456367209e-10,4.088979365320763e-10,1.8967860360734814e-05,2.699573765704727e-10,7.986142699047538e-10,0.00021001095329077656,2.6742566544861028e-09,0.0007611740404960694,0.9989631196293619
rh_chr8_17921592,"{Vv,Vv}",0.9989954097956354,0.9989236533524665,Vv,Vv,chr08,19109520,False,7.059897338147213e-10,6.597474228581469e-10,2.643375092276901e-09,8.045118172288291e-09,5.5283867978727825e-05,2.1050950421631536e-10,1.3126650388845366e-09,1.7740275618351155e-09,2.2194482382944147e-05,9.099074563260107e-10,3.158688193457559e-09,0.00018285777300036977,6.968590388076836e-09,0.0007442276923840479,0.9989954097956354
rh_chr8_17992110,"{Vv,Vv}",0.9990166844466987,0.9989464476214629,Vv,Vv,chr08,19180002,False,9.146481840904289e-10,1.184392146100629e-09,3.9035254798036995e-09,1.2141010163438125e-08,6.784947292848584e-05,2.8272452657661243e-10,2.247490814560276e-09,5.6886458986974454e-09,3.688729381100667e-05,1.3354768428770171e-09,7.683008083775877e-09,0.00018304461758659,7.605131426083855e-09,0.0006954911829217008,0.9990166844466987
rh_chr8_19107704,"{Vv,Vv}",0.9996541761075283,0.9996294744009232,Vv,Vv,chr08,20324234,False,1.0232188981702088e-09,1.9467058537123656e-09,2.4877596293541935e-09,8.641167090382536e-09,5.528288467453382e-05,1.1344160747365853e-09,2.5762526371902782e-09,8.685401265832264e-09,5.39541528032402e-05,1.5971856361118913e-09,1.010590835691141e-08,7.415270952076758e-05,7.874045865946812e-09,0.0001623880734118706,0.9996541761075283
rh_chr8_19310146,"{Vv,Vv}",0.9999696990762258,0.9999675347245276,Vv,Vv,chr08,20526360,False,3.9800048277932314e-11,9.014149682086492e-11,1.8926767811419347e-10,2.970410414289291e-10,3.3367352933694916e-06,4.210946046441667e-11,1.917109247573175e-10,2.978261583775628e-10,3.300322174439388e-06,1.779715158560181e-10,5.72789690295408e-10,1.2490229320137887e-05,2.650162617051645e-10,1.1171473312031202e-05,0.9999696990762258
rh_chr8_19481018,"{Vv,Vv}",0.9999585953306277,0.999955637854244,Vv,Vv,chr08,20695006,False,1.2426847408591483e-11,2.5751112751182334e-11,4.4913160799222966e-11,5.4608295502931426e-11,1.5081654154014596e-06,1.17528002669139e-11,4.415875522444054e-11,5.3541270634169726e-11,1.6173398821582793e-06,3.422166885390645e-11,9.03965697934415e-11,3.265225834567242e-05,3.905789990220759e-11,5.62649490069287e-06,0.9999585953306277
rh_chr8_19687962,"{Vv,Vv}",0.9999808355498534,0.9999794666605573,Vv,Vv,chr08,20900400,False,2.843342149009096e-12,3.821634448191029e-12,1.3264893996494366e-11,5.845071942258981e-12,1.4777029495318614e-06,2.286502978848153e-12,1.2199160366974391e-11,5.350069806103067e-12,5.397248172564368e-07,1.159746710343858e-11,1.5825215433894853e-11,1.415680751118316e-05,4.4387769297400895e-12,2.990137396474496e-06,0.9999808355498534
rh_chr8_19745123,"{Vv,Vv}",0.9999899829686821,0.9999892674664451,Vv,Vv,chr08,20957382,False,4.2006071654911475e-12,5.8456016387026566e-12,2.763952803549914e-11,1.015854140945057e-11,1.3856935173000688e-06,2.8622881051005023e-12,2.509704691135997e-11,8.554151127948842e-12,7.925051111163016e-07,2.105347942982175e-11,3.1056171415601e-11,6.016373612832301e-06,6.744826381175133e-12,1.822315864463727e-06,0.9999899829686821
rh_chr8_20006189,"{Vv,Vv}",0.9998961334231383,0.9998887143819339,Vv,Vv,chr08,21230270,False,2.065405538581554e-10,2.2619314400756958e-10,2.7577160162079766e-10,2.581588499900452e-10,2.6117809539290445e-05,1.6891315245502885e-10,2.5239061640008393e-10,2.3521704041268086e-10,2.2286212557250382e-05,2.2520859969517103e-10,2.857896804524587e-10,2.7792244454408004e-05,2.2157012302225883e-10,2.7667954557259894e-05,0.9998961334231383
rh_chr8_20100013,"{Vv,Vv}",0.9998916400133617,0.9998839000143162,Vv,Vv,chr08,21324040,False,7.780144339108257e-11,1.0847008027932658e-10,1.3229071071623961e-10,1.301474880708988e-10,2.770355595607664e-05,5.73845282737279e-11,1.1778790257179114e-10,1.1347655922427435e-10,2.2415257952050885e-05,8.10854584981075e-11,1.3752566441626928e-10,2.8468830694796633e-05,8.493493021240986e-11,2.9771301130506842e-05,0.9998916400133617
rh_chr8_20316557,"{Vv,Vv}",0.9998650469891996,0.9998554074884282,Vv,Vv,chr08,21540008,False,1.613907602052343e-10,1.8088934533867164e-10,2.735995975590007e-10,2.9902067949952724e-10,3.586861650963557e-05,7.768427067015214e-11,2.1423441858537222e-10,1.9665389458411178e-10,2.4165583979030853e-05,1.4022699938587463e-10,2.864033828705705e-10,3.4621959314830894e-05,1.8030993419294996e-10,4.029484058349399e-05,0.9998650469891996
rh_chr8_20544048,"{Vv,Vv}",0.9998495235047064,0.999838775183614,Vv,Vv,chr08,21767026,False,9.727175551710284e-10,6.117390054074542e-10,1.5249978684752415e-09,1.7654622199713756e-09,4.242325480064954e-05,2.917689607645333e-10,1.0543840179068128e-09,7.074467712733262e-10,1.8207574907134753e-05,7.194454166206144e-10,1.5755291339754098e-09,3.834170461563889e-05,1.0658199579239592e-09,5.1493671659297736e-05,0.9998495235047064
rh_chr8_20732778,"{Vv,Vv}",0.9998877617992395,0.9998797447848995,Vv,Vv,chr08,21945388,False,1.0401577947345514e-09,7.184379489175734e-10,2.133478789573465e-09,1.377542613536398e-09,2.4756505422295065e-05,2.6240771907370837e-10,1.7620525352285382e-09,1.0141171494827753e-09,1.7639769575275476e-05,1.0136000226416734e-09,2.0329803286279685e-09,3.760131187802682e-05,7.966959914547256e-10,3.222846241393991e-05,0.9998877617992395
rh_chr8_20838429,"{Vv,Vv}",0.9999213507711433,0.9999157329690821,Vv,Vv,chr08,22051058,False,1.1345674313235563e-09,6.203721790890216e-10,2.435420523377292e-09,1.1026414070350638e-09,1.196932642516951e-05,1.9553753710582494e-10,2.255033669150225e-09,1.0292858995502634e-09,1.2896511780808594e-05,1.0858545517353587e-09,2.1528262595858565e-09,3.445727100432431e-05,6.33862026769262e-10,1.931347424490332e-05,0.9999213507711433
rh_chr8_20966593,"{Vv,Vv}",0.9998835490703049,0.9998752311467553,Vv,Vv,chr08,22179184,False,1.6907776990266906e-09,6.778712661631198e-10,3.4087545153856934e-09,1.1425158932254167e-09,1.0952609853317609e-05,1.4947580240160118e-10,3.6117405557369342e-09,1.328539676632478e-09,2.0827448263723967e-05,1.410894058059345e-09,2.7208675577544307e-09,6.149691025094754e-05,6.29057615964468e-10,2.3157190832484223e-05,0.9998835490703049
rh_chr8_21093567,"{Vv,Vv}",0.9992346720770446,0.9991800057968335,Vv,Vv,chr08,22306263,True,1.0489221931273145e-08,3.814053803451561e-09,1.6937929991087453e-08,4.509723251568746e-09,7.133618984487987e-05,4.996136957688646e-10,2.403742963809014e-08,7.539919981198697e-09,6.190342144439439e-05,9.006915672768293e-09,1.2417106608020908e-08,0.0004783474403424655,2.9029227032884997e-09,0.00015364871648644547,0.9992346720770446
rh_chr8_21172946,"{Vv,Vv}",0.9988532001330929,0.9987712858568852,Vv,Vv,chr08,22385314,False,1.9559339669767727e-08,7.557868687322304e-09,3.633607463708109e-08,8.940920710168204e-09,0.00010295125320512838,4.469062456456973e-10,5.037503508230832e-08,1.5249050304046072e-08,8.14514973298525e-05,1.4662715729558415e-08,2.544237276943383e-08,0.00073306058178494,4.524613193540547e-09,0.00022915343969026606,0.9988532001330929
rh_chr8_21332630,"{Vv,Vv}",0.9979012549817097,0.9977513446232603,Vv,Vv,chr08,22545304,False,9.13964891474764e-08,1.7693169324953234e-08,1.9213251460739166e-07,3.982905501280824e-08,0.00025792911974060746,2.4862401964069044e-09,6.427238714029465e-08,2.196328079718231e-08,7.382630380584213e-05,7.28221886143084e-08,1.3266926616163265e-07,0.0013185961226156193,1.8180296201253473e-08,0.0004477400272410793,0.9979012549817097
rh_chr8_21436766,"{Vv,Vv}",0.9973086758188211,0.9971164383773083,Vv,Vv,chr08,22649332,False,1.5921850146186767e-07,2.284240186166151e-08,3.5143963671793224e-07,6.929465103743191e-08,0.0003480746750684589,3.3982969956703663e-09,6.540454226046634e-08,2.3451023881294232e-08,5.919537511427079e-05,1.12776800077274e-07,2.31406530231125e-07,0.0017000018511143182,2.669120480330392e-08,0.0005829863562925393,0.9973086758188211
rh_chr8_21551764,"{Vv,Vv}",0.9975007348863487,0.9973222159496593,Vv,Vv,chr08,22764218,True,3.2984157066162286e-07,3.344549048890737e-08,8.886363857713384e-07,1.769956669084942e-07,0.00036919707921748965,4.746041689821194e-09,9.628611074479412e-08,3.588206202405582e-08,4.350816361368747e-05,2.4762979881895736e-07,5.936411531831206e-07,0.0016698516023300365,6.040505941872967e-08,0.0004142407591503135,0.9975007348863487
rh_chr8_21621683,"{Vv,Vv}",0.9976348825239357,0.9974659455613597,Vv,Vv,chr08,22834226,False,4.4252173195489714e-07,3.9014824817190804e-08,1.2284719952988393e-06,2.3682412530092016e-07,0.000377617684599829,5.592689215911731e-09,1.1125041597778441e-07,4.206235456673311e-08,2.9356368194789045e-05,3.244060629420382e-07,8.089639012996749e-07,0.0016474103735764543,7.913730978960316e-08,0.0003074148042820484,0.9976348825239357
rh_chr8_21723847,"{Vv,Vv}",0.9965885538564636,0.9963448791319253,Vv,Vv,chr08,22936298,False,1.3120973913154178e-06,8.641220232518614e-08,2.9849001959051504e-06,5.395293619890477e-07,0.0007724927502858008,1.4751206025215873e-08,2.17477488410111e-07,8.185839573930327e-08,5.93319820925935e-05,7.602362399572252e-07,1.8315063965502314e-06,0.0022252974501863095,1.758875562868744e-07,0.00034631930453725033,0.9965885538564636
rh_chr8_21969721,"{Vv,Vv}",0.994172959690023,0.9937567425250246,Vv,Vv,chr08,23183410,False,6.038147404810116e-06,2.8186914615225385e-07,1.0168660179875405e-05,1.5091107260466483e-06,0.00169804432656734,6.317389398857605e-08,5.781987036318747e-07,1.9991120145802135e-07,9.431778604174127e-05,2.3492901011249108e-06,5.145058819820803e-06,0.0036044444522489133,4.72861742458974e-07,0.00040342746319969576,0.994172959690023
rh_chr8_22064560,"{Vv,Vv}",0.993524345864134,0.9930617991401436,Vv,Vv,chr08,23278074,False,8.002521407066725e-06,3.9139588036727815e-07,1.3311200714925932e-05,1.9782966904919583e-06,0.001976891592762633,1.0416776336127633e-07,7.421018824589267e-07,3.043305586487311e-07,0.0001072923039369502,2.7917460720560797e-06,6.527401326457255e-06,0.0039164016312254165,6.913476406471269e-07,0.00044022409800451,0.993524345864134
rh_chr8_22142275,"{Vv,Vv}",0.991784655558081,0.9911978452408011,Vv,Vv,chr08,23355850,False,9.529777012377162e-06,7.976168454846586e-07,2.049804736155771e-05,3.326952727026665e-06,0.0021544571673664512,1.703581975361776e-07,9.324057470238977e-07,4.366011054056764e-07,0.00019050072001344713,3.32410653576219e-06,8.111362066388204e-06,0.0051736171815782795,9.8024007217579e-07,0.0006486619052899809,0.991784655558081
rh_chr8_22251587,"{Vv,Vv}",0.9678393477028684,0.9655421582530733,Vv,Vv,chr08,23465184,True,1.582473259477926e-05,2.409949018906669e-06,4.6701190930299734e-05,8.421342695509775e-06,0.005049870872619257,9.773209061135574e-07,2.2983692662366953e-06,1.5062678444746314e-06,0.0008549606789566001,7.445545539674178e-06,1.7302509085046838e-05,0.02258007799263072,3.66938289150593e-06,0.0035691861421524762,0.9678393477028684
rh_chr8_22329964,"{Vv,Vv}",0.9507927162802965,0.9472779103003177,Vv,Vv,chr08,23543570,False,2.2573507273603723e-05,4.616129774474927e-06,8.372099780168995e-05,1.56916371728708e-05,0.007065787211622251,1.9631628405449907e-06,4.423981987045464e-06,3.2788333580096637e-06,0.0012851412569387442,1.2332951271021518e-05,3.2687697822268185e-05,0.035054106542153275,7.01451114994031e-06,0.005613945298537737,0.9507927162802965
rh_chr8_22506234,"{Vv,Vv}",0.907833567590606,0.9012502509899349,Vv,Vv,chr08,23710918,False,6.169375009078941e-05,1.7934012415447693e-05,0.0002588796673898891,5.055672046061906e-05,0.014195647547520196,8.708556990552402e-06,2.0753084446739355e-05,1.6459129942807243e-05,0.004089545591258316,3.0371926785118997e-05,9.334845892737012e-05,0.06283626564332806,2.1866193226301527e-05,0.010464402126611818,0.907833567590606
rh_chr9_226145,"{Vv,Vv}",0.9887806028429285,0.987979217331709,Vv,Vv,chr09,262187,False,1.2864697771120509e-05,4.9752044016326044e-06,9.547950767181866e-06,8.000273081765439e-06,0.004422330579162058,3.5342239921707616e-06,4.523075138060641e-06,4.542554228519389e-06,0.0015689805163551494,5.93248038254775e-06,6.059496239927458e-06,0.0027589226365246217,4.676922103734605e-06,0.0024045065469230974,0.9887806028429285
rh_chr9_301541,"{Vv,Vv}",0.9915442914258741,0.990940312242008,Vv,Vv,chr09,334178,False,4.017979163370877e-06,1.6272233981917376e-06,3.156728331851088e-06,2.683067989200632e-06,0.0034161828108598686,9.785095334742838e-07,1.4537508257207723e-06,1.4560510191867627e-06,0.00115709928983298,1.9425945670696423e-06,1.988299231483787e-06,0.002050322939400137,1.3627835107185976e-06,0.001811436546462637,0.9915442914258741
rh_chr9_516308,"{Vv,Vv}",0.9960408163424791,0.9957580175097991,Vv,Vv,chr09,549236,False,1.0975627498433329e-06,3.873303340870309e-07,7.818112136144039e-07,7.054649521800508e-07,0.001763560260400431,1.896820672099852e-07,3.3043493864850356e-07,3.2141457769434663e-07,0.00047339727456076623,7.017635104971325e-07,4.902533437598715e-07,0.0008829477385001003,3.070353554844103e-07,0.0008339656310164595,0.9960408163424791
rh_chr9_618812,"{Vv,Vv}",0.9982869463172702,0.9981645853399324,Vv,Vv,chr09,651808,False,3.7200722203714757e-07,8.612746467580914e-08,1.8846758868595264e-07,2.1957086209865113e-07,0.0009633193115846624,4.158939577642571e-08,7.15965065949386e-08,6.920033100037109e-08,0.0001306951725356199,1.3732726179237798e-07,1.104025939761542e-07,0.000266962730075668,7.390870861798974e-08,0.000350706270598621,0.9982869463172702
rh_chr9_739923,"{Vv,Vv}",0.9995839575032069,0.9995542401820074,Vv,Vv,chr09,772976,False,4.548304961333931e-08,7.72302044265051e-09,1.5024329999694402e-08,2.1138254982762766e-08,0.00028890088976795726,3.053942034128496e-09,3.977437087230203e-09,4.637885574409484e-09,3.337763704564498e-05,7.957779364749104e-09,6.97947327911326e-09,3.8279532213117304e-05,6.0508915781970635e-09,5.536241170229272e-05,0.9995839575032069
rh_chr9_813785,"{Vv,Vv}",0.999703095394266,0.999681887922428,Vv,Vv,chr09,845550,False,9.948510313960985e-09,1.6355265200972219e-09,3.18219536102555e-09,7.444799202681084e-09,0.0002308970044000863,4.6543716447419327e-10,6.764260604312559e-10,1.3555098585432588e-09,1.641645633439751e-05,1.2629533552109753e-09,2.0798382256154104e-09,1.8964336461860377e-05,2.095146806130988e-09,3.0596662194730815e-05,0.999703095394266
rh_chr9_893002,"{Vv,Vv}",0.9997830572808826,0.9997675613723742,Vv,Vv,chr09,924766,False,1.900459135261503e-09,4.1306925251504216e-10,8.582065497793068e-10,1.778694130793452e-09,0.00019889602681573998,1.53247633252475e-10,2.3016109406654123e-10,4.269040500722291e-10,4.34813235755981e-06,4.3186928332974233e-10,6.99537386729664e-10,5.471225601577553e-06,6.937981365805976e-10,8.219748395919857e-06,0.9997830572808826
RHA7C27ECB8862470Z0Z,"{Vv,Vv}",0.9997863683796266,0.9997711089781715,Vv,Vv,chr09,933569,True,1.9072136712279873e-09,5.176158589703995e-10,9.610162720431659e-10,1.8394009022717206e-09,0.00019371635171412275,1.4770963472813856e-10,2.2785576301109825e-10,4.18396077077358e-10,4.982726720016577e-06,4.1473089713518873e-10,6.85231310940986e-10,6.144838811443403e-06,6.649700917791118e-10,8.779918987368215e-06,0.9997863683796266
RH89A8A30FCAA5410Z0Z,"{Vv,Vv}",0.9997890474823151,0.9997739794453376,Vv,Vv,chr09,940336,True,1.9082141483892656e-09,5.925389476981801e-10,1.0347627701443172e-09,1.8816668786322804e-09,0.00018970289720071152,1.436896695763151e-10,2.266430692884134e-10,4.1250649658904426e-10,5.436508939178771e-06,4.020495429704824e-10,6.751300563764153e-10,6.628646137227112e-06,6.434994791266913e-10,9.17654470669768e-06,0.9997890474823151
RH8C5909F63C62460Z0Z,"{Vv,Vv}",0.9998781445877571,0.9998694406297398,Vv,Vv,chr09,1089993,True,9.120465628099012e-10,5.629252915101153e-10,8.942373780736772e-10,9.568326521795271e-10,9.378267891576457e-05,5.4089793765039206e-11,1.0229934167792974e-10,1.4087527220873421e-10,7.906024795430542e-06,1.4694128553576258e-10,3.013025441846893e-10,9.76968015837492e-06,2.0368251273966316e-10,1.0392753140636783e-05,0.9998781445877571
RH589D93B04CAD401Z0Z,"{Vv,Vv}",0.9998980777123281,0.999890797548923,Vv,Vv,chr09,1114414,True,7.475076081142397e-10,4.792080873840659e-10,8.096246174380609e-10,8.116910488471474e-10,7.685681016626384e-05,4.0981117691633513e-11,8.850986405581755e-11,1.162274564604695e-10,6.934297195692479e-06,1.1859139427412982e-10,2.749882975157327e-10,8.908715522178301e-06,1.603555151843849e-10,9.218817102758614e-06,0.9998980777123281
RH452B3382B1664A5Z0Z,"{Vv,Vv}",0.9999133523157706,0.9999071631954685,Vv,Vv,chr09,1131980,True,6.41294720452866e-10,4.21168319849405e-10,7.518575326912248e-10,7.175874374066956e-10,6.445950953198334e-05,3.266132877840601e-11,7.90810102644926e-11,1.0056292865970666e-10,5.997060302918167e-06,1.008311939938024e-10,2.5964023021400097e-10,8.051367191062263e-06,1.3406421143894216e-10,8.136508454517035e-06,0.9999133523157706
rh_chr9_1150801,"{Vv,Vv}",0.9999617284200408,0.999958994735758,Vv,Vv,chr09,1182562,False,3.69831877634858e-10,1.8592806416311502e-10,5.106292939612097e-10,3.7875736140564825e-10,2.7710486968945535e-05,1.1713987448022893e-11,3.7737622600093557e-11,4.210508334751447e-11,2.1834849251925774e-06,5.67691520943695e-11,2.0325733774287712e-10,4.468906436898976e-06,7.253615952608959e-11,3.906832362239216e-06,0.9999617284200408
rh_chr9_1250145,"{Vv,Vv}",0.9999161322361714,0.9999101416816122,Vv,Vv,chr09,1281836,False,4.1046983971143974e-10,2.010061956609155e-10,7.994382501556661e-10,4.4827764955742813e-10,3.693113497146252e-05,1.696178637248376e-11,7.32149747314254e-11,6.591170420795298e-11,8.815674458269324e-06,1.0845714232827567e-10,5.203176149931201e-10,2.1494193201897238e-05,1.1860874733932114e-10,1.6623998533026697e-05,0.9999161322361714
rh_chr9_1305204,"{Vv,Vv}",0.9998928472514647,0.9998851934837122,Vv,Vv,chr09,1336117,False,4.2651430843453017e-10,2.5394338256244255e-10,1.052529059510144e-09,5.665681382509316e-10,4.127254039440366e-05,2.6124191075813396e-11,1.1436333529172197e-10,1.2907549926849807e-10,1.2608863105648996e-05,1.1842222134288187e-10,1.0134696193709428e-09,2.9166308348757418e-05,1.849267187616475e-10,2.4101150750085275e-05,0.9998928472514647
rh_chr9_1407687,"{Vv,Vv}",0.9998438990941874,0.9998327490294865,Vv,Vv,chr09,1437766,True,4.200926871023958e-10,4.0273107556201654e-10,2.0693037491153934e-09,7.283218135799391e-10,4.7923399387458965e-05,9.069829483149091e-11,3.9732189196177046e-10,3.046813356651293e-10,2.1778434553239533e-05,2.986999408202929e-10,3.121607524919495e-09,5.0538985670948205e-05,3.3350614611952073e-10,3.585191923652587e-05,0.9998438990941874
rh_chr9_1464217,"{Vv,Vv}",0.9998280410480891,0.9998157582658097,Vv,Vv,chr09,1494249,False,3.238542882721466e-10,3.827954240868969e-10,2.652776174020474e-09,7.007838321354066e-10,4.878742356361425e-05,8.385160377409256e-11,4.931982953973986e-10,3.3676153809753605e-10,2.402095039441519e-05,2.996033326144806e-10,4.741111221577109e-09,5.95974075629698e-05,3.561926544482176e-10,3.9542799461512665e-05,0.9998280410480891
rh_chr9_1575241,"{Vv,Vv}",0.9997528002122239,0.9997351430845256,Vv,Vv,chr09,1605051,False,9.766806812669976e-10,1.524324507614618e-09,1.1812819549749635e-08,2.5496258776192686e-09,6.13332558439766e-05,3.998306256090059e-10,2.5604530409061876e-09,1.599472577755482e-09,3.457453549523428e-05,1.276947532581506e-09,2.572882499447387e-08,9.431292126776647e-05,1.60053912339702e-09,5.692904565058785e-05,0.9997528002122239
rh_chr9_1648912,"{Vv,Vv}",0.9997522863581855,0.9997345925266273,Vv,Vv,chr09,1678814,True,1.2426509061026777e-09,2.1688483967872635e-09,1.1262718370116472e-08,3.347301971566568e-09,6.424960774628375e-05,5.383576332966454e-10,3.334696521436935e-09,2.21078568878508e-09,3.714019618910623e-05,1.5448776384194886e-09,2.2678668935777477e-08,8.685917283167949e-05,1.652388351114556e-09,5.9414683753046137e-05,0.9997522863581855
rh_chr9_2008333,"{Vv,Vv}",0.9999267538514137,0.9999215219836576,Vv,Vv,chr09,2016021,False,4.4234836424948754e-10,1.7009660967488202e-10,4.956755821738525e-10,9.63443037046355e-10,3.342648842093933e-05,4.7671956439546116e-11,1.9401948173269161e-10,1.8346587824031768e-10,4.408101910118194e-06,9.357449061142231e-11,6.772573268857093e-10,8.84411172016528e-06,1.2689523089144905e-10,2.656405208712833e-05,0.9999267538514137
rh_chr9_2133495,"{Vv,Vv}",0.9999800341566598,0.9999786080249926,Vv,Vv,chr09,2140454,False,5.200865983544767e-11,2.6692926038064796e-11,4.569783176332536e-11,1.1103310847817638e-10,7.773213641653916e-06,4.988655156748442e-12,1.5262591632450264e-11,2.4443934082635745e-11,9.743411314694525e-07,7.39361162469912e-12,5.332338385671709e-11,1.3265667275415844e-06,1.8656339714028883e-11,9.89136233852726e-06,0.9999800341566598
rh_chr9_2249377,"{Vv,Vv}",0.9999882949279866,0.9999874588514142,Vv,Vv,chr09,2256380,False,3.6590160127319926e-11,2.659622210208287e-11,2.757021264191438e-11,5.7999041376229694e-11,5.004575934195468e-06,7.415607683080242e-12,9.496280479427756e-12,2.2101606893403577e-11,1.5250911659069752e-06,4.787712491392197e-12,2.347855630477242e-11,1.190710848369004e-06,1.6672071725122938e-11,3.984461357428395e-06,0.9999882949279866
rh_chr9_2302342,"{Vv,Vv}",0.9999790955115484,0.9999776023338018,Vv,Vv,chr09,2309332,True,4.130038211589372e-11,3.7661315001267227e-11,3.467697745249084e-11,6.310610068676505e-11,9.259473286901063e-06,1.2910313228882288e-11,1.5229764288495858e-11,2.927878610282185e-11,3.7257265017288905e-06,6.447346467428454e-12,2.695244449729097e-11,2.4304975978070347e-06,1.8965406833663054e-11,5.488504536312028e-06,0.9999790955115484
rh_chr9_2391752,"{Vv,Vv}",0.9999795205409721,0.9999780577224701,Vv,Vv,chr09,2398355,False,3.0231406270343994e-11,3.5284709091481003e-11,2.5638052462098e-11,3.8665057064632394e-11,1.24570453873752e-05,1.962365283349855e-11,1.4315833816850945e-11,2.1485678303954826e-11,3.448044299263781e-06,6.0670241526914624e-12,1.556794542749063e-11,5.30276989085308e-07,1.1714621065148552e-11,4.043873758205044e-06,0.9999795205409721
rh_chr9_2474475,"{Vv,Vv}",0.9999206706078947,0.9999150042227443,Vv,Vv,chr09,2481108,False,1.5653105854916216e-10,1.6754057118415943e-10,1.2830463817946988e-10,2.0855874163346201e-10,4.224780686313318e-05,1.25144108410439e-10,6.301005934077303e-11,1.1170274011607648e-10,3.101778385765072e-05,4.8881896210837416e-11,1.1089768059384223e-10,2.1880426089494884e-06,9.555051869191178e-11,3.874542653624343e-06,0.9999206706078947
rh_chr9_2539091,"{Vv,Vv}",0.9998807273204985,0.9998722078433913,Vv,Vv,chr09,2534568,False,1.0281193479349413e-09,1.4136576856792577e-09,8.988055540799603e-10,1.0262898526737134e-09,6.215949545920205e-05,5.632492488024305e-10,6.942865962659321e-10,7.708501892551871e-10,3.57213682221612e-05,2.2032638770784677e-10,3.761752345147927e-10,9.863319274398224e-06,3.0155798458727535e-10,1.152120322767189e-05,0.9998807273204985
RHA75FD9455B60439Z0Z,"{Vv,Vv}",0.9987372737196215,0.9986470789853088,Vv,Vv,chr09,2974216,True,6.66274810661824e-08,5.400339535924671e-08,7.641061107713929e-08,7.696761116576865e-08,0.00044665514733824757,2.292394924549375e-08,3.443741343741664e-08,3.4863076317664384e-08,0.00023154540522633924,3.8201314131381864e-08,4.3981093319296264e-08,0.0002881863043836535,3.992856513671817e-08,0.0002958510789199236,0.9987372737196215
RH4D549976C304467Z0Z,"{Vv,Vv}",0.9986327038034105,0.9985350397893684,Vv,Vv,chr09,3027950,True,7.379006553919306e-08,6.51202130482282e-08,9.48685418619102e-08,9.545868356327949e-08,0.0004850095813004687,2.4751849437419186e-08,4.177122960413635e-08,4.223938068964621e-08,0.00024655165065202663,4.2318507297962e-08,5.481174090995132e-08,0.0003133730511243912,4.4256534791308636e-08,0.0003217825267658349,0.9986327038034105
RH83D2B5A3D104400Z0Z,"{Vv,Vv}",0.9982498558546489,0.9981248455585524,Vv,Vv,chr09,3274183,True,1.1030404261413973e-07,1.1074456577677325e-07,1.8242642792164542e-07,1.829603453158785e-07,0.0006373069277836748,3.214276378189076e-08,6.984353627265239e-08,7.034348497764902e-08,0.0002907428572766443,6.351657613584406e-08,1.0199816206947597e-07,0.0004046210502264771,6.665200128166818e-08,0.0004164823781581057,0.9982498558546489
rh_chr9_3370837,"{Vv,Vv}",0.9981503857069557,0.9980182704003097,Vv,Vv,chr09,3363497,True,1.206734841663891e-07,1.259753068226791e-07,2.1677771889547166e-07,2.1718515054082912e-07,0.000682911225278784,3.3259314247181076e-08,7.85659301483315e-08,7.899321525027829e-08,0.0002967636972054654,6.946125269774981e-08,1.1891691322299152e-07,0.0004278399091723777,7.300862895514857e-08,0.0004409666444727499,0.9981503857069557
RH610DA08BBC76484Z0Z,"{Vv,Vv}",0.9980929768599565,0.997956760921382,Vv,Vv,chr09,3426268,True,1.2707589682119192e-07,1.3567606222095838e-07,2.409812224388905e-07,2.4125598855827193e-07,0.0007119108559842822,3.3613786789125266e-08,8.385034870102303e-08,8.418962923212634e-08,0.000297815848707323,7.314181791947347e-08,1.3019451753331617e-07,0.00044102442352693616,7.697246618252316e-08,0.0004550450600885681,0.9980929768599565
rh_chr9_3600480,"{Vv,Vv}",0.9979905444076492,0.9978470118653384,Vv,Vv,chr09,3592864,True,1.4098315084260784e-07,1.5364318515350813e-07,3.008660670420947e-07,3.0058279236915186e-07,0.000776728961588706,3.284750360655827e-08,9.154605214966777e-08,9.14712897514104e-08,0.0002878802068722226,8.124253475898492e-08,1.5413291189015594e-07,0.0004634998746480804,8.582910652932913e-08,0.00047991340464770407,0.9979905444076492
RHD02BC56C8DD34CBZ0Z,"{Vv,Vv}",0.9979632937385674,0.9978178147198936,Vv,Vv,chr09,3698079,True,1.4563763970009736e-07,1.6065992856531737e-07,3.370925806402796e-07,3.362800160620806e-07,0.0008085310094001186,3.1127433681769104e-08,9.32972574633612e-08,9.28054198785898e-08,0.0002720812320011283,8.424573619263595e-08,1.6622740270023388e-07,0.0004683093699140968,8.924507477156882e-08,0.0004862480316275347,0.9979632937385674
rh_chr9_4085999,"{Vv,Vv}",0.9981068383242433,0.9979716124902607,Vv,Vv,chr09,4078266,False,1.3221742317104496e-07,1.2698703755112805e-07,4.208217895826102e-07,4.1666573872023766e-07,0.0008646858947239735,1.7226755340605174e-08,5.521507026881529e-08,5.191243386613178e-08,0.000153265467192254,8.096189431727574e-08,1.6138904981729583e-07,0.00042505309301057206,8.701731600682904e-08,0.00044860680632130876,0.9981068383242433
rh_chr9_4138989,"{Vv,Vv}",0.9981507722251047,0.9980186845268979,Vv,Vv,chr09,4130758,False,1.2596574166771577e-07,1.1888106068586323e-07,4.3369115394601776e-07,4.320353758448243e-07,0.0008653966665162383,1.5383184578310155e-08,4.9661344980154526e-08,4.6396686029664054e-08,0.00012585511781099725,7.957921163570269e-08,1.6248146004028524e-07,0.0004136165288428566,8.671774737409736e-08,0.0004428086687583661,0.9981507722251047
rh_chr9_4242318,"{Vv,Vv}",0.9979752665002319,0.9978306426788199,Vv,Vv,chr09,4233552,False,1.1962574832764749e-07,1.0946047943728305e-07,4.911776458272461e-07,4.967178687254318e-07,0.0010008284276728611,1.3942508812077618e-08,4.580234336614532e-08,4.256540086986034e-08,0.00011328631187513317,8.435362793078538e-08,1.7954450594214298e-07,0.0004348517685111629,9.438714940946991e-08,0.0004740894144301755,0.9979752665002319
rh_chr9_4448159,"{Vv,Vv}",0.9974287055795875,0.9972450416924152,Vv,Vv,chr09,4439483,False,1.1148152784402353e-07,8.702001818445428e-08,7.221973537096692e-07,7.56351503609367e-07,0.0015414686060431575,1.243708742828889e-08,5.011926077795324e-08,4.6795042840528035e-08,0.00012062741844117985,7.967869182555977e-08,1.7847383898048752e-07,0.00042841199789182057,9.121581626075926e-08,0.00047865062789492194,0.9974287055795875
rh_chr9_4796302,"{Vv,Vv}",0.9980384288086702,0.9978983165807181,Vv,Vv,chr09,4784438,True,2.7601614180645534e-07,8.304513392718232e-08,4.7253169263333485e-07,5.316676705620251e-07,0.001067581835732872,1.0141666903733447e-08,4.1413822958349315e-08,3.497942008926322e-08,9.03105405678415e-05,6.497626134300534e-08,1.496227228958911e-07,0.00036576830811943875,7.750468541044867e-08,0.0004361686076910451,0.9980384288086702
rh_chr9_4855358,"{Vv,Vv}",0.9981735593575739,0.9980430993116863,Vv,Vv,chr09,4843272,False,2.97926578503418e-07,7.975062356299414e-08,4.430848528013004e-07,5.039378876423103e-07,0.000979771863040903,9.760097619035923e-09,3.983947405694018e-08,3.2240510887609935e-08,7.688637113295504e-05,6.166422262134378e-08,1.4519714240425226e-07,0.00034711315006740183,7.378996293410572e-08,0.00042098206683174725,0.9981735593575739
rh_chr9_4911190,"{Vv,Vv}",0.9982653017158679,0.9981413946955727,Vv,Vv,chr09,4899182,False,3.2535796499980484e-07,8.766899569178455e-08,4.2694786179335066e-07,4.811753305947752e-07,0.0009142135049665869,9.6333330183083e-09,4.279697233815842e-08,3.5621798213939355e-08,8.114976248981817e-05,6.044046901541682e-08,1.427550751666136e-07,0.0003374071350821761,6.877306290814535e-08,0.00040024671072982936,0.9982653017158679
rh_chr9_5405159,"{Vv,Vv}",0.999539041229499,0.9995061156030346,Vv,Vv,chr09,5389042,False,7.126920810264858e-08,3.4964049693473114e-08,8.426115110312321e-08,6.70237172217967e-08,0.00014103997638899516,6.912784082612496e-09,2.6043653984843967e-08,1.1023933925664513e-08,2.6183049976438976e-05,3.6275455345323774e-08,3.063776983776897e-08,0.0001631966112713668,1.1623899561865695e-08,0.0001301590972413313,0.999539041229499
rh_chr9_5500102,"{Vv,Vv}",0.9994425349454122,0.9994027160129417,Vv,Vv,chr09,5473178,False,6.899100470416945e-08,3.9137197924379074e-08,8.795463499027833e-08,6.69422733554415e-08,0.00016526513084165844,8.91014539774195e-09,3.7876904774804785e-08,1.4472026518852585e-08,5.9577440441140376e-05,4.3747867974084153e-08,3.458872851281375e-08,0.00018603574099439326,1.2366480571664758e-08,0.00014617175504583608,0.9994425349454122
rh_chr9_5566204,"{Vv,Vv}",0.9993994159072681,0.9993565170435016,Vv,Vv,chr09,5539505,False,6.331088136539287e-08,3.9686702290007624e-08,8.613549905533803e-08,6.610842413918508e-08,0.00017349254883020746,9.931709801596529e-09,4.455938150591048e-08,1.6787463851232916e-08,7.62065193310041e-05,4.7284280660856745e-08,3.711108950252479e-08,0.00019474023277252047,1.2862338011413891e-08,0.00015572101402791319,0.9993994159072681
rh_chr9_5785960,"{Vv,Vv}",0.9993476846606377,0.9993010907078261,Vv,Vv,chr09,5761168,True,4.5207336226802545e-08,3.8838112765182826e-08,7.481647677205553e-08,5.961390141861913e-08,0.00018062757520457466,9.5916164977816e-09,4.2774076036268244e-08,2.2345336198642938e-08,0.00010742140604113553,3.578050135991463e-08,4.06851166676495e-08,0.000196643537720504,1.3410728837272733e-08,0.00016723975719321337,0.9993476846606377
rh_chr9_5920608,"{Vv,Vv}",0.9993778580480787,0.9993334193372272,Vv,Vv,chr09,5895578,True,3.551679891558451e-08,3.8280404961831355e-08,6.872684143892291e-08,5.599198463583325e-08,0.00016960657065503743,8.883630246039604e-09,4.167949156836829e-08,2.4846132021829e-08,0.00011083590962803307,2.8981998713028474e-08,4.145672870881267e-08,0.00018249041127794868,1.2494785178673325e-08,0.00015885220156398096,0.9993778580480787
rh_chr9_6446554,"{Vv,Vv}",0.9999233053750843,0.9999178271875904,Vv,Vv,chr09,6409198,False,1.2715997496566417e-10,1.9420288228674157e-10,2.9155920281064875e-10,2.5099694740908537e-10,2.0230051152893002e-05,5.294266032793028e-11,2.069808024727864e-10,1.5742803859167778e-10,1.5678548035454333e-05,1.1746185155913079e-10,2.2114042435091218e-10,2.1379255128311184e-05,6.993831692979854e-11,1.940508078797027e-05,0.9999233053750843
rhMAS_5GT_cons95,"{Vv,Vv}",0.9999987640271261,0.9999986757433493,Vv,Vv,chr09,6485248,False,3.2389028286539693e-12,2.2272328292587e-12,6.802348029539276e-12,4.13102847486095e-12,2.988399024822451e-07,7.413977707517686e-13,4.056577382729823e-12,1.7847170619619758e-12,1.4632012268034017e-07,6.575992875684216e-12,5.9790970993804375e-12,5.076003513900481e-07,1.4867706705647564e-12,2.8317547325060133e-07,0.9999987640271261
rhMAS_5GT_700,"{Vv,Vv}",0.9999987906829553,0.9999987043031664,Vv,Vv,chr09,6485770,False,3.2403247407546685e-12,2.2306830535006676e-12,6.81350900495077e-12,4.140919727841116e-12,2.9225645856667453e-07,7.424182407869888e-13,4.0653318149633e-12,1.7901906377486504e-12,1.4053849394141952e-07,6.585973261172416e-12,5.9990440338357706e-12,5.023423430063234e-07,1.4907705132685839e-12,2.7414265003737747e-07,0.9999987906829553
rh_chr9_6523189,"{Vv,Vv}",0.9999987872806693,0.9999987006578599,Vv,Vv,chr09,6485802,False,3.240638579548064e-12,2.2311389709811712e-12,6.814764388252378e-12,4.1419248581871075e-12,2.931009498819228e-07,7.42559923575955e-13,4.066263903594373e-12,1.7907513581253855e-12,1.4102616977663491e-07,6.5870214611433955e-12,6.000851942909606e-12,5.03793860957717e-07,1.4911752959260757e-12,2.747612431103793e-07,0.9999987872806693
rh_chr9_6602203,"{Vv,Vv}",0.9999524756097637,0.9999490810104612,Vv,Vv,chr09,6565440,False,6.472131090733085e-11,3.575450415278112e-11,9.334280577127203e-11,6.246060839694641e-11,1.1436627304058723e-05,2.5998969489050103e-11,6.910123198436365e-11,3.334693223484015e-11,6.021712096298984e-06,1.5293884764846434e-10,1.0333103284366619e-10,2.111319617863279e-05,4.307879798846697e-11,8.952170582233355e-06,0.9999524756097637
rh_chr9_6658412,"{Vv,Vv}",0.999926022628619,0.9999207385306632,Vv,Vv,chr09,6618482,False,1.4977647202981694e-10,9.746050304781384e-11,2.864034238916859e-10,1.9018789017425656e-10,2.1704270786294803e-05,3.788527623993473e-11,1.406754233797938e-10,7.03820157190418e-11,7.012661655222483e-06,2.7798725450512256e-10,2.603334787106295e-10,3.207407365653522e-05,8.136527724197819e-11,1.318477282597628e-05,0.999926022628619
rh_chr9_6717488,"{Vv,Vv}",0.9999003907567336,0.999893275810786,Vv,Vv,chr09,6677629,False,2.652234359192267e-10,2.2746301063328167e-10,5.437286150077129e-10,3.589610221533204e-10,3.146105311411856e-05,5.865817937338889e-11,2.971061622247066e-10,1.4771756058088965e-10,1.023149421591515e-05,4.216830905872413e-10,4.447782263720474e-10,4.231686559117965e-05,1.1779463858586937e-10,1.5596947231177397e-05,0.9999003907567336
rh_chr9_6771287,"{Vv,Vv}",0.9998862519344763,0.9998781270726532,Vv,Vv,chr09,6725744,True,3.470440860419954e-10,3.3288089808069166e-10,7.364988097131453e-10,4.886121725867916e-10,3.777373936988559e-05,7.028894353131836e-11,4.1236100173026184e-10,2.0462458370607605e-10,1.1198243453396348e-05,4.920207848807704e-10,5.735483317517538e-10,4.8854075846549585e-05,1.3744560722362262e-10,1.5918211528546336e-05,0.9998862519344763
rh_chr9_6915807,"{Vv,Vv}",0.999879033025331,0.9998703925271404,Vv,Vv,chr09,6870379,False,4.108733616147754e-10,3.317797049256601e-10,7.516295086456546e-10,5.084188220035585e-10,4.797997679919105e-05,5.384350126372835e-11,3.6873780421183016e-10,1.6174440717743334e-10,5.211532048837981e-06,4.2030657778096547e-10,5.033617237036588e-10,5.976142838185572e-05,1.3011323653943783e-10,8.010396630411802e-06,0.999879033025331
rh_chr9_6990766,"{Vv,Vv}",0.9998399822563053,0.99982855241747,Vv,Vv,chr09,6945070,False,3.08059165055338e-10,2.3138240519750317e-10,5.24793301669659e-10,4.3644951734925336e-10,6.85687821842813e-05,5.359804478655762e-11,2.2977315276706747e-10,1.6888675212139127e-10,3.324374952767047e-06,2.0417200565269272e-10,3.571083912024504e-10,8.181462456767793e-05,1.453772901427853e-10,6.307302389914171e-06,0.9998399822563053
rh_chr9_7133530,"{Vv,Vv}",0.9997538249650714,0.999736241034005,Vv,Vv,chr09,7087840,True,2.0675087049536865e-09,1.133113485895386e-09,3.742097976440069e-09,2.2448605919055937e-09,0.00010770369737729836,2.336980430587993e-10,1.425262761176956e-09,5.517391543737677e-10,1.6190782153732687e-05,1.266975199550032e-09,2.0697564943948408e-09,8.926119101185446e-05,6.0883820312284e-10,3.300402053517339e-05,0.9997538249650714
rh_chr9_7340587,"{Vv,Vv}",0.9997208632348902,0.9997009248945252,Vv,Vv,chr09,7292240,False,3.3798920559858865e-09,1.1564169933517425e-09,5.460934020154664e-09,4.391999950276991e-09,0.00014146818193188891,4.179194165961011e-10,1.846678412325727e-09,1.0143822043902905e-09,1.1689867747093576e-05,1.275455168058011e-09,2.951650648697573e-09,7.742469834907568e-05,1.2205947040971797e-09,4.853090115821514e-05,0.9997208632348902
rh_chr9_7476640,"{Vv,Vv}",0.9997006785951058,0.9996792984947562,Vv,Vv,chr09,7428760,False,2.0721070499309847e-09,1.78253244313775e-09,6.45793732401641e-09,6.934452372769158e-09,0.0001394567751887438,6.486668071502507e-10,2.550475109196562e-09,1.5383481681243987e-09,1.2049145805695747e-05,1.0020915193776795e-09,3.723192912254268e-09,8.009892554350133e-05,1.826112814079147e-09,6.768802243974785e-05,0.9997006785951058
rh_chr9_7533649,"{Vv,Vv}",0.999685781468425,0.9996633372875983,Vv,Vv,chr09,7485794,False,2.4979252711026546e-09,3.157489380241844e-09,1.143976464886642e-08,1.0992711274076706e-08,0.0001514174078313372,1.0541661339892045e-09,5.575044141426269e-09,3.22158235322229e-09,1.814275283858724e-05,1.8863417876798384e-09,5.477193613148107e-09,7.443314321649225e-05,2.3924097153814875e-09,7.017753306022696e-05,0.999685781468425
rh_chr9_7625622,"{Vv,Vv}",0.9992575371703531,0.9992045041110926,Vv,Vv,chr09,7577713,False,1.2163077783736682e-08,2.5237969865313e-08,4.875226670521287e-08,5.750790599063899e-08,0.00019480192733100607,1.062811121233211e-08,2.5168301394566883e-08,1.902874429210198e-08,0.00018227068855371922,7.807355041069551e-09,1.6355063589623317e-08,0.00018763473286073014,9.12528298512831e-09,0.0001775237068225377,0.9992575371703531
rh_chr9_8899256,"{Vv,Vv}",0.9941710540775616,0.9937547007973874,Vv,Vv,chr09,8856482,False,4.555836909131798e-07,3.202259778821186e-07,3.804291616387969e-06,4.373850960913254e-06,0.00044792792686170597,4.5828446326129107e-07,1.776768425770137e-06,1.0581788487852968e-06,0.0015754656917866875,1.1659608799264444e-06,1.4487255625132558e-06,0.0020681046915050276,8.922540251380017e-07,0.001721693487833538,0.9941710540775616
RHA70E86B33EE045DZ0Z,"{Vv,Vv}",0.9941697422094307,0.99375329522439,Vv,Vv,chr09,8861901,True,4.549409777852783e-07,3.2074479702538e-07,3.7797459348982424e-06,4.350529382185278e-06,0.0004450420353738617,4.575708385260763e-07,1.7867901686252479e-06,1.0620002085731413e-06,0.001579347609747789,1.1650440783797656e-06,1.454139386166521e-06,0.0020690701370701587,8.909272938788884e-07,0.0017210755753115298,0.9941697422094307
RH964181FB13C543CZ0Z,"{Vv,Vv}",0.9941664458328929,0.9937497633923853,Vv,Vv,chr09,8877302,True,4.53147532780043e-07,3.2195498226894415e-07,3.7099100038207595e-06,4.2842571335609315e-06,0.0004367258854873819,4.5546247652074316e-07,1.815072143343209e-06,1.0725697489548779e-06,0.0015902754345390004,1.1623125882213337e-06,1.4691860023449737e-06,0.0020717092058848197,8.870525289070242e-07,0.0017192127160551203,0.9941664458328929
RH1FF6081642CA4DAZ0Z,"{Vv,Vv}",0.9941623468480729,0.9937453716229353,Vv,Vv,chr09,8903167,True,4.5027541970355757e-07,3.23156060005258e-07,3.5929172613774965e-06,4.173637154396598e-06,0.0004223794058587208,4.5162329549422997e-07,1.8619760989125465e-06,1.0894187118897582e-06,0.0016082785020465505,1.1572912209008143e-06,1.4934182818849007e-06,0.002075792360792329,8.802006893292651e-07,0.001715728969035656,0.9941623468480729
RH188EE1E88FC243AZ0Z,"{Vv,Vv}",0.9941610206593116,0.9937439507064052,Vv,Vv,chr09,8915549,True,4.489959027679969e-07,3.234284346534222e-07,3.5376994058407965e-06,4.121766977782345e-06,0.0004153436834599653,4.496254713298317e-07,1.8842641778409954e-06,1.0971744284604031e-06,0.001616740775945176,1.154682858336978e-06,1.5046788995979616e-06,0.002077591956583386,8.767737257315257e-07,0.001713903834417665,0.9941610206593116
rhMAS_Ren6_PN9_068,"{Vv,Vv}",0.9941843495708136,0.9937689459687289,Vv,Vv,chr09,9084487,False,4.342245978356662e-07,2.9737351174654525e-07,2.7482633351722345e-06,3.3813432947440446e-06,0.00030836654008237164,4.133711072478217e-07,2.1623957715497136e-06,1.1689214197903953e-06,0.0017222257208040625,1.106310189691713e-06,1.6189473675578265e-06,0.002092130176777873,8.193101652480374e-07,0.0016787775307615914,0.9941843495708136
rh_chr9_9152025,"{Vv,Vv}",0.9942351595976398,0.9938233852831855,Vv,Vv,chr09,9112950,True,4.344672362728357e-07,3.163851458049582e-07,2.71575903025974e-06,3.3492769379151216e-06,0.0003047935002528428,4.178331859510137e-07,2.157238646079486e-06,1.188360938576926e-06,0.0017057995135611372,1.0753224622424702e-06,1.616544900024222e-06,0.002077540115257637,8.140042584024153e-07,0.00166262208054721,0.9942351595976398
rh_chr9_9426423,"{Vv,Vv}",0.994836151948705,0.9944673056593268,Vv,Vv,chr09,9386571,False,4.45642353499455e-07,4.50288296398891e-07,2.338449227488333e-06,2.986928714648188e-06,0.00024038081276463126,4.294904795055943e-07,1.998634589692576e-06,1.280746049575697e-06,0.0015205277406021508,7.454001262493871e-07,1.4794255074884723e-06,0.0019102286910113804,7.377422562948937e-07,0.0014798180593159336,0.994836151948705
rh_chr9_9574105,"{Vv,Vv}",0.9941575475446635,0.9937402295121395,Vv,Vv,chr09,9534955,True,5.139773883532897e-07,8.658515517883524e-07,2.765820441947814e-06,3.3019167712747504e-06,0.0005158398182374177,5.611379111856801e-07,2.4056180237819026e-06,1.7649166008730198e-06,0.001624277705027665,9.310116565953188e-07,2.0682110889322126e-06,0.0020143690605387344,9.476746690634066e-07,0.0016718397354289084,0.9941575475446635
rh_chr9_10684574,"{Vv,Vv}",0.9909989368949025,0.990356003815967,Vv,Vv,chr09,10643028,False,2.4172077291993906e-06,4.3171442988588746e-06,6.284835786448215e-06,6.921344861678568e-06,0.0021000862929647273,1.1665508194311175e-06,4.387711678682508e-06,4.917454196853991e-06,0.0019121936519055777,1.928255749693086e-06,5.948186290596039e-06,0.0023130795684959656,2.8581111710893427e-06,0.002634556789148601,0.9909989368949025
rh_chr9_13086190,"{Vv,Vv}",0.9965837592565936,0.996339742060636,Vv,Vv,chr09,13598083,False,4.1672328080185774e-07,3.7478758257957075e-07,1.394931612830789e-07,7.850780548522075e-07,0.0016071780995495564,2.776399431122294e-08,6.153113800684391e-08,1.5796223169838042e-07,0.00028294520039304883,4.3648626984553527e-08,1.5495457107342516e-07,0.0002316953013557265,2.102308542404224e-07,0.001292049968612322,0.9965837592565936
rh_chr9_13197248,"{Vv,Vv}",0.9969598203417885,0.9967426646519163,Vv,Vv,chr09,13709016,False,2.7105079960219344e-07,2.2365378196833473e-07,9.071172623213407e-08,5.46552102425834e-07,0.0014474241174640783,1.7270695129290115e-08,3.7414837460313496e-08,1.0408022912729787e-07,0.00016882902303762254,2.358017803164308e-08,1.0125556666445906e-07,0.00019817024971237977,1.3918813951080826e-07,0.0012242015099411816,0.9969598203417885
rh_chr9_13400197,"{Vv,Vv}",0.997259256422371,0.9970634890239689,Vv,Vv,chr09,13914288,False,2.2731316489495284e-07,1.739129148174576e-07,9.124367514373152e-08,5.050221081957332e-07,0.0012777287346186243,1.3380353179071632e-08,3.007670364679046e-08,1.0710613168782617e-07,0.00016141395196883794,1.6398169153666593e-08,1.0269774553711648e-07,0.00017592966298455803,1.3205817494319882e-07,0.001124272018915729,0.997259256422371
rh_chr9_13689984,"{Vv,Vv}",0.9978110263432817,0.9976546710820875,Vv,Vv,chr09,14204554,False,1.3690697978422008e-07,6.94293247343109e-08,4.192433606298471e-08,3.697777572362834e-07,0.0010213322735677067,4.737960580565954e-09,9.750677741225313e-09,7.153425165147728e-08,0.00010104808079182053,4.644546719940149e-09,6.323918286035859e-08,0.0001042498108271991,8.64488938774345e-08,0.0009614850976203317,0.9978110263432817
rh_chr9_13760891,"{Vv,Vv}",0.9981786728408923,0.9980485780438132,Vv,Vv,chr09,14274204,False,1.1483409768088234e-07,4.9405409453299515e-08,2.9571274512720996e-08,2.5999173188767837e-07,0.0009547273481588575,3.160415980325349e-09,6.653428648070177e-09,5.050912142363841e-08,7.864353770126628e-05,2.6965940164992676e-09,4.1616313211800195e-08,7.914993603553745e-05,5.531363337471936e-08,0.0007081925851917988,0.9981786728408923
rh_chr9_13933778,"{Vv,Vv}",0.9987270912113125,0.9986361691549778,Vv,Vv,chr09,14446950,False,1.3193403396432396e-07,4.5785029467965535e-08,2.920511936890981e-08,1.839957756641081e-07,0.0008899206390646801,3.4758679618310904e-09,6.938568747057405e-09,4.3555855214243795e-08,4.348023909377966e-05,2.292544221449355e-09,3.076695467326609e-08,3.9144079677280985e-05,3.5377223799674926e-08,0.0002998505038785438,0.9987270912113125
rh_chr9_14029478,"{Vv,Vv}",0.9985047209847191,0.9983979153407705,Vv,Vv,chr09,14530016,False,2.025324918585617e-07,7.001520603635459e-08,4.8660481929971725e-08,2.2562608984420506e-07,0.0010862076525197033,6.741871340225033e-09,1.3058053082161803e-08,6.508105939221453e-08,6.375327899193156e-05,4.146143107406029e-09,4.517461777967541e-08,5.5036491465918634e-05,4.3902780367311955e-08,0.00028955665350858465,0.9985047209847191
rh_chr9_14194102,"{Vv,Vv}",0.9974498825953705,0.9972677313521827,Vv,Vv,chr09,14698418,False,4.6639126303242703e-07,2.7543417317124716e-07,2.1180077506477767e-07,4.4477000360471587e-07,0.0016199691610133224,3.380296854187627e-08,5.138797798978317e-08,1.3473230199795185e-07,0.0002591244253183641,1.852256495462007e-08,9.041300554386957e-08,0.00021966194581344797,7.097856624844918e-08,0.00044956363888424704,0.9974498825953705
rh_chr9_16094913,"{Vv,Vv}",0.9874472549877177,0.9865506303439833,Vv,Vv,chr09,17427622,True,6.779707861800861e-06,3.7576648476272056e-06,4.2047987140804e-06,4.435126854334632e-06,0.008423169843048656,5.411485807231314e-07,1.0132981303003184e-06,1.1958482027037025e-06,0.0009992509777386107,8.516227851748362e-07,1.3952659435063822e-06,0.001360571072333565,1.1525847308531717e-06,0.0017444260525104058,0.9874472549877177
rh_chr9_16162865,"{Vv,Vv}",0.987462273834989,0.9865667219660597,Vv,Vv,chr09,17478454,True,6.5781661282489065e-06,3.6952738461004325e-06,4.157225901076115e-06,4.37294498303819e-06,0.00850666474716,5.079991974292381e-07,1.0000826424975576e-06,1.179143059469205e-06,0.0009601492756268066,8.109210255724076e-07,1.3801989123754766e-06,0.001329350038762514,1.1022047701143007e-06,0.0017167779429956944,0.987462273834989
rh_chr9_16226427,"{Vv,Vv}",0.9874916958306831,0.9865982455328748,Vv,Vv,chr09,17543237,False,6.306771022515101e-06,3.5979497087531785e-06,4.07840293251304e-06,4.2742824582596906e-06,0.008611009807322064,4.6675891438480867e-07,9.807194629311163e-07,1.1546430760154203e-06,0.0009075675762938423,7.592260915384809e-07,1.356969695745401e-06,0.001286845044370774,1.0375118777304389e-06,0.0016788685060899252,0.9874916958306831
rh_chr9_17005889,"{Vv,Vv}",0.9886834860119723,0.9878751635842561,Vv,Vv,chr09,18312072,False,1.5496859094908088e-06,2.579427589714427e-07,8.843091261619154e-07,7.228110405276108e-07,0.009711422972873035,2.731481689212806e-08,8.848666995984725e-08,1.1794016708935363e-07,5.9532829116559e-05,1.0637645978945786e-07,2.396148745119096e-07,0.0005436407583472098,1.6106819586255407e-07,0.000997761877671626,0.9886834860119723
rh_chr9_17042572,"{Vv,Vv}",0.9885078422577908,0.9876869738476329,Vv,Vv,chr09,18347218,False,1.406226254242444e-06,2.457156631198068e-07,8.8588226255481e-07,7.02184583379288e-07,0.009821854390165191,2.6224933511849927e-08,8.507476590123347e-08,1.1162241401577738e-07,5.969796604522225e-05,1.0039586563500541e-07,2.33052959426623e-07,0.0005655039514396745,1.4984782871561617e-07,0.0010411552070287023,0.9885078422577908
rh_chr9_18081402,"{Vv,Vv}",0.9876826541048696,0.9868028436837888,Vv,Vv,chr09,19378581,False,2.4351071153590655e-07,1.8668083942494497e-07,3.1171212161970504e-06,1.5745043777455074e-06,0.010323642736078829,2.299487067051603e-08,6.781315272219983e-08,8.462943139047456e-08,0.00018135325495747932,9.141293874882462e-08,3.7551005735731344e-07,0.0005213077713641105,2.1233340749227667e-07,0.0012850656217268017,0.9876826541048696
rh_chr9_18392600,"{Vv,Vv}",0.9927371957674946,0.9922184240366014,Vv,Vv,chr09,19684304,False,2.7797047449916823e-07,2.314924416022659e-07,1.1405522237453144e-06,9.295224666322204e-07,0.00584362044453431,1.1279646149542835e-08,2.510863274853016e-08,4.900617952368972e-08,0.0001049153226014828,3.6211597656168076e-08,1.4037010052517745e-07,0.00037092181668001254,1.0888904807261553e-07,0.0009403962458783447,0.9927371957674946
rh_chr9_18463570,"{Vv,Vv}",0.9930473010651594,0.9925506797126707,Vv,Vv,chr09,19755312,False,2.7204147246847247e-07,2.3561976116863504e-07,9.894734440308034e-07,8.896478407850887e-07,0.005575435732080218,9.881292465372183e-09,2.465304185880097e-08,4.965256054479821e-08,0.00011721988588683767,2.7611736981664223e-08,1.1620412199650717e-07,0.00033694731882607273,9.86099712763204e-08,0.0009203826028038728,0.9930473010651594
RH84E55D608CF3498Z0Z,"{Vv,Vv}",0.9934674366406848,0.9930008249721624,Vv,Vv,chr09,19783897,True,2.4235526021619687e-07,2.1887871696233648e-07,8.818152291069409e-07,8.118563577322147e-07,0.005175776114691166,8.740857097891384e-09,2.2941897651897886e-08,4.617243498573345e-08,0.00011413602134611306,2.455476319514167e-08,1.0739651562721959e-07,0.00032424636100952093,9.460666632788614e-08,0.0009159455435694465,0.9934674366406848
RH9C9EA96B91154D8Z0Z,"{Vv,Vv}",0.9937750611207151,0.9933304226293377,Vv,Vv,chr09,19804720,True,2.2095696158915647e-07,2.0644128167074409e-07,8.073776259296604e-07,7.541765566033044e-07,0.00488457931103222,7.936065624845753e-09,2.1656435628615657e-08,4.348065746026994e-08,0.00011137085714589537,2.2329472602946926e-08,1.0080517895600861e-07,0.00031448684345850914,9.148050219283563e-08,0.0009122252269099504,0.9937750611207151
RHD087A470091F456Z0Z,"{Vv,Vv}",0.995118144552574,0.9947694405920435,Vv,Vv,chr09,19894545,True,1.2532725975580952e-07,1.350250935866068e-07,4.6664322693122114e-07,4.677241225964102e-07,0.003627168297124316,4.4911141248318274e-09,1.4164519033447646e-08,2.858366253298216e-08,9.441364002826095e-05,1.2269679423394872e-08,6.724710477771599e-08,0.00026744928823280314,7.575086911282687e-08,0.0008914269953887774,0.995118144552574
rh_chr9_18628859,"{Vv,Vv}",0.9954990311305975,0.9951775333542116,Vv,Vv,chr09,19919730,False,1.0222303153326076e-07,1.1877762424688629e-07,3.931721461933598e-07,3.9083988255090596e-07,0.0032745280162354263,3.663732301532792e-09,1.2326720556344617e-08,2.4268189773009176e-08,8.819867726922311e-05,9.647204007176319e-09,5.7979144015318576e-08,0.0002528346356039303,7.079869773941218e-08,0.0008842238439209314,0.9954990311305975
RH73A206A4421643EZ0Z,"{Vv,Vv}",0.9955854584953645,0.9952701341021762,Vv,Vv,chr09,19927408,True,1.0134555935842655e-07,1.197933979794386e-07,3.8909646149781496e-07,3.873310140769825e-07,0.0032085801822691667,3.622711550311477e-09,1.2471263257461454e-08,2.4797079785719682e-08,8.770020733092561e-05,9.571497170100025e-09,5.806065014343143e-08,0.0002493696752674641,6.933468720295669e-08,0.0008677160154457861,0.9955854584953645
RH60BA35BE8B23457Z0Z,"{Vv,Vv}",0.9957407433657276,0.9954365107489939,Vv,Vv,chr09,19941164,True,9.95950219654571e-08,1.2136053362221942e-07,3.8166068389488854e-07,3.808612660045569e-07,0.0030903677937089793,3.5476212509686006e-09,1.2707903605660585e-08,2.56682074003021e-08,8.667329714643702e-05,9.422873588853045e-09,5.81275609441615e-08,0.0002430313164646042,6.671598511030207e-08,0.0008380245592949734,0.9957407433657276
RH83A8E2B5B6D045FZ0Z,"{Vv,Vv}",0.9960892834341732,0.9958099465366141,Vv,Vv,chr09,19971858,True,9.490039390356028e-08,1.2363737206963462e-07,3.6421249852534054e-07,3.6534180426789174e-07,0.002826315532551652,3.3716862411396797e-09,1.3123381995456072e-08,2.724790262185108e-08,8.376221353045982e-05,9.032259784313475e-09,5.787948343480692e-08,0.00022828387143360187,6.088481878366424e-08,0.0007712353167093955,0.9960892834341732
RH726DD0DAB9CF46DZ0Z,"{Vv,Vv}",0.996200346139689,0.9959289422925239,Vv,Vv,chr09,19981589,True,9.33286818418205e-08,1.2429769466610813e-07,3.59223225373551e-07,3.6092542049557987e-07,0.0027425390932196837,3.314609076533387e-09,1.3250769690152464e-08,2.770739008486021e-08,8.266099791778813e-05,8.899608658582699e-09,5.781305847616696e-08,0.00022343534687460127,5.91181526711951e-08,0.0007499105436879656,0.996200346139689
rh_chr9_19000027,"{Vv,Vv}",0.9998833189280507,0.9998749845657686,Vv,Vv,chr09,20290814,False,4.951829937245907e-10,6.177287387996627e-10,3.3918910464026985e-09,1.396319336219304e-09,5.6483150604825975e-05,2.21566963954838e-11,2.1085959326839214e-10,1.8213899076888002e-10,2.6072635356738367e-06,2.880331441906701e-10,7.73694353793034e-10,2.5253820977553183e-05,3.0990628430367457e-10,3.2329148920104555e-05,0.9998833189280507
rh_chr9_19072322,"{Vv,Vv}",0.9999236521720195,0.9999181987557352,Vv,Vv,chr09,20362420,False,5.2465083887749025e-11,7.523849727225658e-11,6.286565348290417e-10,1.8627036310284877e-10,2.3917527801355567e-05,2.7142787858214944e-12,4.6201499401654645e-11,3.066657807956549e-11,2.1925666004048097e-06,6.783567962845045e-11,1.91331566550917e-10,3.4358764588974184e-05,4.5114762175518274e-11,1.5877642494874504e-05,0.9999236521720195
rh_chr9_19148103,"{Vv,Vv}",0.9999392515883804,0.9999349124161219,Vv,Vv,chr09,20438198,False,1.2402487937641796e-11,1.7061408955671533e-11,1.073216900368919e-10,3.4807222382226344e-11,3.1875337001038516e-06,1.1723241306770318e-12,1.471920663529528e-11,9.275857964711852e-12,5.487770041526664e-07,2.1755522066235183e-11,4.98614222423688e-11,5.2456482080921766e-05,9.693799245503453e-12,4.5553407634364905e-06,0.9999392515883804
rh_chr9_19253175,"{Vv,Vv}",0.9999040712241938,0.999897219168779,Vv,Vv,chr09,20543340,False,5.553632956997182e-12,8.025921586554504e-12,2.5591468325539318e-11,1.4619904123974e-11,3.18611334453812e-06,2.2969796285578924e-12,1.4884558028021728e-11,8.273950688322766e-12,2.0671193093464277e-06,1.48344411968167e-11,4.026390261684481e-11,8.643125923175728e-05,6.772374390869932e-12,4.2441428034429365e-06,0.9999040712241938
rh_chr9_19317456,"{Vv,Vv}",0.9999684178404378,0.9999661619718976,Vv,Vv,chr09,20607418,False,3.046910706780141e-12,4.894441288489719e-12,4.9413368385212796e-11,7.662880103602046e-12,1.340420345682038e-06,1.3639891082845123e-12,4.086146598353339e-11,5.098748895543709e-12,7.849937806284954e-07,3.256186998019114e-11,5.3152409863836404e-11,2.708478894431285e-05,3.2707277793920185e-12,2.3717551648110094e-06,0.9999684178404378
rh_chr9_19496885,"{Vv,Vv}",0.9999786178593032,0.9999770905635391,Vv,Vv,chr09,20789422,False,5.9669548598363986e-12,7.085681161694428e-12,3.0422429459587064e-11,9.804956328003558e-12,5.360296096894207e-06,3.834987176941682e-12,2.1829906680064865e-11,7.065282386738156e-12,6.898095702257005e-07,2.6857912703119067e-11,2.851592014797222e-11,1.1369767847481885e-05,6.401630938086332e-12,3.962119396534062e-06,0.9999786178593032
rh_chr9_19584618,"{Vv,Vv}",0.9999900686426332,0.9999893592599641,Vv,Vv,chr09,20877313,False,1.9438654947953484e-11,2.4679983377181385e-11,8.811397387227008e-11,3.2994714775326374e-11,2.403697311493656e-06,9.030127093844557e-12,5.351408610914345e-11,2.0470820388423313e-11,1.152438996139977e-06,7.83083347299852e-11,6.662384760223416e-11,4.056998485056248e-06,1.5783387037181264e-11,2.317813616215843e-06,0.9999900686426332
rh_chr9_19646195,"{Vv,Vv}",0.9999502876740268,0.9999467367936001,Vv,Vv,chr09,20938883,True,1.232940450552402e-10,1.641468661894072e-10,3.546388162717543e-10,1.8184968807109366e-10,1.2435099035253394e-05,1.0413650302367937e-10,2.4202008113721194e-10,1.56124217875344e-10,1.1682650057369642e-05,3.461559572958913e-10,2.727603778724446e-10,1.3913276524544411e-05,1.126719245177058e-10,1.1679242557440575e-05,0.9999502876740268
rh_chr9_19944895,"{Vv,Vv}",0.9998932413875576,0.9998856157723832,Vv,Vv,chr09,21236080,False,1.3210064685284535e-09,1.737371795359292e-09,4.238797151490935e-09,1.7488091228801152e-09,2.711392835071e-05,1.2895314509295877e-09,2.626032203393643e-09,1.6650844367306616e-09,2.8786426304594292e-05,4.9026241620172504e-09,2.799528403198367e-09,2.7749968759258588e-05,1.2276768715208271e-09,2.308473256579091e-05,0.9998932413875576
rh_chr9_20042224,"{Vv,Vv}",0.9999079127807934,0.9999013351222786,Vv,Vv,chr09,21334642,False,1.6560113439054143e-09,2.4603922602239767e-09,6.677340554268724e-09,2.5042208789270773e-09,2.3657468507240708e-05,1.604731178335405e-09,3.942632900865706e-09,2.3719217957752184e-09,2.6240164519491254e-05,6.962825147230152e-09,4.2555208479590705e-09,2.3885182811634726e-05,1.568759863868125e-09,1.8270399011540256e-05,0.9999079127807934
rh_chr9_20127590,"{Vv,Vv}",0.9998881453475389,0.999880155729506,Vv,Vv,chr09,21419188,False,2.2663603125666272e-09,3.6315660307429885e-09,1.0194713051977519e-08,3.6419625839749362e-09,2.7970479425154288e-05,2.2095103243843235e-09,5.932692839393646e-09,3.48656394203764e-09,3.0694319110153796e-05,9.920517959301199e-09,6.217896979816855e-09,3.07659204883584e-05,2.1108147863079576e-09,2.2374320838599343e-05,0.9998881453475389
rh_chr9_20989379,"{Vv,Vv}",0.9970382393287659,0.9968266849951063,Vv,Vv,chr09,22315547,False,4.756837873618155e-07,5.006650114199365e-07,1.9896537015503523e-06,5.598108326788246e-07,0.0006998052920966535,4.525932596431264e-07,9.968103010859268e-07,5.269996295687188e-07,0.0007528798596545757,3.0311607905739433e-06,1.1237686214674535e-06,0.0009065709049667357,5.101137768961892e-07,0.0005923373548038736,0.9970382393287659
rh_chr9_22651315,"{Vv,Vv}",0.9948495768597065,0.9944816894925427,Vv,Vv,chr09,23978869,False,5.514083873304259e-06,6.33898981061584e-06,1.4378628967454844e-05,5.852165531292797e-06,0.0007239687990933616,5.1179358034920034e-06,7.473894584682175e-06,6.027913251387579e-06,0.0018975278520296842,3.71861392489106e-05,6.807571778171647e-06,0.0019374539928611945,4.309573778760559e-06,0.0004924655996811864,0.9948495768597065
rh_chr9_22838327,"{Vv,Vv}",0.9934983918975281,0.9930339913187801,Vv,Vv,chr09,24167035,False,6.2702091192973385e-06,7.600059163863691e-06,1.735468377483524e-05,6.998318860403876e-06,0.0008857663622763883,5.7845227846095765e-06,8.905396312539181e-06,7.255538222041512e-06,0.0024732340189142594,4.370471696183356e-05,8.023540200896206e-06,0.002439837049481738,4.903452737512264e-06,0.0005859702336617419,0.9934983918975281
rh_chr9_23002835,"{Vv,Vv}",0.9792846391052057,0.9778049704698633,Vv,Vv,chr09,24331690,False,1.1435681414819142e-05,1.654782887611938e-05,3.053869635849816e-05,1.2301609852043776e-05,0.003713547015858219,1.3322426206854611e-05,1.9238664885512398e-05,1.592264024387729e-05,0.0043316903186254715,8.2177684768803e-05,1.3945197343809638e-05,0.009980447546859663,8.951072875680513e-06,0.002465294510624915,0.9792846391052057
rh_chr10_241961,"{Vv,Vv}",0.9403264804520841,0.9360640861986615,Vv,Vv,chr10,385036,False,0.0002514001317442909,1.65160115459977e-05,2.396237563289781e-05,7.081996534870106e-05,0.0522356933870218,1.242482125700268e-06,3.7576493971285476e-06,2.954750050608954e-06,0.0004429128658892173,6.918524266525593e-06,6.075031385617639e-06,0.001370675772487745,3.6814560884768124e-06,0.005236909144931244,0.9403264804520841
rh_chr10_370298,"{Vv,Vv}",0.9457837154875406,0.9419111237366506,Vv,Vv,chr10,511288,False,0.00012229504910032487,2.5043207924272662e-06,8.216531304813686e-06,1.4086409333103737e-05,0.050415844915345565,2.253686779554422e-07,1.1627401133003024e-06,6.448358102169207e-07,0.00010981965917991798,3.6949443165521653e-06,2.351990645157451e-06,0.0010478699095683877,1.1645045775133168e-06,0.002486403333694245,0.9457837154875406
rh_chr10_423938,"{Vv,Vv}",0.946943426743561,0.9431536715109582,Vv,Vv,chr10,564919,False,6.943281973018717e-05,1.3560228776720477e-06,6.636288540560943e-06,8.975971152520514e-06,0.049554034153652234,1.2129525511987345e-07,6.232194056185173e-07,3.4864747029304256e-07,8.324054374812896e-05,2.761852995793375e-06,1.5096523868330937e-06,0.001068279927922401,6.584622296977537e-07,0.0022585943990719357,0.946943426743561
rh_chr10_508428,"{Vv,Vv}",0.949384687814412,0.9457693083725843,Vv,Vv,chr10,648530,False,3.763475325310596e-05,9.052790614917452e-07,5.996706133561965e-06,6.363448247541859e-06,0.04712120175657061,5.256540218259282e-08,3.0428975452211607e-07,1.741483024613503e-07,0.00010174817739461716,2.11528149476544e-06,9.267710841313826e-07,0.0012381564795576614,3.3508149635994944e-07,0.0020993974478348775,0.949384687814412
rh_chr10_650959,"{Vv,Vv}",0.9512771725957702,0.9477969706383251,Vv,Vv,chr10,787921,True,3.043476673082862e-05,1.640023333000141e-06,1.1715109693483225e-05,7.668122748244203e-06,0.044882214055573064,3.99991996833331e-08,2.5001229232821283e-07,1.7056432601458795e-07,0.00014359837958913756,2.101804058116609e-06,9.765914513396489e-07,0.0016440606047099585,2.9972328425995445e-07,0.001997657647240376,0.9512771725957702
rh_chr10_874103,"{Vv,Vv}",0.954241617535162,0.9509731616448165,Vv,Vv,chr10,997878,False,1.92818632778825e-05,1.9617854127674915e-06,1.85989462676276e-05,8.738689268093371e-06,0.041512371985569216,2.284503560830481e-08,1.4047343585539047e-07,1.2857897535311778e-07,0.00016521484863570653,2.1361141672084955e-06,9.281291360877551e-07,0.002221611742982942,2.1298924065125052e-07,0.0018070334734329651,0.954241617535162
rh_chr10_939355,"{Vv,Vv}",0.9550657696354349,0.9518561817522516,Vv,Vv,chr10,1047205,True,1.7129232253184297e-05,1.8590561252928948e-06,1.7482368448096895e-05,8.710411988060757e-06,0.0408317404237163,2.0563526885681935e-08,1.3703477655349746e-07,1.1959406373701265e-07,0.0001601270475658274,2.1396698858824986e-06,8.464876229679693e-07,0.0021550900478005475,1.8651179101846903e-07,0.0017386419150007863,0.9550657696354349
rh_chr10_1013557,"{Vv,Vv}",0.9562446518161989,0.9531192698030703,Vv,Vv,chr10,1116975,True,1.4043339309113363e-05,1.6500862195957625e-06,1.5858646062343387e-05,8.598743194529613e-06,0.03986875961283596,1.7430329589764057e-08,1.2708997905178345e-07,1.0367712271100206e-07,0.00014839280761677146,2.1441201127213087e-06,7.249190998353751e-07,0.002056940827431311,1.467355893452556e-07,0.0016378401488981837,0.9562446518161989
rh_chr10_1111687,"{Vv,Vv}",0.9577613387787772,0.9547442915486899,Vv,Vv,chr10,1205426,False,1.0070986269496621e-05,1.2856015372123524e-06,1.3739527260984693e-05,8.345828162963952e-06,0.038647487910783825,1.3712208667422346e-08,1.0686252458562237e-07,7.895473792554311e-08,0.0001258642735142832,2.149565892281161e-06,5.627957181690279e-07,0.0019256696309270089,9.31134885928953e-08,0.0015031924581967971,0.9577613387787772
rh_chr10_1174215,"{Vv,Vv}",0.9587827750848102,0.9558386875908681,Vv,Vv,chr10,1264215,False,7.4118605356524574e-06,9.95527330166396e-07,1.2332325417654537e-05,8.127965147311949e-06,0.037835681927101836,1.1608914576358186e-08,9.074761198122793e-08,6.174595340068612e-08,0.00010615733342047442,2.153992723194204e-06,4.561432060858563e-07,0.0018342091161282455,5.658006337030714e-08,0.0014094780416358727,0.9587827750848102
rh_chr10_1430660,"{Vv,Vv}",0.9592241660195401,0.9563116064495072,Vv,Vv,chr10,1306622,False,6.417163261861584e-06,9.945311632140328e-07,1.2286417690582824e-05,8.635416439639645e-06,0.03745035859825871,1.275142454733914e-08,1.034984757952089e-07,6.744069387805144e-08,0.00010038481926150039,2.3318645519511514e-06,4.701872351391693e-07,0.0018121744761960999,5.35770819976105e-08,0.001381543238725156,0.9592241660195401
rh_chr10_1265993,"{Vv,Vv}",0.9593866198800549,0.9564856641572017,Vv,Vv,chr10,1365550,False,7.05705592760767e-06,1.7733157711531774e-06,1.3075208013354872e-05,9.063457961956014e-06,0.03712162743940058,1.668619286748402e-08,1.5651401809027635e-07,1.2619830915014568e-07,0.00015950686675043609,2.9981174250177874e-06,6.455044840082275e-07,0.0019256433678307985,8.314668565499559e-08,0.0013716072411743025,0.9593866198800549
rh_chr10_2469486,"{Vv,Vv}",0.965589395325635,0.9631314949917519,Vv,Vv,chr10,2575832,False,3.00249784586139e-06,2.643207046113605e-06,4.136998690081121e-06,2.497034247745225e-06,0.030297419950612182,1.0634527930311193e-07,2.8602403593247807e-07,2.7470012790773644e-07,0.0007134295958710653,4.5097602639365037e-07,5.036926459452938e-07,0.00286570117181203,9.119417026367486e-08,0.0005200612859542121,0.965589395325635
rh_chr10_2600993,"{Vv,Vv}",0.9670742290472251,0.964722388264884,Vv,Vv,chr10,2706543,False,1.1522991365639882e-06,1.0472610699707023e-06,1.714952651422316e-06,9.91851623852704e-07,0.0296811562292552,6.551069678640638e-08,1.7033705583858198e-07,1.77912782776886e-07,0.0004343340749805867,1.9512143249234356e-07,2.8340585344109104e-07,0.0025163911760213947,5.909895216322833e-08,0.0002880317212625226,0.9670742290472251
rh_chr10_2803328,"{Vv,Vv}",0.9731590235285931,0.9712418109234926,Vv,Vv,chr10,3037776,False,9.045051526415488e-07,9.385359424714132e-07,1.3657257409718025e-06,9.140116377265808e-07,0.02557133099580841,5.1054707173343664e-08,2.4262367106609675e-07,1.2896395573677778e-07,0.00024503614597486025,2.0001026741941333e-07,2.951481791391729e-07,0.0008287687789580002,4.376043970058669e-08,0.00019075621097150122,0.9731590235285931
rh_chr10_2983812,"{Vv,Vv}",0.9746841967249267,0.9728759250624215,Vv,Vv,chr10,3283370,False,3.6422625156881913e-06,4.25592584122262e-06,4.75156329240505e-06,4.25322376499777e-06,0.023512098277773587,1.0009063428922918e-07,4.2058212489238145e-07,2.286062786721413e-07,0.0004355476870837103,2.83080195903117e-07,4.5925298434681606e-07,0.0009578831183371936,8.990852759569338e-08,0.0003917896957187681,0.9746841967249267
rh_chr10_3540296,"{Vv,Vv}",0.9885162141297115,0.9876959437104051,Vv,Vv,chr10,4837361,True,2.215805099149688e-06,1.7454889582649852e-06,1.8678432274831507e-06,1.8040311714700136e-06,0.01005088259486059,8.824432297548672e-08,1.735542333171044e-07,1.391830437103097e-07,0.00041501577724246404,1.2870038593642026e-07,1.7991915253332377e-07,0.0005720593994306571,9.516632599723811e-08,0.0004373901628339199,0.9885162141297115
rh_chr10_3426575,"{Vv,Vv}",0.9897657361540906,0.9890347173079542,Vv,Vv,chr10,4948395,True,1.6460993709366504e-06,1.3126027000620877e-06,1.407054254745925e-06,1.3643759536759811e-06,0.009070493363254118,6.13146650293319e-08,1.3190658676530477e-07,1.06509195961167e-07,0.0003325514689498386,9.075618468164717e-08,1.3700249054788204e-07,0.00046530719666963954,6.684002103009685e-08,0.00035958735561243937,0.9897657361540906
rh_chr10_3690372,"{Vv,Vv}",0.9906877812592839,0.9900226227778042,Vv,Vv,chr10,5028336,False,1.2381918717243126e-06,1.0205810245909872e-06,1.09505892133046e-06,1.066389667291262e-06,0.008362175630272677,4.5311548417249764e-08,1.0609135546399299e-07,8.597415469169044e-08,0.0002664579127028606,6.765339811123048e-08,1.1004533455268934e-07,0.000381851896502606,4.952019724223337e-08,0.00029684848376448664,0.9906877812592839
rh_chr10_4005129,"{Vv,Vv}",0.9930330032204426,0.9925353605933314,Vv,Vv,chr10,5224480,False,2.1639454084477574e-07,2.354323689218103e-07,2.56123551658134e-07,2.631708538454395e-07,0.006613482666395692,1.516949335631259e-08,3.4860037068309565e-08,2.778369965732672e-08,8.01934778162603e-05,2.1951534763436004e-08,3.521545229239663e-08,0.00015338255676170198,1.5052840583489155e-08,0.00011881692421066188,0.9930330032204426
rh_chr10_4503995,"{Vv,Vv}",0.9960735302120054,0.9957930680842915,Vv,Vv,chr10,5593144,True,1.9281192740640402e-07,2.3962458699804943e-07,2.628808978523036e-07,2.420240244844837e-07,0.003569806469189523,8.377440689621551e-09,2.198998417788864e-08,1.7761098925320878e-08,9.826743275604813e-05,1.3270076299621393e-08,2.2887378836374143e-08,0.00014540203364641716,8.515926296873907e-09,0.00011196370906059737,0.9960735302120054
rh_chr10_4427721,"{Vv,Vv}",0.9988061992334153,0.9987209277500878,Vv,Vv,chr10,5890278,False,3.95779816896105e-08,3.2659767188402194e-08,4.6596320080896264e-08,2.7138149657651123e-08,0.001085632245926081,1.217246118952578e-09,3.641118822853729e-09,2.123075614026109e-09,2.909793581433163e-05,3.3386050266265088e-09,3.8081537559587555e-09,5.591425966199328e-05,1.1384516266237084e-09,2.2995086312622735e-05,0.9988061992334153
rh_chr10_4623373,"{Vv,Vv}",0.9989415597626464,0.9988659568885497,Vv,Vv,chr10,5916411,True,3.5912310160564085e-08,3.089146044553697e-08,4.542634078664589e-08,2.592671802909873e-08,0.0009514215804347688,1.112959011594379e-09,3.3788621020126875e-09,2.0035009074326027e-09,2.7168566526583707e-05,3.003425158314105e-09,3.517290864824364e-09,5.8239235370805036e-05,1.0395953083600873e-09,2.1458642558548975e-05,0.9989415597626464
rh_chr10_4207807,"{Vv,Vv}",0.9993526324959029,0.999306391959896,Vv,Vv,chr10,5993651,False,2.5637712771689762e-08,2.3364877546830715e-08,3.737726233286858e-08,2.0083834503283935e-08,0.0005528442706760612,8.343838219457649e-10,2.3989028505353903e-09,1.5513966642195826e-09,1.8429401223157135e-05,1.977020646591893e-09,2.483234814974742e-09,6.21025649925627e-05,7.912773903790928e-10,1.3874767301982187e-05,0.9993526324959029
rh_chr10_4847719,"{Vv,Vv}",0.9994092106509198,0.9993670114116998,Vv,Vv,chr10,6407096,True,2.1723702890395572e-08,2.0210762402527846e-08,3.5505966031258046e-08,1.9685783932908713e-08,0.00032109388898641784,2.643954023399253e-09,6.49704219960027e-09,3.659012714443628e-09,7.344142075344295e-05,7.4445764803307655e-09,6.805482688791786e-09,0.00012588380833094442,2.7385389491827737e-09,7.024331618711151e-05,0.9994092106509198
rh_chr10_4950540,"{Vv,Vv}",0.9994864674184126,0.9994497865197278,Vv,Vv,chr10,6504338,False,1.8238300229205816e-08,1.617984045576691e-08,3.1415828129556885e-08,1.607309074894795e-08,0.00025142094696836156,2.276070902698282e-09,6.7363045193839596e-09,3.7052273996286133e-09,7.007875943279412e-05,7.42043580735992e-09,7.252404654901592e-09,0.00012473303681804305,2.4647494407404542e-09,6.718807611589086e-05,0.9994864674184126
rh_chr10_5055530,"{Vv,Vv}",0.9995522980537298,0.9995203193432819,Vv,Vv,chr10,6609360,False,1.4882766537649698e-08,1.1844380376153234e-08,2.6515423020961245e-08,1.1830654955554887e-08,0.00019254884403815538,1.8136909558298836e-09,6.6176594016773336e-09,3.4662807373073966e-09,6.362297410968774e-05,7.235026987232289e-09,7.31327109208203e-09,0.00012706216606922746,2.0913051216257996e-09,6.437435159392123e-05,0.9995522980537298
rh_chr10_5150628,"{Vv,Vv}",0.9995942500213527,0.9995652678800208,Vv,Vv,chr10,6704372,True,1.2713929420412992e-08,9.66697851984782e-09,2.5868510586157544e-08,9.802812359134584e-09,0.00017508381411747933,1.4276738159987968e-09,6.0970401221186205e-09,3.0844671746333887e-09,5.5742098187345566e-05,6.228600844462724e-09,6.685854195305503e-09,0.00011799749386788213,1.671366001660808e-09,5.684332524156424e-05,0.9995942500213527
rh_chr10_5247875,"{Vv,Vv}",0.9996598235553363,0.9996355252378604,Vv,Vv,chr10,6800041,True,1.0326750142599294e-08,7.033247465464425e-09,2.468650227843304e-08,7.295789555883523e-09,0.00015174819537002918,9.583108204551846e-10,5.094572436265375e-09,2.3874184750871658e-09,4.1924035183086635e-05,5.0196789705929904e-09,5.606429505040287e-09,0.00010305650818260708,1.180414655010493e-09,4.337811681355628e-05,0.9996598235553363
rh_chr10_5381836,"{Vv,Vv}",0.9997905214417981,0.9997755586876409,Vv,Vv,chr10,6933556,False,6.8924158482101424e-09,2.5700244319422046e-09,2.203929952695209e-08,2.974106649504089e-09,0.00010952124111743605,3.4698819177123265e-10,2.9032655280630426e-09,9.558285726588185e-10,1.2761093422038275e-05,3.1636601492631552e-09,3.3401762051334944e-09,7.244173113110861e-05,5.526293875194628e-10,1.4708754136721543e-05,0.9997905214417981
rh_chr10_5443410,"{Vv,Vv}",0.9997949943315482,0.9997803510695159,Vv,Vv,chr10,6995292,False,5.847819032103532e-09,1.4881538371375374e-09,2.220188937001367e-08,1.9346184241855865e-09,0.00011153183761040213,2.736921463106947e-10,2.4817720328174913e-09,8.210587716961949e-10,7.886887885135674e-06,2.5714896098098505e-09,2.9229935068682555e-09,7.527929048957881e-05,4.824120005229711e-10,1.0266626568054176e-05,0.9997949943315482
rh_chr10_5618563,"{Vv,Vv}",0.9997143503117452,0.999693946762584,Vv,Vv,chr10,7165732,False,4.184971106687112e-09,2.3048098059152392e-09,2.400453353602205e-08,3.446290964299889e-09,0.00010490441842331822,3.431287944223058e-10,4.517249952695569e-09,1.094689004373271e-09,2.2948735964752863e-05,4.839136665359803e-09,5.355678751743338e-09,0.00012401349342382984,7.616272586423858e-10,3.373218832711117e-05,0.9997143503117452
rh_chr10_5930341,"{Vv,Vv}",0.9998361226235379,0.9998244170966478,Vv,Vv,chr10,7480192,False,1.2248436295683752e-09,9.396047933541057e-10,3.82557001670119e-09,1.2342522418502525e-09,7.481407485362942e-05,1.4367493537099396e-10,9.530508998046042e-10,4.387266576103073e-10,1.6390153373523145e-05,1.0879228865288002e-09,1.2462357856151454e-09,4.503448052754793e-05,3.0240924063986243e-10,2.762727141628428e-05,0.9998361226235379
rh_chr10_6030347,"{Vv,Vv}",0.9999222884266568,0.9999167375999893,Vv,Vv,chr10,7572016,False,1.4120850687525307e-10,1.1766665173265277e-10,4.155381467710563e-10,1.7995370445677276e-10,5.451976289427029e-05,1.306430168364468e-11,8.452427381653785e-11,5.309991021044849e-11,2.605350152233676e-06,8.767518603356633e-11,1.3747221041484288e-10,6.541256873685634e-06,3.945502503280788e-11,1.4043933765079831e-05,0.9999222884266568
rh_chr10_6111686,"{Vv,Vv}",0.9999745716281514,0.9999727553158765,Vv,Vv,chr10,7653340,False,2.5866649456846134e-11,2.185512775458702e-11,5.503818263324978e-11,5.453467570536862e-11,1.8167624917874623e-05,1.2244523449964948e-12,7.450793338128008e-12,1.0119129985610744e-11,5.250454672889403e-07,9.679484852298949e-12,2.2348402952385563e-11,1.119720012506308e-06,1.1973691532788246e-11,5.615761360374534e-06,0.9999745716281514
rh_chr10_6200947,"{Vv,Vv}",0.9999815596235808,0.9999802424538365,Vv,Vv,chr10,7742664,False,1.9055780890965356e-11,1.7254309915924757e-11,3.746838507663409e-11,3.6260896907106396e-11,3.819552440235532e-06,1.2881944710266835e-12,5.1126787820138664e-12,5.707440166600659e-12,5.029750115559642e-07,9.385125455018469e-12,1.4356873870891683e-11,1.384191732778046e-06,7.272688421355904e-12,1.2733504072272732e-05,0.9999815596235808
rh_chr10_6333960,"{Vv,Vv}",0.999959784124445,0.9999569115619054,Vv,Vv,chr10,7876348,False,4.221255579064519e-11,3.0693217639430875e-11,7.43305697785724e-11,1.1137177437799485e-10,7.029366385581968e-06,6.914760680063379e-12,2.5960566165138903e-11,4.534142729606302e-11,2.84569809486626e-06,9.820388976492181e-11,1.55960185467332e-10,1.6004695609843728e-05,7.791809414736679e-11,1.4335446557757863e-05,0.999959784124445
rh_chr10_6407241,"{Vv,Vv}",0.9999354540768254,0.9999308436537415,Vv,Vv,chr10,7948750,False,1.1714671047336344e-10,9.837423880215148e-11,2.581893616632214e-10,2.9036277715430616e-10,1.5868605345900527e-05,1.7148917087916202e-11,1.0724689318191228e-10,1.1816082613574004e-10,6.31520316423157e-06,1.6109161663708788e-10,3.3983514520111084e-10,2.0250047080790375e-05,1.7296476510778124e-10,2.21103870624601e-05,0.9999354540768254
rh_chr10_6523776,"{Vv,Vv}",0.9999220894745756,0.9999165244370453,Vv,Vv,chr10,8065202,False,1.8421581463880518e-10,2.1004592027325098e-10,4.2940396556738553e-10,5.325669938548515e-10,2.0175678711541246e-05,3.6827187292342794e-11,2.0794119327424836e-10,2.654184640505984e-10,8.391799227652063e-06,1.8304034553839364e-10,5.443044458430174e-10,1.961240267229274e-05,3.200351268790347e-10,2.9727731013535215e-05,0.9999220894745756
rh_chr10_6654857,"{Vv,Vv}",0.9999675320832042,0.9999652129462903,Vv,Vv,chr10,8190025,False,6.897175306772144e-11,1.0517524836457398e-10,1.603899014498037e-10,2.402287987110514e-10,7.030434844816012e-06,2.6693136282458186e-11,1.0352482756709931e-10,1.4539845418183444e-10,3.395965567561406e-06,6.146749851026868e-11,2.0708365203113713e-10,4.184999437739109e-06,1.7034525523926356e-10,1.7855227667146316e-05,0.9999675320832042
rh_chr10_6732153,"{Vv,Vv}",0.9999706249416319,0.999968526723177,Vv,Vv,chr10,8263236,False,6.397414897589749e-11,1.168139489162246e-10,1.6166679100569042e-10,2.4289291797521365e-10,5.234602132438406e-06,2.8977652061884588e-11,1.0854183516071136e-10,1.7449759775696996e-10,4.679700764304236e-06,5.680518061071049e-11,2.023113631479459e-10,2.474690517607806e-06,1.608242369590287e-10,1.698474764813478e-05,0.9999706249416319
rh_chr10_7345058,"{Vv,Vv}",0.9999806925961042,0.9999793134958259,Vv,Vv,chr10,8862100,False,9.214838527488112e-11,8.509740775439983e-11,8.761167618095813e-11,9.78194831888199e-11,4.899172274533656e-06,5.206986267686319e-11,5.83583435198649e-11,7.026133814524644e-11,7.255705794902542e-06,1.1912300869809714e-10,7.28390739939634e-11,3.56883284444277e-06,5.47106971708245e-11,3.5829029426285797e-06,0.9999806925961042
rh_chr10_7398537,"{Vv,Vv}",0.9999672842298356,0.9999649473891096,Vv,Vv,chr10,8915026,False,9.491930580317577e-11,1.211224258943089e-10,1.0022004902356725e-10,1.1197191229187645e-10,1.104461928809676e-05,5.443676788995476e-11,7.887150192518318e-11,9.416143713494619e-11,7.409486452121487e-06,1.4278912418710277e-10,8.077024422432393e-11,7.782046795205065e-06,5.3677134899168554e-11,6.478684689078558e-06,0.9999672842298356
rh_chr10_7537254,"{Vv,Vv}",0.999958511524069,0.9999555480615026,Vv,Vv,chr10,9050272,False,7.746380724908977e-11,1.1685573904916886e-10,1.119083524226042e-10,1.045524305413174e-10,2.4949604597150323e-05,4.467319721393305e-11,9.076388811173167e-11,9.028829198159258e-11,3.2910488939689288e-06,7.057134044972006e-11,8.713613313448359e-11,3.7959617323508714e-06,4.027576688542695e-11,9.45102621860353e-06,0.999958511524069
rh_chr10_7930703,"{Vv,Vv}",0.9999288978161599,0.9999238190887427,Vv,Vv,chr10,9443420,False,8.67095003641257e-10,5.809401601011823e-10,5.687278824004355e-10,6.267692799880392e-10,4.208260958287531e-05,2.654091983654496e-10,3.538787595349978e-10,3.91252903386159e-10,9.545506144571116e-06,2.653440660466856e-10,3.9072454463580954e-10,9.023624469806753e-06,2.934672507807894e-10,1.0445840033850481e-05,0.9999288978161599
rh_chr10_8038057,"{Vv,Vv}",0.9998599882535819,0.999849987414552,Vv,Vv,chr10,9556577,True,1.3780720198243381e-09,1.3395733252410545e-09,1.3119503395207705e-09,1.3806243246789107e-09,6.09130208841512e-05,4.4572633722897985e-10,7.102960356691284e-10,7.562327212771529e-10,2.639118978783354e-05,4.362693205978358e-10,7.469757948278564e-10,2.5715990802460656e-05,4.710046801225778e-10,2.6982568218704307e-05,0.9998599882535819
rh_chr10_8299491,"{Vv,Vv}",0.9998251715262166,0.9998126837780893,Vv,Vv,chr10,9818221,True,1.5793173900873915e-09,1.7875177370554996e-09,1.725267952778668e-09,1.7790223958386023e-09,7.354792070788021e-05,5.28604931865384e-10,9.72125137982988e-10,9.99503600531656e-10,3.4143375137365245e-05,5.076362472952414e-10,9.818760533520869e-10,3.3104874632774545e-05,5.305366232501991e-10,3.4020911897279404e-05,0.9998251715262166
rh_chr10_8422060,"{Vv,Vv}",0.9998685355223205,0.9998591452024862,Vv,Vv,chr10,9940493,True,9.600182162762483e-10,1.188620810526833e-09,1.1114783298123816e-09,1.1548740525148133e-09,6.464849427866931e-05,2.639466787734505e-10,5.90483862513548e-10,6.048081209324686e-10,2.2825505823181032e-05,2.4996250594480795e-10,5.919086290205011e-10,2.1613287015801955e-05,2.61169036057122e-10,2.2370213291654284e-05,0.9998685355223205
rh_chr10_8528547,"{Vv,Vv}",0.9999371481080219,0.9999326586871663,Vv,Vv,chr10,10046891,False,2.1220286915640338e-10,3.2119397080919435e-10,2.350090738687454e-10,2.689169466652048e-10,4.9239680814284696e-05,5.454103640614905e-11,1.214994411688905e-10,1.237469503014068e-10,5.240276223769381e-06,5.487604629526259e-11,1.2241292091414943e-10,3.874767224152053e-06,5.525986143692388e-11,4.495598056752299e-06,0.9999371481080219
rh_chr10_8618080,"{Vv,Vv}",0.9999357929253198,0.9999312067056998,Vv,Vv,chr10,10136284,False,3.67778583717197e-10,3.794010754971923e-10,3.771363731637727e-10,3.4958625008227415e-10,4.2222810434821876e-05,5.501065568762472e-11,1.2605471276074343e-10,1.3249844067275097e-10,7.65775773602323e-06,5.1676326047653024e-11,1.246021421997124e-10,7.179781310849137e-06,5.464931007029363e-11,7.1447068046974055e-06,0.9999357929253198
rh_chr10_8787351,"{Vv,Vv}",0.9999881556210882,0.9999873095940232,Vv,Vv,chr10,10303941,False,5.327180176209859e-11,4.005356181579437e-11,3.6209484015932826e-11,5.0831371183647464e-11,6.8026140515459205e-06,6.496453503212107e-12,1.2020339918563767e-11,1.8236425090495586e-11,2.019016306238001e-06,5.533006214494381e-12,1.656464906006075e-11,1.1952416732075388e-06,1.2290846259323076e-11,1.827255372853476e-06,0.9999881556210882
rh_chr10_8893209,"{Vv,Vv}",0.9999773273112028,0.9999757078334316,Vv,Vv,chr10,10409884,False,7.023986758718425e-11,4.203512048873933e-11,3.785885265985784e-11,8.095113073579756e-11,1.2142742399057269e-05,1.4355016880449708e-11,2.4235118036007134e-11,5.197233150702457e-11,3.1623484780962578e-06,1.4130741249021218e-11,4.829574628329199e-11,2.573509638042697e-06,4.903841906471583e-11,4.793655169711226e-06,0.9999773273112028
rh_chr10_9014261,"{Vv,Vv}",0.999946739211872,0.999942934869863,Vv,Vv,chr10,10531199,False,7.449059981718239e-11,9.431899163347866e-11,1.0467167093084747e-10,3.369634823309701e-10,1.4905478198643236e-05,3.1243485190961555e-11,6.441972602644127e-11,2.0530266614403066e-10,8.738589567851643e-06,3.889719848532386e-11,2.0263758916617137e-10,8.863246866734806e-06,2.2330956761235655e-10,2.075209723974964e-05,0.999946739211872
rh_chr10_9215683,"{Vv,Vv}",0.9999566164500936,0.9999535176251003,Vv,Vv,chr10,10729781,False,1.0245674174694827e-10,1.7575130035377374e-10,1.7600090913970697e-10,3.222269283436239e-10,1.1594589138297592e-05,6.197199615969035e-11,1.3535274262608662e-10,2.2965439721513526e-10,7.461534729141621e-06,6.3131117144893e-11,2.246342798029553e-10,7.137189397156288e-06,1.84578803097482e-10,1.7188560882532864e-05,0.9999566164500936
rh_chr10_9467495,"{Vv,Vv}",0.999982987925948,0.9999817727778014,Vv,Vv,chr10,10983929,False,5.728548415732761e-11,8.025737768038435e-11,7.910241192437161e-11,1.352536230720712e-10,5.66214478397827e-06,2.755220518030211e-11,5.420358311239143e-11,8.810703754349373e-11,2.7782061952682274e-06,2.914121497250287e-11,8.906804379584083e-11,2.9105209420841924e-06,7.813086977490325e-11,5.660484028893112e-06,0.999982987925948
rh_chr10_9745840,"{Vv,Vv}",0.999917661030887,0.9999117796759504,Vv,Vv,chr10,11262230,False,2.471756370601408e-10,4.4477251123041066e-10,4.0840631214015333e-10,7.317552204247833e-10,3.308246843118865e-05,1.6206473196889211e-10,2.9091910930570614e-10,3.985187961581716e-10,8.639833140658339e-06,1.728326505454435e-10,4.1072189390194205e-10,1.0783803572611177e-05,4.6163330024692877e-10,2.9829135168395782e-05,0.999917661030887
rh_chr10_10237641,"{Vv,Vv}",0.999945435662542,0.9999415382098664,Vv,Vv,chr10,11740817,False,6.084319940177597e-11,1.9554396148276805e-10,1.4618838479811706e-10,1.2971465784765052e-10,1.3779944286899941e-05,1.2264267071272896e-10,1.851015190219103e-10,1.9055965536262874e-10,1.4410225603851075e-05,8.207931860541681e-11,1.4327428774035065e-10,1.2780243043458477e-05,6.243312666165751e-11,1.3592606143010482e-05,0.999945435662542
rh_chr10_10334806,"{Vv,Vv}",0.9999948409584294,0.99999447245546,Vv,Vv,chr10,11837921,False,5.7242681609233675e-12,1.74105421797057e-11,1.5793246168041733e-11,1.3996456902206697e-11,1.2142601508099433e-06,8.632128719080263e-12,1.7955877745893073e-11,1.7147310373138042e-11,1.2080230223206812e-06,8.39020030058144e-12,1.5635022593840984e-11,1.3211467162921798e-06,5.816040140585974e-12,1.4154851800578107e-06,0.9999948409584294
rh_chr10_10475020,"{Vv,Vv}",0.9999966004122215,0.999996357584523,Vv,Vv,chr10,11978043,False,1.3856797729355732e-12,1.7078005202662093e-12,3.784750140756091e-12,2.0001845399021392e-12,5.954808687432717e-07,5.970141810369805e-13,3.5958805981724674e-12,1.5692730151045124e-12,2.5617184561078113e-07,4.2889762779836615e-12,3.813600255807678e-12,1.8965847374178024e-06,1.30686497377873e-12,6.513262766616899e-07,0.9999966004122215
rh_chr10_10547760,"{Vv,Vv}",0.9999741432971134,0.9999722963897644,Vv,Vv,chr10,12050864,False,3.758855302686523e-12,4.809982670328468e-12,8.056501998985233e-12,5.0003024267680176e-12,4.117254283250494e-06,1.512351401292054e-12,8.536100478015462e-12,3.956688033253479e-12,6.889577752187535e-07,8.910123576004752e-12,8.07663199296717e-12,1.7386760375094888e-05,3.431845768118082e-12,3.6636744036283534e-06,0.9999741432971134
rh_chr10_10653854,"{Vv,Vv}",0.9999588797616501,0.999955942601768,Vv,Vv,chr10,12153359,False,3.038847807853847e-11,3.199060629755406e-11,5.262525501837637e-11,3.276475250282662e-11,3.8210036456946635e-06,1.078717735202962e-11,3.691037828661135e-11,2.017958429256916e-11,1.6072012545808085e-06,3.0600477263179603e-11,4.326402900197168e-11,2.6315675867618258e-05,1.3618552214767615e-11,9.376054452781017e-06,0.9999588797616501
rh_chr10_10923726,"{Vv,Vv}",0.9999118980398212,0.9999056050426656,Vv,Vv,chr10,12423262,False,7.140098408753415e-10,5.674397785411087e-10,5.18620690136114e-10,3.42207340359949e-10,3.5319677714802136e-05,2.578177147732437e-10,4.968973556391137e-10,3.2894558784475174e-10,1.962734260098124e-05,4.48971948452409e-10,6.445110432965669e-10,2.016119075235244e-05,2.3824099602088303e-10,1.298919144845622e-05,0.9999118980398212
rh_chr10_11157943,"{Vv,Vv}",0.9999258702025687,0.9999205752170379,Vv,Vv,chr10,12657419,False,2.681119724247324e-10,5.015530980038623e-10,5.662104908791935e-10,3.878349761573367e-10,1.695280220854445e-05,2.4573052768169654e-10,4.5093546157640693e-10,3.6081204732616995e-10,1.731628758761014e-05,4.912496594205926e-10,7.497984245603253e-10,2.4605055604680724e-05,2.500763868693517e-10,1.5251379717467422e-05,0.9999258702025687
rh_chr10_11300534,"{Vv,Vv}",0.9999500045434881,0.9999464334394516,Vv,Vv,chr10,12793824,False,7.972613299097545e-11,2.2149652968130679e-10,2.2169694384610482e-10,1.0901616847908976e-10,3.5094184567880988e-06,1.374918668963577e-10,1.2121481906610355e-10,1.5231091567624022e-10,1.1052104294144959e-05,3.784070106875308e-10,7.346749723186592e-10,2.4372464120506692e-05,1.8178236157733151e-10,1.105913182277041e-05,0.9999500045434881
rh_chr10_11353255,"{Vv,Vv}",0.999950700197218,0.9999471787827335,Vv,Vv,chr10,12848017,False,7.736254340301742e-11,2.1620444635475996e-10,2.954716972969013e-10,1.3831777209477926e-10,3.0659362658681e-06,1.2515358506747666e-10,1.0041203385254414e-10,1.8749454360622403e-10,1.7069404658752065e-05,3.384394906201064e-10,7.925332892595283e-10,2.2321420002095523e-05,1.8034320745173997e-10,6.840590122758825e-06,0.999950700197218
rh_chr10_11408804,"{Vv,Vv}",0.9998543296985432,0.9998439246770106,Vv,Vv,chr10,12903573,False,2.2631328485222335e-10,6.417241624078273e-10,7.912887760417788e-10,3.7293468231639154e-10,1.7720839576751366e-05,4.994957945568384e-10,2.369435923323541e-10,5.935841679583653e-10,3.698289579887928e-05,5.692928109796676e-10,1.393886780559941e-09,6.889029378968861e-05,3.471395601765521e-10,2.207059968782679e-05,0.9998543296985432
rh_chr10_11485987,"{Vv,Vv}",0.9997791554676984,0.9997633808582482,Vv,Vv,chr10,12980630,False,7.934893158082718e-10,2.5317820375105657e-09,2.08112937503819e-09,1.3239221365100645e-09,3.8664826138671085e-05,2.27296852650807e-09,1.9880202649480892e-09,2.366775873026818e-09,7.419529934804213e-05,1.5180303822049242e-09,2.8616202228022836e-09,6.826504586600323e-05,8.529701764646919e-10,3.970077024053811e-05,0.9997791554676984
rh_chr10_11643043,"{Vv,Vv}",0.9996592237873515,0.9996348826293052,Vv,Vv,chr10,13136105,False,2.322144437535604e-09,7.249105256520386e-09,5.831602267295592e-09,4.6444510265477405e-09,6.47640431490537e-05,5.4344834451980795e-09,7.171965699116792e-09,8.116141614332855e-09,0.00011404734428268075,3.7166700475464795e-09,7.06901921303794e-09,8.863956282561987e-05,2.872738048203025e-09,7.327083407014217e-05,0.9996592237873515
rh_chr10_11919133,"{Vv,Vv}",0.9995978270787929,0.9995691004415638,Vv,Vv,chr10,13405680,False,4.613738215366813e-09,1.5336307334710553e-08,1.0950433110479155e-08,1.0320347954743528e-08,7.319768754367993e-05,1.042837398381512e-08,1.3795008624244136e-08,1.9382610973466482e-08,0.00014679066817901212,6.573777580654009e-09,1.3551759986983429e-08,8.727463853006243e-05,6.475361249465825e-09,9.47984992353159e-05,0.9995978270787929
rh_chr10_11863766,"{Vv,Vv}",0.9995396890445795,0.9995068096906209,Vv,Vv,chr10,13461044,True,5.066775176836425e-09,1.8248854759306122e-08,1.251733989129856e-08,1.2021949434473047e-08,8.54899609241663e-05,1.1785693924675126e-08,1.600638623454396e-08,2.3428838900750465e-08,0.00016447005850916824,7.205378973385353e-09,1.5577994195180734e-08,9.785611980290312e-05,7.2524578231651605e-09,0.0001123657045149625,0.9995396890445795
rh_chr10_12409898,"{Vv,Vv}",0.9993614428154627,0.9993158315879958,Vv,Vv,chr10,13922179,True,6.607663229573141e-09,3.345336449189467e-08,1.5134658150516365e-08,1.591138066468281e-08,0.00011084881128107076,1.9856813151514624e-08,1.8611712725882532e-08,5.203091259472249e-08,0.00023603934639941003,1.1067460823252119e-08,2.2346497217803064e-08,0.00010898066244278998,1.1874260458848494e-08,0.0001824814696904919,0.9993614428154627
rh_chr10_12464008,"{Vv,Vv}",0.9993724733159778,0.9993276499814048,Vv,Vv,chr10,13964310,False,6.286938116079013e-09,3.492225627201776e-08,1.5338810381976947e-08,1.592271836051507e-08,0.00010629740461983815,1.9511387733265672e-08,1.829938879703211e-08,5.511183703472385e-08,0.0002358092258377706,1.1057533665522506e-08,2.2872429956283054e-08,0.00010313587422108773,1.144979222336756e-08,0.00018207340625092484,0.9993724733159778
rh_chr10_12605914,"{Vv,Vv}",0.9993494065901849,0.999302935632341,Vv,Vv,chr10,14105956,False,6.1734091522444725e-09,4.444045389095351e-08,1.7279020068758358e-08,1.754770029362694e-08,0.0001088957136283251,2.082739942181476e-08,1.8229582749374817e-08,7.378559750120949e-08,0.0002787488321986633,1.0958900662205882e-08,2.4174148691804243e-08,7.520948950976941e-05,1.0637961728050274e-08,0.00018749532030417677,0.9993494065901849
rh_chr10_13394270,"{Vv,Vv}",0.9990109484790156,0.9989403019418025,Vv,Vv,chr10,14871413,False,2.5208843129563652e-08,7.190926124907625e-08,4.8679760838891696e-08,7.24900811500936e-08,0.00021945247504381494,3.271778454537268e-08,5.9381189310580735e-08,1.0381824161317911e-07,0.0002814487293639171,2.2410497004800162e-08,6.860463865344147e-08,0.00019647539026926164,4.25794090592767e-08,0.0002911271266009063,0.9990109484790156
rh_chr10_14200734,"{Vv,Vv}",0.9999328248489411,0.9999280266238655,Vv,Vv,chr10,15668196,False,1.181911993116625e-09,2.686028071558601e-09,2.149590819708852e-09,2.719505280011912e-09,1.751740032148181e-05,1.1947231369264035e-09,2.366705141885193e-09,3.2418748589179736e-09,1.7967255852370725e-05,8.822829326545878e-10,2.479674757385316e-09,1.169784727320496e-05,1.3149760613938524e-09,1.9972430338777e-05,0.9999328248489411
rh_chr10_14341231,"{Vv,Vv}",0.9999221941280704,0.9999166365657897,Vv,Vv,chr10,15807887,False,1.338784743646039e-09,3.3224170537303758e-09,2.722910426947454e-09,3.4087193439297206e-09,2.6142979799026768e-05,1.4118957619527418e-09,3.0804811576236895e-09,4.015269982375519e-09,1.7990967188829073e-05,1.068826466808109e-09,3.2288492545581815e-09,1.4485989365701792e-05,1.5394399141489182e-09,1.9160797981997117e-05,0.9999221941280704
rh_chr10_15341739,"{Vv,Vv}",0.9999554611521888,0.9999522798059166,Vv,Vv,chr10,16811012,False,7.103927603674546e-10,1.0394283689320393e-09,1.0264713677535044e-09,1.072540543109687e-09,1.1045893472276921e-05,6.730996025669632e-10,9.933681137304112e-10,1.0403049907053155e-09,1.0720367410835277e-05,6.650970600256219e-10,1.0249829822044663e-09,1.0623869004920196e-05,7.160407144146468e-10,1.2139756196688197e-05,0.9999554611521888
rh_chr10_15601492,"{Vv,Vv}",0.9999398545777939,0.9999355584762077,Vv,Vv,chr10,17067969,False,1.5511919711289437e-09,2.6179694762872072e-09,2.6133631724325583e-09,2.710217899413527e-09,1.5210110099602502e-05,1.4705903762020035e-09,2.550210075941341e-09,2.6469316660291896e-09,1.4788039515215547e-05,1.4699270151424589e-09,2.6382618733934624e-09,1.4779163255684506e-05,1.5571800462732958e-09,1.5346283492016183e-05,0.9999398545777939
rh_chr10_15747189,"{Vv,Vv}",0.9995326893318082,0.9994993099983659,Vv,Vv,chr10,17213494,True,1.0934217625757225e-08,1.7765841242396157e-08,1.7812646420502146e-08,1.8017881753511584e-08,0.00011865947688122281,1.0444691608233036e-08,1.7503124950535177e-08,1.7710420881959946e-08,0.00011574301939954942,1.049912672518337e-08,1.7732874550626734e-08,0.00011593333058950249,1.0727326803367878e-08,0.00011682569316895594,0.9995326893318082
rh_chr10_16851267,"{Vv,Vv}",0.9986895021085438,0.9985958951162969,Vv,Vv,chr10,18786576,True,3.4263231051189315e-07,5.441977567910691e-07,5.49849079119057e-07,5.537730207191974e-07,0.0003477841588441667,3.1525558745746816e-07,5.333486789877623e-07,5.376707280133538e-07,0.0003161817206320946,3.2038184755458454e-07,5.407675317014542e-07,0.0003186494365029328,3.29635557123564e-07,0.00032331506337906693,0.9986895021085438
rh_chr10_16979798,"{Vv,Vv}",0.9989087616624858,0.998830816066949,Vv,Vv,chr10,18914728,False,3.535480338120075e-07,6.152567257275382e-07,6.218765243072954e-07,6.263089626935842e-07,0.00029450620206311693,3.25300320568069e-07,6.03480349315345e-07,6.08388508345043e-07,0.00026046137070623586,3.307917742366162e-07,6.119648515281416e-07,0.0002631219433203397,3.407048601095972e-07,0.0002681112005138672,0.9989087616624858
rh_chr10_17170708,"{Vv,Vv}",0.9977879534943064,0.9976299501724711,Vv,Vv,chr10,19103320,True,4.500301071341956e-07,8.636164319026546e-07,8.73194478387236e-07,8.792944648979109e-07,0.0005815780030215414,4.093076225370517e-07,8.409792613772338e-07,8.477384560675268e-07,0.0005338391170472337,4.164701690472799e-07,8.527869102157897e-07,0.0005395703279960427,4.293836342182712e-07,0.0005501962560930827,0.9977879534943064
rh_chr10_17335086,"{Vv,Vv}",0.9970707024402572,0.9968614669002756,Vv,Vv,chr10,19233799,True,5.419528264358383e-07,1.144112519592256e-06,1.1570648841194649e-06,1.1650204301712803e-06,0.0007655100892407992,4.906111086805469e-07,1.1124938287881663e-06,1.1213465505715626e-06,0.0007082019189044583,4.994150292528615e-07,1.1280782214299515e-06,0.0007160750896677937,5.152767651688707e-07,0.0007306350897654496,0.9970707024402572
rh_chr10_19292145,"{Vv,Vv}",0.9982838162066833,0.9981612316500178,Vv,Vv,chr10,23244060,False,6.771174607160591e-07,3.800779255519097e-07,8.433061688514735e-07,8.241016398503004e-07,0.0006525508604082745,1.4217094461985357e-07,2.5366776846941245e-07,2.912403149968263e-07,0.00024425983754171115,2.2058549492235372e-07,4.050828016814236e-07,0.00032908081118444995,4.2634788762408595e-07,0.00048582858577501264,0.9982838162066833
rh_chr10_19677254,"{Vv,Vv}",0.9985059377156038,0.998399218981004,Vv,Vv,chr10,23628936,False,4.877969436660576e-07,1.9002101462451255e-07,7.579521992869734e-07,6.862062625858729e-07,0.000662047872390957,5.7783205846344764e-08,1.1871943395099491e-07,1.2030041475571666e-07,0.00012936137682372962,1.0241242790002693e-07,2.3799979927244624e-07,0.00024390876861458968,2.663083206473776e-07,0.000455718766544318,0.9985059377156038
rh_chr10_19925824,"{Vv,Vv}",0.9983547217976881,0.9982372019260944,Vv,Vv,chr10,23877364,False,3.9206766566345157e-07,9.616289480811251e-08,8.054578979589325e-07,7.67302576232527e-07,0.0009168476022819158,3.466540176651455e-08,9.318918954220092e-08,1.0140994526004624e-07,0.00012945644564138945,6.884015870741971e-08,1.917723445483621e-07,0.00022628263547455426,1.6580153134515477e-07,0.0003699748493081518,0.9983547217976881
rh_chr10_20484984,"{Vv,Vv}",0.9998341241711249,0.9998222758976338,Vv,Vv,chr10,24435202,False,2.1105862406215977e-08,8.473001729288432e-09,3.8597470555263226e-08,3.514104032460715e-08,7.263862546492371e-05,2.7863879748466367e-09,5.17928117292238e-09,5.9786091959856905e-09,2.2321729763301222e-05,6.155475342258047e-09,1.3795750286181547e-08,3.1497358136683585e-05,9.915962218772262e-09,3.9270986668937845e-05,0.9998341241711249
rh_chr10_20553231,"{Vv,Vv}",0.9997936221870078,0.9997788809146513,Vv,Vv,chr10,24503634,False,2.007541739228331e-08,9.161273620851633e-09,3.745099951291725e-08,3.4263643376830106e-08,7.61320806726817e-05,2.9080461748540573e-09,5.380388890488499e-09,6.252888402216877e-09,3.6054901410778625e-05,6.2792736355209874e-09,1.4418053200982625e-08,4.480870883496806e-05,9.520543284502958e-09,4.923641154625985e-05,0.9997936221870078
rh_chr10_21059800,"{Vv,Vv}",0.9997300414452436,0.9997107586913324,Vv,Vv,chr10,25017402,False,1.8539071258414338e-08,1.4664205828316668e-08,1.760665779005227e-08,1.926359581089994e-08,3.355954164602064e-05,7.364218030090932e-09,9.199982357551158e-09,1.0115420652942875e-08,0.00018374120882366164,5.840523090979357e-09,9.936538965411708e-09,2.625003877707269e-05,7.342472563917159e-09,2.628789282342635e-05,0.9997300414452436
rh_chr10_21760871,"{Vv,Vv}",0.9996019921010793,0.9995735629654421,Vv,Vv,chr10,25754304,False,1.9062562740125912e-07,1.951272890239692e-07,1.0275746602922957e-07,1.308607814533082e-07,0.00010770392701536608,1.3298597158110385e-07,1.339918961467638e-07,1.4673964385833192e-07,0.00012184867662398483,7.384680346656736e-08,8.691574835240673e-08,8.763687968341861e-05,8.340362900640161e-08,7.954116074172165e-05,0.9996019921010793
rh_chr10_23054800,"{Vv,Vv}",0.9942709901818161,0.9938617751948029,Vv,Vv,chr10,27032458,False,1.4855152873529813e-05,8.735666380711857e-06,6.097459314794083e-06,8.597634226003923e-06,0.002173493449416853,6.112572387265654e-06,5.6917876433496286e-06,6.485080349944331e-06,0.0012409764930545496,5.055937068331996e-06,5.564309875730908e-06,0.0008920276952808433,6.060201597950262e-06,0.001349256378714114,0.9942709901818161
rh_chr10_23315732,"{Vv,Vv}",0.9771628987262808,0.9755316772067294,Vv,Vv,chr10,27293627,False,4.154950285758565e-05,2.7133192618991076e-05,1.890438787965388e-05,2.7476519781371345e-05,0.00898147371374126,1.6530733480958316e-05,1.7411703855389096e-05,2.0245062004513493e-05,0.004971664788292381,1.3807644275105536e-05,1.750403021420207e-05,0.003560810170045522,1.6790878364731417e-05,0.0051057989463075765,0.9771628987262808
rh_chr10_23440244,"{Vv,Vv}",0.9691580760865006,0.9669550815212506,Vv,Vv,chr10,27418658,False,6.085531830809331e-05,4.534996701504996e-05,3.149456631162314e-05,4.5998299061248085e-05,0.012182862815190501,2.394431442215251e-05,2.8962404768844478e-05,3.368180663337471e-05,0.006696353232574912,2.004952699122621e-05,2.916068698689339e-05,0.004775913866357791,2.4367210222019506e-05,0.006842929898655585,0.9691580760865006
rh_chr11_46057,"{Vv,Vv}",0.9915410319665593,0.9909368199641707,Vv,Vv,chr11,58498,False,1.3092030981392964e-05,6.7429545559459936e-06,2.1643160984146843e-05,1.0775121099023197e-05,0.0028628267998264756,4.1314509454451975e-06,6.74121414721908e-06,6.6074750591156066e-06,0.0009856970910881821,1.4269511146104221e-05,1.1042951309367522e-05,0.0029841900402176142,4.914639444632295e-06,0.001526293592636134,0.9915410319665593
rh_chr11_255751,"{Vv,Vv}",0.9993003264371155,0.9992503497540524,Vv,Vv,chr11,257245,False,6.936446842924049e-07,2.98105341417481e-07,9.382537854951319e-07,4.6987843306595735e-07,0.00024303358174856637,2.0447398148427777e-07,2.930913041342967e-07,2.805648889651127e-07,8.194950738820122e-05,7.176777856511494e-07,4.727581165522311e-07,0.00024460115949017443,2.4474596921551425e-07,0.00012547611996734055,0.9993003264371155
rh_chr11_386863,"{Vv,Vv}",0.9995371878940663,0.9995041298864996,Vv,Vv,chr11,387888,True,2.910182167053778e-07,1.3982763978942503e-07,4.330354563818025e-07,2.181188320052448e-07,0.00016059137292055101,8.269030057411754e-08,1.3704811688511456e-07,1.2906999301578052e-07,5.8207297783515484e-05,2.9356167487845827e-07,2.1847100636368574e-07,0.00015740492883474448,9.939776364040293e-08,8.456626739461432e-05,0.9995371878940663
rh_chr11_542859,"{Vv,Vv}",0.9998784089080729,0.9998697238300781,Vv,Vv,chr11,543416,False,1.5394807791812746e-08,4.565399850932706e-09,1.6167070119367818e-08,7.297974162959751e-09,4.742041915430288e-05,2.3834003859095705e-09,4.527288508385154e-09,3.5596322367289226e-09,1.4768129063059964e-05,1.253810003928546e-08,7.2599387797126325e-09,3.8566441084029235e-05,3.055040604403461e-09,2.07593539732206e-05,0.9998784089080729
rh_chr11_601198,"{Vv,Vv}",0.9999563607342352,0.9999532436438234,Vv,Vv,chr11,601668,False,9.212527623342967e-09,1.9898799350629116e-09,8.157298031623814e-09,3.2902399387054646e-09,2.2272902246479984e-05,1.0176450680874725e-09,2.224563213290264e-09,1.4164859969602234e-09,3.816893732877222e-06,7.408029925411334e-09,3.583350320943453e-09,1.1935782723304464e-05,1.3863492514760852e-09,5.574000692828799e-06,0.9999563607342352
rh_chr11_691194,"{Vv,Vv}",0.9999182444976603,0.9999124048189217,Vv,Vv,chr11,691700,True,7.538032121423812e-09,1.6130265787311273e-09,6.591600019767465e-09,2.613022402468855e-09,3.730588945082144e-05,7.689950262008658e-10,2.0015485231348553e-09,1.1480553089871257e-09,1.0460114098767757e-05,6.149667965042872e-09,3.092530179261451e-09,2.118294004859973e-05,1.0607272493785877e-09,1.2773981536116117e-05,0.9999182444976603
rh_chr11_803595,"{Vv,Vv}",0.9998993828187519,0.9998921958772342,Vv,Vv,chr11,806129,False,5.716817475977317e-09,1.1341499152465755e-09,4.853177614184274e-09,1.8175891771216137e-09,4.907834192924194e-05,5.551072355873646e-10,1.8944488758198e-09,9.167341360355658e-10,1.1469672853545228e-05,4.960887009393156e-09,2.700118097476179e-09,2.5542795218843822e-05,7.643607979217411e-10,1.4501057856124365e-05,0.9998993828187519
rh_chr11_1025585,"{Vv,Vv}",0.9998021536055777,0.9997880217202618,Vv,Vv,chr11,1025591,False,2.7510575809824682e-09,1.3940090623546037e-09,5.661762463653271e-09,1.8551839695680433e-09,5.1821173149234775e-05,5.359066806757907e-10,2.7926393566774393e-09,1.0246662406641648e-09,2.9004233746502428e-05,4.5375183744777824e-09,3.4071748318178573e-09,8.299802452586049e-05,7.56930540674194e-10,3.399824615164634e-05,0.9998021536055777
rh_chr11_1117973,"{Vv,Vv}",0.9997978828238059,0.9997834458826491,Vv,Vv,chr11,1117992,True,1.722629163166063e-09,1.2318184779113913e-09,5.8586607269557945e-09,1.650135967531035e-09,4.381952544731016e-05,4.0681390244791153e-10,3.270006692111276e-09,9.953508970643872e-10,2.716117811786942e-05,4.135973677006711e-09,3.83426391733014e-09,9.811692737988754e-05,6.186254113941373e-10,3.29958209702727e-05,0.9997978828238059
rh_chr11_1183569,"{Vv,Vv}",0.999807927719829,0.9997942082712453,Vv,Vv,chr11,1183218,False,1.1188445118875483e-09,1.036505686349989e-09,5.82415312496828e-09,1.4313655330716415e-09,3.490797641938053e-05,2.9328640836427713e-10,3.4795803638108236e-09,9.059855103251627e-10,2.2573616071033783e-05,3.715633813505574e-09,4.009908010440984e-09,0.00010556143835316825,4.905323694793059e-10,2.9006943532150302e-05,0.999807927719829
rh_chr11_1343142,"{Vv,Vv}",0.9999744180305926,0.9999725907470636,Vv,Vv,chr11,1342116,False,7.772690193500448e-11,7.85760536774986e-11,2.9902373553026316e-10,8.665314268959062e-11,4.666816596167091e-06,2.434684050140509e-11,1.7917368342306088e-10,6.258228703578851e-11,3.012523419489496e-06,2.0123557922191455e-10,2.0504245195071406e-10,1.431907479497189e-05,3.5650890381749466e-11,3.582304585224706e-06,0.9999744180305926
rh_chr11_1442687,"{Vv,Vv}",0.9999509913410527,0.9999474907225565,Vv,Vv,chr11,1441656,False,3.392907515160393e-11,6.044272243412101e-11,1.360940970337833e-10,4.460677836751042e-11,1.2514990781884208e-05,1.599245239743685e-11,8.068586863698908e-11,4.5161207237353106e-11,9.819702377524576e-06,6.607789804081641e-11,9.549725511521028e-11,1.659312988270517e-05,1.9287054431555594e-11,1.0080238130852268e-05,0.9999509913410527
rh_chr11_1672438,"{Vv,Vv}",0.9999116868319408,0.9999053787485079,Vv,Vv,chr11,1671330,False,1.359883042432632e-10,9.206123834920915e-10,6.409976910285146e-10,2.019883494759686e-10,2.8589143182367364e-05,1.0773931133273132e-10,3.404284639815116e-10,6.051882563297341e-10,2.066232552980283e-05,1.6509261107421434e-10,4.465855927780871e-10,1.9113871723384468e-05,8.653966584678757e-11,1.9944176463089794e-05,0.9999116868319408
rh_chr11_1857249,"{Vv,Vv}",0.9999819457211893,0.9999806561298457,Vv,Vv,chr11,1856154,False,1.760615440097241e-11,4.616928691138698e-11,3.754240817927966e-11,3.2386836135732926e-11,5.5264328460116536e-06,9.902533850847605e-12,2.3838097462959488e-11,3.680570984571122e-11,4.407777658974643e-06,1.0517617737270974e-11,3.1392811690386835e-11,3.114595984437098e-06,1.464904987972085e-11,5.005211510827493e-06,0.9999819457211893
rh_chr11_1985173,"{Vv,Vv}",0.9999790923882004,0.9999775989873575,Vv,Vv,chr11,1983126,False,1.7745641556246073e-11,2.5760058650659366e-11,2.1398359271637836e-11,2.7472713762973356e-11,6.905378113366269e-06,1.0383750911903859e-11,1.673197979080303e-11,2.3270759134149683e-11,3.0249353651405616e-06,8.625176805343228e-12,2.017245809943593e-11,2.41614241232782e-06,1.545435541565186e-11,8.560968893498002e-06,0.9999790923882004
rh_chr11_2065555,"{Vv,Vv}",0.9999485120188447,0.9999448343059051,Vv,Vv,chr11,2063472,True,1.0458649328105145e-10,1.2068418301805175e-10,1.0477709423317724e-10,1.836605098900818e-10,1.6597430296670352e-05,5.114775245642424e-11,7.832840362908333e-11,1.3061190128696028e-10,9.759081583116364e-06,4.432241575620043e-11,1.1760371936693419e-10,7.97814595145057e-06,1.1019718563849852e-10,1.715227740440878e-05,0.9999485120188447
rh_chr11_2216980,"{Vv,Vv}",0.9999351640249033,0.999930532883825,Vv,Vv,chr11,2214792,False,2.1821218845876761e-10,2.2217627322828333e-10,1.7603134991663294e-10,3.934266906258996e-10,2.3823605515914928e-05,9.175311030580338e-11,1.5117955076650412e-10,2.5375096073089644e-10,1.1359196278159601e-05,9.36786198235343e-11,2.2334353399515372e-10,7.3521670008676305e-06,2.31897732777103e-10,2.2298950851642898e-05,0.9999351640249033
rh_chr11_2406678,"{Vv,Vv}",0.999875495135575,0.9998666019309733,Vv,Vv,chr11,2395401,False,3.7005069360143996e-10,4.749465564407266e-10,4.79198398917051e-10,8.619098448988871e-10,3.3098729065490034e-05,2.0227223528538276e-10,3.3466677014214574e-10,6.258011601102967e-10,2.4992590582138102e-05,2.282550427855023e-10,6.353871381079906e-10,2.576521178328868e-05,6.085999448073737e-10,4.064351190629613e-05,0.999875495135575
rh_chr11_2515310,"{Vv,Vv}",0.9998794060612244,0.9998707922084547,Vv,Vv,chr11,2503919,False,2.452308917118026e-10,3.2181035595884515e-10,3.7011053817248527e-10,8.140958018257989e-10,2.87378691660022e-05,9.837569137177324e-11,2.2058024669249072e-10,5.877737944948835e-10,2.3223236532357822e-05,1.432060313364408e-10,6.593744523642789e-10,2.6873375791075444e-05,5.977830680948609e-10,4.1755398945285176e-05,0.9998794060612244
rh_chr11_2610292,"{Vv,Vv}",0.9998820761995227,0.9998736530709172,Vv,Vv,chr11,2598430,False,2.1983623009780694e-10,3.4556755782650055e-10,4.6309765752094255e-10,7.757060035219559e-10,2.535973835027202e-05,9.274391163751705e-11,3.1228858247026633e-10,5.938339563265447e-10,2.3365257903482473e-05,2.0491936745650204e-10,7.396607504690315e-10,3.040583649907618e-05,5.098607300786508e-10,3.878871020968568e-05,0.9998820761995227
rh_chr11_2737838,"{Vv,Vv}",0.9999213115755521,0.9999156909738058,Vv,Vv,chr11,2725991,False,8.763171650857166e-11,1.413871568108813e-10,1.33937764467044e-10,2.055896750126049e-10,1.3444201118523367e-05,1.761490637619301e-11,6.596681475500582e-11,1.6594881417610877e-10,2.12073614574597e-05,5.0883279644226474e-11,1.729323981010739e-10,2.3358090215483608e-05,1.2436890284186954e-10,2.067760539492169e-05,0.9999213115755521
rh_chr11_2808288,"{Vv,Vv}",0.999930667176726,0.9999257148322064,Vv,Vv,chr11,2796246,False,4.29916942076741e-11,2.134245845521359e-10,1.347086038369474e-10,1.1884767113983678e-10,2.367466142181503e-05,4.301442900895827e-11,1.3574084235720996e-10,2.014622219254911e-10,1.0480783778167242e-05,9.568926089986662e-11,1.7568745242056808e-10,1.248173750012489e-05,8.037141606173215e-11,2.269439863573932e-05,0.999930667176726
rh_chr11_2977354,"{Vv,Vv}",0.999880076193976,0.9998715102078315,Vv,Vv,chr11,2960390,False,4.5100966916396106e-10,5.729818099527485e-10,6.072366840160981e-10,8.060495712682874e-10,3.4747267302463914e-05,1.9257325141663558e-10,4.0453609927999995e-10,5.61592280521973e-10,1.746495043160703e-05,4.052043929038661e-10,6.531932030158267e-10,3.114847208573536e-05,4.954619071819703e-10,3.655796636522122e-05,0.999880076193976
rh_chr11_3112858,"{Vv,Vv}",0.9998554459915514,0.9998451207052337,Vv,Vv,chr11,3096013,True,6.075728924321685e-10,6.91545971665285e-10,8.598572118231845e-10,1.154841038728348e-09,4.386356050198224e-05,2.2015685932352618e-10,5.803130081159324e-10,6.978806688358941e-10,1.978730870715279e-05,4.6359133086625753e-10,9.127265065666992e-10,3.416655797385987e-05,6.882465127175563e-10,4.6729704533677735e-05,0.9998554459915514
rh_chr11_3189542,"{Vv,Vv}",0.9998621580540291,0.9998523122007454,Vv,Vv,chr11,3172718,True,5.597901050657309e-10,6.187108196955909e-10,7.980826400174455e-10,1.1453957090777225e-09,4.387110899341737e-05,1.8618764134684418e-10,5.552562350251938e-10,6.23490063202547e-10,1.5914162534849393e-05,3.994523997768285e-10,8.49245351906446e-10,3.0711961291720797e-05,6.536819682346892e-10,4.733832385793684e-05,0.9998621580540291
rh_chr11_3263224,"{Vv,Vv}",0.9998826138027781,0.9998742290744052,Vv,Vv,chr11,3246322,False,4.292514815143261e-10,4.3195314486944633e-10,5.752655816814198e-10,9.420548690742052e-10,4.038335380656163e-05,1.4655403274449125e-10,4.508156233331088e-10,4.2368023638047293e-10,8.675557572307246e-06,2.977506715061056e-10,6.163403777543962e-10,2.3892125763715625e-05,5.282835317042137e-10,4.4430318129735506e-05,0.9998826138027781
rh_chr11_3395372,"{Vv,Vv}",0.9998584277072807,0.9998483154006579,Vv,Vv,chr11,3378391,False,3.173390779995236e-10,5.111771114781591e-10,4.699151789113602e-10,7.117477993127446e-10,4.4204457453278165e-05,1.4298545832719384e-10,4.415215857029432e-10,5.203259303193449e-10,1.4130422647699669e-05,2.32810667038194e-10,5.435987184026107e-10,3.691910364838123e-05,4.0371755063308756e-10,4.6314013830758835e-05,0.9998584277072807
rh_chr11_3580540,"{Vv,Vv}",0.9998240733052287,0.999811507112745,Vv,Vv,chr11,3564019,False,6.45039905011864e-10,6.547631457238182e-10,9.360670231941348e-10,1.1558620440303872e-09,5.431763430146259e-05,1.1490636073613426e-10,5.02301545660369e-10,5.861171004032461e-10,9.051126758880741e-06,5.322464023759583e-10,9.963724579352552e-10,6.038371112583582e-05,6.317587311413416e-10,5.2167467150447805e-05,0.9998240733052287
rh_chr11_3749132,"{Vv,Vv}",0.9997197968482984,0.9996997823374626,Vv,Vv,chr11,3730392,False,2.387988900388699e-10,2.05852073980873e-10,4.351309819915911e-10,5.329556784269728e-10,9.866274749077971e-05,6.179310854297141e-11,1.5391252642397123e-10,1.9137522407119122e-10,5.478413782278442e-06,2.5001744985719734e-10,5.743032214814501e-10,9.515869938591504e-05,3.3214300549237455e-10,8.090031476047627e-05,0.9997197968482984
rh_chr11_3807804,"{Vv,Vv}",0.9997291217416585,0.9997097732946342,Vv,Vv,chr11,3789030,False,5.749155498044808e-10,4.1931390176315375e-10,1.3232472821157645e-09,1.2762525253445881e-09,9.494576704689355e-05,6.42540076137148e-11,3.0441760212401724e-10,3.3937488562341375e-10,8.690827963146475e-06,6.500584723321542e-10,1.471542767688831e-09,8.863922479986857e-05,6.276198466628547e-10,7.859538753474381e-05,0.9997291217416585
rh_chr11_3938527,"{Vv,Vv}",0.9998127885622682,0.9997994163167159,Vv,Vv,chr11,3919671,False,6.095566977539481e-10,5.411762396798478e-10,9.583151192748974e-10,1.0877105399725222e-09,7.52593494971713e-05,4.678078220609654e-11,2.5374342455068e-10,3.97541360075958e-10,1.2626532520493058e-05,2.2909503855967625e-10,7.774417541292218e-10,4.445271002148802e-05,4.218862565435089e-10,5.4867522445524595e-05,0.9998127885622682
rh_chr11_4000176,"{Vv,Vv}",0.999845605768495,0.9998345776091018,Vv,Vv,chr11,3980974,False,5.13341273949864e-10,6.290822097878587e-10,8.56559015989185e-10,8.987309151752005e-10,6.574874553792281e-05,5.989875640245378e-11,2.977001393893716e-10,4.5506879575393363e-10,1.4205492471535813e-05,2.0027755486409192e-10,6.442413461991347e-10,3.0172201031727288e-05,3.118951049324724e-10,4.426292566862702e-05,0.999845605768495
rh_chr11_4081344,"{Vv,Vv}",0.9999034007020592,0.9998965007522063,Vv,Vv,chr11,4061697,False,2.3978349877521094e-10,5.224366061206153e-10,4.4393089513826173e-10,3.389554474885571e-10,4.960342089380721e-05,4.324726834351917e-11,1.689131218646665e-10,3.45451263990609e-10,1.2590867519468652e-05,1.2890557245871947e-10,2.682946684782127e-10,7.737657728836379e-06,9.798724519799502e-11,2.666475389306971e-05,0.9999034007020592
rh_chr11_4254847,"{Vv,Vv}",0.999924241469332,0.9999188301457129,Vv,Vv,chr11,4232407,False,6.97136132456076e-10,3.777151065879779e-10,8.501005486386907e-10,4.691322846171964e-10,2.9190975239551465e-05,3.310615810908662e-11,1.177836200519298e-10,1.7198686451955087e-10,3.034201981786074e-05,1.972741701684483e-10,2.4285403896152623e-10,7.976316776174745e-06,1.1903888142725474e-10,8.245942706614629e-06,0.999924241469332
rh_chr11_4359180,"{Vv,Vv}",0.9998575266820217,0.9998473500164518,Vv,Vv,chr11,4336130,False,1.51440047924435e-09,6.788378423794303e-10,1.8321959026199543e-09,7.60699674712864e-10,6.741105868751445e-05,1.1649496122006532e-10,4.1262944984800337e-10,4.058815859097468e-10,2.228425004709868e-05,6.126044562824154e-10,4.4385039845749835e-10,3.4700767532208014e-05,2.332457265095964e-10,1.8070230871045875e-05,0.9998575266820217
rh_chr11_4501448,"{Vv,Vv}",0.9998322276622607,0.9998202439238507,Vv,Vv,chr11,4478182,False,1.167057430562282e-09,5.534176284989558e-10,1.8308264602865417e-09,1.5683379049752365e-09,8.636583240908885e-05,5.541173353685491e-11,3.7760447251375326e-10,3.188632078473206e-10,8.06513992417301e-06,5.993724825062902e-10,9.975608190608253e-10,4.5834184163289946e-05,3.9248487753836266e-10,2.7499320305825824e-05,0.9998322276622607
rh_chr11_4657459,"{Vv,Vv}",0.9996595333259979,0.9996352142778548,Vv,Vv,chr11,4633023,True,2.2737834555524232e-09,1.0549939740568122e-09,3.6873507999568215e-09,5.337914595808604e-09,0.00012329189619038298,8.072614492611236e-11,7.523140188685959e-10,6.671717266524826e-10,1.1248162153255183e-05,1.6518072658534558e-09,4.665027992732585e-09,0.00011956658388033483,1.975759747153613e-09,8.633788492850753e-05,0.9996595333259979
rh_chr11_4738446,"{Vv,Vv}",0.9995936349293119,0.9995646088528342,Vv,Vv,chr11,4714129,False,2.353438653201578e-09,9.693871361019672e-10,4.118066917840338e-09,7.510074780052379e-09,0.0001365202806639527,5.684294188829693e-11,5.792291772422741e-10,6.116760788709643e-10,6.6178251013601015e-06,1.7929424644792595e-09,7.512247431673605e-09,0.00015214655420580286,2.7358942298400876e-09,0.0001110521709171435,0.9995936349293119
rh_chr11_4833197,"{Vv,Vv}",0.9993016875234164,0.9992518080608033,Vv,Vv,chr11,4808994,False,4.601455125805824e-09,1.6599409564998428e-09,8.073618952800782e-09,1.829093728169835e-08,0.00026438345367175867,1.1981049770815335e-10,1.0275958622067384e-09,1.296881942789831e-09,1.0861229854708722e-05,4.022016738014714e-09,1.7229798466818027e-08,0.00022917200459569848,6.6735974857464545e-09,0.00019383279280817765,0.9993016875234164
rh_chr11_4899312,"{Vv,Vv}",0.9991320338664084,0.9990700362854376,Vv,Vv,chr11,4875568,False,5.6449678218371206e-09,2.276610519849161e-09,9.402412469570961e-09,2.8483834973984252e-08,0.0003434824182387304,1.6411386399213524e-10,1.4078134853100854e-09,1.8454493429163293e-09,1.191202931514253e-05,3.992694001733095e-09,2.462078321176857e-08,0.0002640368972061676,9.844768696034263e-09,0.0002484471053832366,0.9991320338664084
rh_chr11_5052504,"{Vv,Vv}",0.9977679510144153,0.9976085189440164,Vv,Vv,chr11,5028812,True,3.031069733513841e-08,1.4386642435204648e-08,3.420724379831531e-08,1.5233595676424145e-07,0.0010213171151864525,1.8286474290535276e-09,7.581954204112668e-09,1.1136747082093955e-08,6.75443366524492e-05,1.250337503748653e-08,1.0500741313176181e-07,0.0006477311908463141,5.3775729367798634e-08,0.0004950332684928753,0.9977679510144153
rh_chr11_5215446,"{Vv,Vv}",0.9963896114629796,0.9961317265674781,Vv,Vv,chr11,5191920,False,5.7721812420142555e-08,2.995188605904787e-08,6.323698490689825e-08,3.8238028878824034e-07,0.0017279000215564787,4.0598087093267326e-09,1.2453449926329066e-08,2.3059763963136395e-08,0.00010529377302937032,1.575296613329651e-08,2.4692362302330045e-07,0.001038207901220056,1.1893812672175133e-07,0.0007380323625038119,0.9963896114629796
rh_chr11_5357281,"{Vv,Vv}",0.9961930675736412,0.9959211438289013,Vv,Vv,chr11,5333614,False,1.6344972013547674e-07,8.87600826390573e-08,2.1408860975577623e-07,5.04306475494427e-07,0.0018420678998261578,6.166437138041861e-09,3.8822621254842155e-08,4.816718149610511e-08,0.00014266253903207353,4.420448580982825e-08,2.927473932745564e-07,0.0010103874312353156,1.4061986974482564e-07,0.0008102732233885523,0.9961930675736412
rh_chr11_5465467,"{Vv,Vv}",0.9960812753963483,0.9958013664960874,Vv,Vv,chr11,5439222,True,2.3302383982024474e-07,1.2710702328937439e-07,3.0941674189308254e-07,5.885480527534449e-07,0.0019190179867869714,7.163220046683999e-09,5.182491336553873e-08,6.44052571207639e-08,0.0001612839326794105,5.792147579133765e-08,3.171320755437129e-07,0.0009810662980508178,1.5339272563628505e-07,0.0008554464508092692,0.9960812753963483
rh_chr11_5534517,"{Vv,Vv}",0.9960252834880539,0.995741375165772,Vv,Vv,chr11,5506792,False,2.729146595868797e-07,1.4870161914056244e-07,3.626977999776878e-07,6.389808826785353e-07,0.0019646072266272436,7.441307636841026e-09,5.7341310772769813e-08,7.335404257911529e-08,0.000169065922251345,6.356839095106677e-08,3.2849575804290304e-07,0.000958462130882411,1.597842877188821e-07,0.0008804679521259766,0.9960252834880539
rh_chr11_5792931,"{Vv,Vv}",0.9961498500488067,0.9958748393380072,Vv,Vv,chr11,5772694,False,3.389578573778403e-07,2.0798583272727413e-07,4.5158745293520045e-07,6.415531193433987e-07,0.0020000185964961724,9.760112062782302e-09,6.361857898384585e-08,7.728514494352076e-08,0.00020144186489031888,6.380671696755589e-08,2.596067692468659e-07,0.0008415638633842668,1.2998840506022177e-07,0.0008048814764328404,0.9961498500488067
rh_chr11_6139019,"{Vv,Vv}",0.9968686713065571,0.9966450049713111,Vv,Vv,chr11,6107040,True,1.8157652215069677e-07,1.3119620967925102e-07,2.5743392605682707e-07,3.246627717045525e-07,0.001504589282157624,1.03455365858472e-08,5.301857875739076e-08,5.6999849014304615e-08,0.0002235701433221477,5.161638258158627e-08,1.521194670495051e-07,0.0007257678548884166,7.500267453894996e-08,0.000676107441156645,0.9968686713065571
rh_chr11_6276211,"{Vv,Vv}",0.9972498100645966,0.9970533679263535,Vv,Vv,chr11,6244302,False,1.1007103666207403e-07,8.310819370703156e-08,1.6489039233652157e-07,2.0018407318798593e-07,0.0012817519877551377,6.872388118987796e-09,3.664229528068506e-08,3.8226851851142636e-08,0.00020968861963609434,3.57135487081479e-08,9.953329602421627e-08,0.0006564819730216608,4.7157015788193755e-08,0.0006014449558989118,0.9972498100645966
rh_chr11_6379656,"{Vv,Vv}",0.9976279971049247,0.997458568326705,Vv,Vv,chr11,6339554,False,5.161568126608287e-08,4.291952554554199e-08,8.323108458007402e-08,9.779235557945406e-08,0.0010816383906395264,3.6922076396667904e-09,2.0161679435731366e-08,2.030653282718604e-08,0.00019332378135471996,1.8696815824783284e-08,5.094971116446824e-08,0.0005783300921751843,2.2449351728306596e-08,0.000518298815960284,0.9976279971049247
rh_chr11_6612094,"{Vv,Vv}",0.9980396044258246,0.9978995761705264,Vv,Vv,chr11,6571964,True,4.726391774449121e-08,5.307760178952742e-08,8.546882595594302e-08,8.853241929291057e-08,0.0008321304649155644,6.984180267450561e-09,3.101041522472372e-08,2.8624557571384115e-08,0.00019633249351474005,2.4684612727042698e-08,5.5270094146828564e-08,0.0005026174864461151,2.2399130678696196e-08,0.00042887181354364716,0.9980396044258246
rh_chr11_6821881,"{Vv,Vv}",0.9986024791301751,0.9985026562109018,Vv,Vv,chr11,6807552,True,2.3629350855527167e-08,2.9919510489710367e-08,4.606414454052644e-08,4.381132892657857e-08,0.0005449227757863782,4.880726922094936e-09,2.1115176853784545e-08,1.759404190311171e-08,0.000161429320855434,1.6940499743928783e-08,3.206255095352773e-08,0.00038934287761414654,1.1897424003779375e-08,0.0003015779808138563,0.9986024791301751
rh_chr11_6956387,"{Vv,Vv}",0.9989872064510159,0.9989148640546599,Vv,Vv,chr11,6941339,False,8.948206995676535e-09,1.211665415232159e-08,1.8490862389973127e-08,1.688576941047149e-08,0.00036651214738208667,2.1991538413024446e-09,1.0850271049218707e-08,7.722470395351232e-09,0.0001246096398043436,9.265457684262845e-09,1.4602200323979245e-08,0.0003086714480690205,4.569978588658044e-09,0.00021289466270374614,0.9989872064510159
rh_chr11_7093931,"{Vv,Vv}",0.9992088209992833,0.9991523082135179,Vv,Vv,chr11,7078736,False,6.81540373487334e-09,1.0130576740881048e-08,1.4448902407782968e-08,1.319892645189361e-08,0.0002577542512882606,2.137528625333891e-09,1.1674876802738872e-08,7.240412427670497e-09,0.00010556673795737754,1.0040297952847866e-08,1.351788633550571e-08,0.0002673434684894601,3.531139176916482e-09,0.00016042180703096013,0.9992088209992833
rh_chr11_7329819,"{Vv,Vv}",0.9996376497844411,0.999611767626187,Vv,Vv,chr11,7289178,False,1.0540829936345105e-09,1.3924741756041704e-09,2.2363492662707297e-09,1.4171863263001023e-09,0.000116494233836383,2.2745233583702294e-10,1.4621882087555504e-09,6.13142067656279e-10,4.683957584051729e-05,1.5595332667592865e-09,1.4002325412182813e-09,0.00013556807808092272,2.6780249051919746e-10,6.343669735743668e-05,0.9996376497844411
rh_chr11_7449768,"{Vv,Vv}",0.999698560005093,0.9996770285768855,Vv,Vv,chr11,7330780,False,5.459173268399509e-10,9.923915100878084e-10,1.3399145090100613e-09,8.512861580034708e-10,9.41429196444138e-05,1.7455322115366333e-10,1.0643889099467126e-09,4.719331132089248e-10,3.937008568527075e-05,9.529527337061983e-10,8.749900446492927e-10,0.00011673498007020728,1.5406337877488683e-10,5.118458711615997e-05,0.999698560005093
rh_chr11_7588838,"{Vv,Vv}",0.999850833765095,0.9998401790340303,Vv,Vv,chr11,7508513,True,4.0206035530034663e-10,5.108515394022698e-10,9.657759555654038e-10,5.230008751334708e-10,3.975998739167837e-05,8.56311285219882e-11,5.598740428993822e-10,2.399192878435709e-10,1.5753389072892278e-05,1.0505125004849957e-09,5.788869983861923e-10,7.445083839471709e-05,1.0196221840893991e-10,1.919700157073656e-05,0.999850833765095
rh_chr11_7656746,"{Vv,Vv}",0.9999103441602962,0.999903940171746,Vv,Vv,chr11,7560300,False,3.0926610381916496e-10,3.301247577386608e-10,6.027692892932428e-10,3.4527999705577243e-10,2.0163580678057108e-05,4.288897453100601e-11,2.7073312764880486e-10,1.2237664909174994e-10,5.043542472925849e-06,9.078876102381945e-10,2.9610367233006915e-10,5.837791240487634e-05,5.514455101672367e-11,6.067521573173446e-06,0.9999103441602962
rh_chr11_7713575,"{Vv,Vv}",0.9999372280500396,0.9999327443393281,Vv,Vv,chr11,7625578,False,2.7884556668551715e-10,2.713054599187915e-10,6.594944731071157e-10,2.929428139168345e-10,1.787265352437344e-05,2.848229099860466e-11,2.954116169413959e-10,8.688528893467473e-11,3.003818890815295e-06,7.65776957034022e-10,3.270871515744364e-10,3.8771920214354164e-05,4.303974515498193e-11,3.120508059548621e-06,0.9999372280500396
rh_chr11_8109770,"{Vv,Vv}",0.9994811485527629,0.9994440877351032,Vv,Vv,chr11,7987064,False,1.39094142341728e-09,1.0082887147091006e-09,2.0433837666599213e-09,1.2512147821752942e-09,0.00027839615427154566,3.302939513382357e-10,1.196650914452966e-09,6.133648920481324e-10,1.9141437205853754e-05,1.822056505432811e-09,1.4787305107422152e-09,0.00018999137523048143,6.683375078176104e-10,3.131067726616414e-05,0.9994811485527629
rh_chr11_8194452,"{Vv,Vv}",0.9993192397201591,0.9992706139858848,Vv,Vv,chr11,8071725,False,2.4398241782807034e-09,2.749029682458893e-09,5.445262548149657e-09,3.642605759851728e-09,0.0003799468385716624,8.067700818764291e-10,3.5065031854629844e-09,2.1549000955752063e-09,1.8129621118893116e-05,3.70153156726144e-09,4.4720611420271724e-09,0.000247380118151112,1.6717265558438754e-09,3.5273111784443483e-05,0.9993192397201591
rh_chr11_8650142,"{Vv,Vv}",0.997297074056681,0.9971040079178725,Vv,Vv,chr11,8527128,False,1.3403789312899757e-07,1.3855421239139144e-07,2.6568781357545767e-07,1.8891272447861988e-07,0.0007878834673668183,4.37836182728324e-08,1.46742301087597e-07,9.135516518572086e-08,0.00025827385200074876,1.8842156241689076e-07,1.9425823935655104e-07,0.0011423981456291088,9.90811629278612e-08,0.000512879643629548,0.997297074056681
rh_chr11_9648408,"{Vv,Vv}",0.9948133007506339,0.994442822232822,Vv,Vv,chr11,9532010,False,2.0608176530130624e-07,3.008069395091036e-07,4.786699557626307e-07,4.654406209185095e-07,0.0011903740041836236,1.2224433559838758e-07,3.584991089993329e-07,3.2273192831430003e-07,0.00026064347116050527,3.376070162396702e-07,6.084047618125485e-07,0.002666519139789627,3.185798277319731e-07,0.0010656435679721593,0.9948133007506339
rh_chr11_9798821,"{Vv,Vv}",0.9946943721625252,0.9943153987455627,Vv,Vv,chr11,9659550,False,1.704278369910948e-07,3.017214278335358e-07,4.1394356835993896e-07,4.6428346792165666e-07,0.001192302962825488,1.2535683553074628e-07,3.2696944920690795e-07,3.396976908894717e-07,0.00020915940306862234,2.5117195607710773e-07,5.975808413784808e-07,0.0028146407848174634,3.095464251977045e-07,0.0010862239872638138,0.9946943721625252
rh_chr11_10089836,"{Vv,Vv}",0.9939510978157485,0.9935190333740163,Vv,Vv,chr11,9946206,False,3.712142943531145e-07,6.748784193840755e-07,1.3587734898784362e-06,1.1064935487786742e-06,0.0013229456554376515,1.893127743418025e-07,1.077966434634326e-06,7.051826869294373e-07,0.00047390331898514154,7.097088379225341e-07,1.766649142615279e-06,0.0028003249439504693,6.161104494470701e-07,0.0014431519757998775,0.9939510978157485
rh_chr11_12164303,"{Vv,Vv}",0.9952049540670737,0.9948624507861503,Vv,Vv,chr11,11995643,False,2.1832400979492356e-07,4.408586570981305e-07,6.299141500283434e-07,1.5075872834150208e-06,0.0005905526290133287,2.5246234275962354e-07,6.70117400013627e-07,1.6055746600631314e-06,0.000661607803978415,3.972627131605115e-07,2.7096359444407013e-06,0.001122009980197998,2.1851989865499656e-06,0.0024102585835893025,0.9952049540670737
rh_chr11_12314680,"{Vv,Vv}",0.9957890982829236,0.9954883195888468,Vv,Vv,chr11,12145482,False,1.9266350024024893e-07,4.3314971484422107e-07,5.952841920536559e-07,1.3300354667218265e-06,0.00047447417179517245,2.28236090813644e-07,6.452403700747946e-07,1.4916282361581938e-06,0.0006022974742512011,3.422565034310067e-07,2.4564733514407427e-06,0.0009635674490664868,1.8983067172291989e-06,0.002160949347820551,0.9957890982829236
rh_chr11_13254270,"{Vv,Vv}",0.9990758537463165,0.9990098432996248,Vv,Vv,chr11,13092463,False,1.598645762153366e-08,4.505691621225147e-08,4.221517521686504e-08,9.88566085765713e-08,5.209754648327996e-05,4.8589304470573776e-08,5.8444331516935254e-08,2.897632009949256e-07,0.00035979513751358103,2.6111491607969908e-08,1.4834051162597108e-07,6.80722563148392e-05,3.0617530401543703e-07,0.0004431017740700501,0.9990758537463165
rh_chr11_13356997,"{Vv,Vv}",0.9991038202410982,0.9990398074011767,Vv,Vv,chr11,13193742,False,1.5060518633813066e-08,4.386733589295618e-08,4.07056383525743e-08,8.447953814675022e-08,4.386369251451448e-05,4.1157210851490667e-08,5.5543925671550865e-08,2.8791504735117396e-07,0.0003516684291793582,2.410355876933315e-08,1.241039165815429e-07,5.493047560038062e-05,2.759397007243854e-07,0.00044472428521660567,0.9991038202410982
rh_chr11_14358918,"{Vv,Vv}",0.9982807970440216,0.9981579968328803,Vv,Vv,chr11,14321590,True,6.627350414188234e-08,1.3889815253327445e-07,1.007635247013278e-07,1.5904329262971468e-07,0.0003495880076436673,1.0254641820399864e-07,1.4278030333451449e-07,2.386581436434127e-07,0.0004906876113255214,6.921776200671885e-08,1.6829309913978833e-07,0.0003545201448359589,1.552253457469164e-07,0.0005230654926271936,0.9982807970440216
rh_chr11_14828475,"{Vv,Vv}",0.9989261897886581,0.9988494890592765,Vv,Vv,chr11,14790986,True,2.966966299619034e-08,7.659484567779758e-08,5.976580231992604e-08,8.363838217796848e-08,0.0002277016471378712,4.4494178506848454e-08,7.800339950126796e-08,1.134282941537423e-07,0.0003035267410861453,3.068195086575459e-08,8.663639756169893e-08,0.0002302214134653196,5.947238063697464e-08,0.0003116980243582304,0.9989261897886581
rh_chr11_15149608,"{Vv,Vv}",0.9996976770581253,0.9996760825622771,Vv,Vv,chr11,15111176,False,7.982204156514576e-09,2.0632993394430168e-08,1.6471485022678217e-08,2.2406607491261263e-08,6.10473290525483e-05,1.1758769680954705e-08,2.099677767286422e-08,2.9422813382008575e-08,9.358744134945138e-05,8.284732797113231e-09,2.3124128726178948e-08,6.196376180578125e-05,1.576067716701731e-08,8.554756847748529e-05,0.9996976770581253
rh_chr11_15913394,"{Vv,Vv}",0.9993726485988627,0.9993278377844957,Vv,Vv,chr11,15870868,False,4.733227610916795e-09,9.092195379497126e-09,8.281235534627359e-09,9.836205155926476e-09,0.00014159161219430647,5.614305098723044e-09,9.30858641654851e-09,1.1144265919772865e-08,0.0001571321479567512,5.1102875661817064e-09,1.0340536722939822e-08,0.00014443442002703933,7.247911183120142e-09,0.0001841125122026839,0.9993726485988627
rh_chr11_16272381,"{Vv,Vv}",0.9995072041025074,0.9994720043955436,Vv,Vv,chr11,16226106,False,7.772657367260111e-09,1.9486962432759213e-08,1.895592390602435e-08,2.1458885145304472e-08,0.00010467768598203478,8.838684050199662e-09,2.0181760567668777e-08,2.2889325750239046e-08,0.00011576254115517481,8.930875292414733e-09,2.339551813616266e-08,0.00010893097946508121,1.1869200810286954e-08,0.00016326091109696386,0.9995072041025074
rh_chr11_16886199,"{Vv,Vv}",0.9997265707361797,0.9997070400744782,Vv,Vv,chr11,16838448,False,1.8243835419545855e-09,3.0717074666780394e-09,4.656426966272617e-09,5.438408698032807e-09,4.277492651110979e-05,1.8322943276926342e-09,4.520317398070695e-09,5.372536545679736e-09,5.6609262344089255e-05,5.077581021534455e-09,1.2023255487594175e-08,5.2961375343915654e-05,4.511622280521695e-09,0.00012103537108750297,0.9997265707361797
rh_chr11_16949037,"{Vv,Vv}",0.9997115429378193,0.9996909388619493,Vv,Vv,chr11,16901338,False,1.409666585182931e-09,2.5270756149103873e-09,4.179120379316697e-09,4.3083379609632895e-09,4.362425530085112e-05,1.405007325348581e-09,4.081182312231819e-09,4.2593146177923775e-09,5.4051476422843825e-05,4.871603126836794e-09,1.1691480264517864e-08,5.585264843921821e-05,3.216726526150809e-09,0.00013488673250317915,0.9997115429378193
rh_chr11_17060668,"{Vv,Vv}",0.999719925499875,0.9996999201784375,Vv,Vv,chr11,17015496,False,1.3822001034332554e-09,2.7193517112526113e-09,3.9650384764919804e-09,4.677733847991262e-09,4.974797567902024e-05,1.3593235713960112e-09,3.859455501738116e-09,4.582581811544687e-09,5.508285120858824e-05,4.835401052933032e-09,9.675026080129437e-09,5.803178352716081e-05,3.0772718283538772e-09,0.00011717175632624509,0.999719925499875
rh_chr11_17184199,"{Vv,Vv}",0.999767924401842,0.9997513475734022,Vv,Vv,chr11,17138106,False,1.151938111954855e-09,2.41636043552803e-09,3.1675405207264902e-09,4.025487539292744e-09,4.6999133305172383e-05,1.0648750406110577e-09,3.0432459543126916e-09,3.852742328137234e-09,4.691900845973492e-05,2.9325473322136863e-09,6.749176616626398e-09,4.90965345621657e-05,2.3203317019177096e-09,8.903019758522704e-05,0.999767924401842
rh_chr11_17337960,"{Vv,Vv}",0.9998471800726724,0.9998362643635775,Vv,Vv,chr11,17289684,True,6.502548466059499e-10,1.3870316781177259e-09,1.676762421503431e-09,2.208855615238224e-09,3.72549935869096e-05,5.162583085032341e-10,1.5269746101201288e-09,1.992449980477719e-09,3.077471350901514e-05,1.1205348198736248e-09,3.007798148577856e-09,3.2205050455606416e-05,1.0802262195051576e-09,5.2570002629454834e-05,0.9998471800726724
rh_chr11_17457569,"{Vv,Vv}",0.9999508310191498,0.9999473189490891,Vv,Vv,chr11,17409122,False,1.939124633275314e-10,3.7432265798723167e-10,4.352069028793274e-10,6.007748468360234e-10,1.9235610653835852e-05,1.384211049568309e-10,3.5681375690310825e-10,4.861796687515559e-10,7.718469438292376e-06,2.6233708357160636e-10,6.800933123794576e-10,8.565285585058111e-06,3.0933727103870365e-10,1.3645777773973285e-05,0.9999508310191498
rh_chr11_17611360,"{Vv,Vv}",0.9999228399182917,0.9999173284838839,Vv,Vv,chr11,17561952,True,3.1865441515897424e-10,5.534474424399515e-10,5.908267432275997e-10,7.469889341978053e-10,2.3014275623800584e-05,2.150720651671546e-10,4.52693797831738e-10,5.791234815250904e-10,1.5631765825769638e-05,2.7964949079173645e-10,6.854882325100982e-10,1.6123582609631137e-05,3.7864982143694647e-10,2.2385657054676848e-05,0.9999228399182917
rh_chr11_17767859,"{Vv,Vv}",0.9999553335916824,0.9999521431339454,Vv,Vv,chr11,17718370,False,2.6286952991824025e-10,4.489956619453098e-10,4.624393207786914e-10,5.554166172999873e-10,1.1621437396044381e-05,1.965422795862937e-10,3.812334106876285e-10,4.5744948404503114e-10,8.422355052387147e-06,2.2208728572189296e-10,4.953145014883017e-10,8.554045554707074e-06,3.018379537327895e-10,1.606478612839643e-05,0.9999553335916824
rh_chr11_17987786,"{Vv,Vv}",0.9998256745233168,0.9998132227035538,Vv,Vv,chr11,17934661,True,6.896332235935152e-10,1.0576581345746496e-09,1.0534285920737371e-09,1.2653314416544125e-09,4.22641608521745e-05,6.411106221273004e-10,9.832965131349794e-10,1.1862234978175205e-09,4.025262922377502e-05,6.383034763752804e-10,1.1908345790336302e-09,4.018334233783407e-05,8.833722658038258e-10,5.1615755077028416e-05,0.9998256745233168
rh_chr11_18204712,"{Vv,Vv}",0.9998152316331925,0.9998020338927063,Vv,Vv,chr11,18151977,False,2.8561536619387316e-10,5.549041582865934e-10,5.175696797958408e-10,6.473158929656035e-10,4.308020640768442e-05,3.1075045088226534e-10,5.357139310765865e-10,6.712140823998381e-10,4.225078214901982e-05,2.730525780434233e-10,6.268597926153639e-10,4.197817482962699e-05,4.360617464486439e-10,5.745434436347503e-05,0.9998152316331925
rh_chr11_18357178,"{Vv,Vv}",0.9997942857515132,0.9997795918766212,Vv,Vv,chr11,18287018,False,5.723699827189479e-10,1.269983799112023e-09,1.2524784917066437e-09,1.5690636294332065e-09,4.669612680915781e-05,5.737140218493627e-10,1.2486323290267985e-09,1.567662422612392e-09,4.57942966060359e-05,5.592559507916453e-10,1.543317229190355e-09,4.5966946104919675e-05,9.42141901238447e-10,6.724578034685865e-05,0.9997942857515132
rh_chr11_18433819,"{Vv,Vv}",0.999803019541417,0.9997889495086612,Vv,Vv,chr11,18363711,False,5.727285038441094e-10,1.4359229650125124e-09,1.4286752777450409e-09,1.7945414987231429e-09,4.358737989274614e-05,5.660723419352751e-10,1.4162928255597731e-09,1.783170951182642e-09,4.264323422387237e-05,5.622162781258729e-10,1.7696905915254278e-09,4.3068797749981764e-05,9.940913229469464e-10,6.766872331375147e-05,0.999803019541417
rh_chr11_18646367,"{Vv,Vv}",0.9999052001228134,0.9998984287030144,Vv,Vv,chr11,18575947,False,4.613610963012462e-11,8.921221440141372e-11,1.0588953358906784e-10,1.8245672834037402e-10,1.5460618556734246e-05,3.7093831322907e-11,8.591023829971188e-11,1.6087881886663368e-10,1.439468471092031e-05,4.669742331759992e-11,1.7479408853748137e-10,1.552132881046177e-05,1.8044617703625413e-10,4.942213559332313e-05,0.9999052001228134
rh_chr11_18708021,"{Vv,Vv}",0.9999255965189623,0.9999202819846025,Vv,Vv,chr11,18637454,False,5.842578440207188e-11,1.096074880260954e-10,1.440733128017002e-10,1.7918914218426525e-10,9.187607353609634e-06,4.217672082527897e-11,1.030379221436926e-10,1.3927472011278345e-10,7.989090879060563e-06,5.983625016301883e-11,1.6561131871088564e-10,9.365884463446089e-06,1.683355496083931e-10,4.7859728773370776e-05,0.9999255965189623
rh_chr11_18836141,"{Vv,Vv}",0.999852290166176,0.9998417394637601,Vv,Vv,chr11,18765662,False,3.3259587176158397e-10,4.668442643294193e-10,6.788226030716156e-10,1.0944916516743431e-09,3.0488671096711168e-05,2.1356658391402666e-10,4.237090633990437e-10,7.699000086960724e-10,2.5680018367428304e-05,3.4547138095668933e-10,9.753573990873104e-10,3.150227961388417e-05,7.173195900934497e-10,6.0032846667476184e-05,0.999852290166176
rh_chr11_18910740,"{Vv,Vv}",0.9998292088353663,0.9998170094664639,Vv,Vv,chr11,18840110,False,4.4621599077564236e-10,7.22730006179561e-10,1.1376042220827747e-09,1.5565190328608963e-09,3.8064753376132305e-05,2.5573532853756274e-10,6.307660117665121e-10,1.00248484595431e-09,3.114718515777668e-05,4.653020435704043e-10,1.334774286280442e-09,3.9566318860764676e-05,8.114974281275335e-10,6.200454360986869e-05,0.9998292088353663
rh_chr11_19533500,"{Vv,Vv}",0.9998096456726263,0.9997960489349568,Vv,Vv,chr11,19461779,False,1.112976419089281e-08,1.3055928387665041e-08,3.607830740879305e-08,2.721980096498988e-08,5.327830785298429e-05,7.312162229689682e-09,1.2403357941966305e-08,1.2883398875162296e-08,2.097176373387707e-05,2.0869743524376265e-08,2.53261003303854e-08,6.877149816423501e-05,1.7282924469645417e-08,4.7149196134188215e-05,0.9998096456726263
rh_chr11_19712713,"{Vv,Vv}",0.9997471983726769,0.9997291411135824,Vv,Vv,chr11,19637034,False,1.565511347735403e-08,2.103114016354435e-08,6.303685866272709e-08,4.437788297345764e-08,7.501738946468326e-05,1.07751313169587e-08,1.9741120086872764e-08,1.9916422075105515e-08,1.86507239402489e-05,3.153491596072203e-08,4.1094132352684415e-08,9.947385056978434e-05,2.5036889511393262e-08,5.936746374186944e-05,0.9997471983726769
rh_chr11_19766239,"{Vv,Vv}",0.9997027192123654,0.9996814848703915,Vv,Vv,chr11,19690608,False,2.1768431797844194e-08,2.855814673835763e-08,7.662095857279342e-08,5.580769843321867e-08,9.211617078635036e-05,1.3664349123372825e-08,3.006820477439992e-08,2.7979792494325794e-08,2.643203124033164e-05,4.0610063787159604e-08,5.5199677428567765e-08,0.00010959341738157027,3.1152388181877526e-08,6.875773851496383e-05,0.9997027192123654
rh_chr11_19978651,"{Vv,Vv}",0.9976816697135036,0.9975160746930396,Vv,Vv,chr11,19897380,False,5.219851059485734e-07,5.089929491770761e-07,6.438351002072896e-07,5.985370538950109e-07,0.0007453788684187927,4.057898924547344e-07,5.319755897182204e-07,4.949110406318443e-07,0.000457647867416122,5.154215463929326e-07,6.076980394780302e-07,0.0005370116033808271,4.850719155942715e-07,0.0005729777290473154,0.9976816697135036
rh_chr11_20115217,"{Vv,Vv}",0.984152858076881,0.9830209193680868,Vv,Vv,chr11,20033950,True,6.409864580708014e-06,7.170819142396718e-06,7.437654984370877e-06,7.4533786445859305e-06,0.004109551089248783,5.810916168396043e-06,6.8429679491233585e-06,6.866785664784225e-06,0.0038262083530382234,6.052967629828067e-06,7.1119398786791625e-06,0.003904362269162521,6.083386774770025e-06,0.003939779530251692,0.984152858076881
rh_chr12_5638,"{Vv,Vv}",0.959476548797586,0.9565820165688422,Vv,Vv,chr12,19164,False,3.463067055288267e-05,1.5260993413180814e-05,7.835202175201907e-05,2.460461978873651e-05,0.003632264800022713,3.385389779233035e-05,0.0001822141567896416,1.4400762267183962e-05,0.004108969134109886,0.00011868127810928541,5.400326052053786e-05,0.0293802461839068,1.6549844891189228e-05,0.0028294195784975404,0.959476548797586
rh_chr12_115867,"{Vv,Vv}",0.9750640572514261,0.9732829184836708,Vv,Vv,chr12,128828,False,2.650529104276318e-05,5.3968292268900034e-06,6.40232542239754e-05,1.6032190951671753e-05,0.002521596374278161,1.20851362492431e-05,6.994444235525789e-05,5.9292948387379345e-06,0.0011201232342083613,0.00010170167122743504,4.0626115406300524e-05,0.019245967910556962,1.0271602639336683e-05,0.001695739401368778,0.9750640572514261
rh_chr12_173874,"{Vv,Vv}",0.9807964258542787,0.9794247419867272,Vv,Vv,chr12,186752,False,2.3357867778848528e-05,4.238710994767583e-06,5.947973567027763e-05,1.3958864171955284e-05,0.0018760109831907049,9.019505642205521e-06,5.457771952858729e-05,4.685851557035447e-06,0.0005910047192672111,9.69155078552354e-05,3.782175521574152e-05,0.015072278312212034,8.825524693910312e-06,0.0013513990879427935,0.9807964258542787
rh_chr12_390468,"{Vv,Vv}",0.9821601673683618,0.9808858936089591,Vv,Vv,chr12,414994,False,1.6638753119901507e-05,2.137329984632207e-06,5.108729846018051e-05,9.75815467176865e-06,0.0018216932159385933,4.377230050565405e-06,2.511440492512207e-05,2.2799256927210986e-06,0.0004593322173785269,8.727445123002781e-05,3.276193392084526e-05,0.013867869461127957,5.556386796402961e-06,0.0014539518683409757,0.9821601673683618
rh_chr12_521695,"{Vv,Vv}",0.9831254695457334,0.9819201459418573,Vv,Vv,chr12,545930,False,5.220329704004052e-06,1.0636057891544738e-06,3.099013509690711e-05,3.39159731132787e-06,0.001768742654062178,2.552084124746516e-06,1.1187477321848532e-05,9.940434354649356e-07,0.0003624664236440804,6.124607699597058e-05,2.1502067843987093e-05,0.013111481346899425,1.6185340569143093e-06,0.0014920740779805243,0.9831254695457334
rh_chr12_634102,"{Vv,Vv}",0.9873158190220492,0.9864098060950528,Vv,Vv,chr12,657823,True,3.2910234843372555e-06,7.948092344628103e-07,2.0984281857546537e-05,2.363825062033844e-06,0.0013574809919895778,1.609352819938972e-06,7.792723584240623e-06,7.270295814310133e-07,0.00030554345433229864,3.775154092385341e-05,1.4638458821680337e-05,0.009784490560320106,1.0306196873079004e-06,0.0011456823062519711,0.9873158190220492
rh_chr12_844914,"{Vv,Vv}",0.9954061860871991,0.9950780565219991,Vv,Vv,chr12,868961,False,7.504562549059036e-07,2.1561328196337141e-07,4.736609716549806e-06,5.722699005972095e-07,0.0005258422547146917,3.6487078065196505e-07,1.8474040254807833e-06,1.8966253918223034e-07,0.0001422039834244853,7.643965867912505e-06,3.3075150683601026e-06,0.003466832260726739,2.3174642005649194e-07,0.00043907530007932666,0.9954061860871991
rh_chr12_996164,"{Vv,Vv}",0.9990710160246777,0.9990046600264404,Vv,Vv,chr12,1020170,False,1.3178836649381994e-07,2.7193556634303054e-08,5.529208648990345e-07,7.720511045951043e-08,0.0001344733458635687,4.683394276055944e-08,1.9133970203665852e-07,2.2137292929038987e-08,4.886702985695187e-05,8.70401646173451e-07,3.660044758251701e-07,0.000639172280263449,3.3954136310235946e-08,0.00010415154024381336,0.9990710160246777
rh_chr12_1089461,"{Vv,Vv}",0.9995929395697798,0.999563863824764,Vv,Vv,chr12,1113511,False,4.84611639667957e-08,6.303637169776045e-09,1.251342657705913e-07,2.0604828821895974e-08,8.214249110755304e-05,1.0925048938502411e-08,4.268158498604281e-08,4.593570679865482e-09,1.8748534143227923e-05,2.1574212160347017e-07,7.506471213639519e-08,0.00024665794435360644,8.951804799756543e-09,5.895299787692765e-05,0.9995929395697798
rh_chr12_1146523,"{Vv,Vv}",0.999704773846798,0.9996836862644265,Vv,Vv,chr12,1170636,False,2.7368328081277337e-08,2.3247902363618115e-09,4.469178174473213e-08,7.317728590222551e-09,6.571515780013066e-05,3.4679999961106567e-09,1.4519294002252597e-08,1.6252313604725958e-09,1.4357518968993598e-05,6.917098872333698e-08,2.5244586218098982e-08,0.0001744069271007709,2.8460940644282414e-09,4.054797250913733e-05,0.999704773846798
rh_chr12_1266582,"{Vv,Vv}",0.9998316628806265,0.9998196388006713,Vv,Vv,chr12,1289914,False,2.248985706455515e-08,1.4671521330771704e-09,2.179692313844177e-08,3.858399352618172e-09,4.952417592220592e-05,1.7527940019445467e-09,7.275146511313019e-09,1.0619966372294214e-09,8.579940324899673e-06,3.1699607230073005e-08,1.202820764384863e-08,9.1513452167951e-05,1.5377595710642446e-09,1.86145831151498e-05,0.9998316628806265
rh_chr12_1368028,"{Vv,Vv}",0.9998249411552816,0.9998124369520874,Vv,Vv,chr12,1392038,False,2.2146850901146135e-08,1.440119584907141e-09,1.5497538265613153e-08,3.0840254279989995e-09,6.085251622794841e-05,1.2782001578924237e-09,5.95935645649946e-09,1.0528697274020264e-09,1.5575274237487613e-05,2.132195103427709e-08,9.259080454390945e-09,7.581756585778387e-05,1.1892070241324016e-09,2.273125919616096e-05,0.9998249411552816
rh_chr12_1524783,"{Vv,Vv}",0.9998781431283972,0.9998694390661398,Vv,Vv,chr12,1548197,False,1.0484015390302111e-08,1.4675246869725673e-09,8.47360015242861e-09,2.2685897700099062e-09,3.9053897459000744e-05,7.735423156005389e-10,3.691197985323422e-09,9.261086972679716e-10,1.647972711242281e-05,1.0145423143283473e-08,5.238723755794425e-09,4.652485376744165e-05,7.571419427119447e-10,1.975416739613098e-05,0.9998781431283972
rh_chr12_1709224,"{Vv,Vv}",0.9998953138902986,0.9998878363110343,Vv,Vv,chr12,1728851,False,3.944125083657804e-09,1.1373113730990388e-09,3.967748308235865e-09,1.43900698853865e-09,3.0261401951129462e-05,4.645164473829798e-10,2.024250983867663e-09,7.593434723193741e-10,1.9912697279796092e-05,3.809128462211366e-09,2.5923176342169395e-09,3.3811338057687e-05,4.501152157249863e-10,2.0680084548840035e-05,0.9998953138902986
rh_chr12_1818274,"{Vv,Vv}",0.9999458326256528,0.9999419635274852,Vv,Vv,chr12,1838122,False,1.8509116445828325e-09,7.983882159929178e-10,2.2058031072055084e-09,9.350408960776024e-10,1.4930844708830048e-05,2.82989257675329e-10,1.2309481852620596e-09,5.612582539792553e-10,1.1918573551615312e-05,1.762172405499126e-09,1.4917821031778524e-09,1.6130024025843797e-05,2.643336189529587e-10,1.1176548433113467e-05,0.9999458326256528
rh_chr12_2066524,"{Vv,Vv}",0.999987380554862,0.9999864791659236,Vv,Vv,chr12,2086046,False,1.467021171606581e-10,1.106514009580225e-10,1.4357195659500683e-10,9.086776071122232e-11,3.2119902288942318e-06,6.957831427055267e-11,1.1124509964064367e-10,7.807705421482251e-11,4.625593001097384e-06,9.825293183180211e-11,1.0113056456240995e-10,2.4986336199303206e-06,3.479355452106249e-11,2.282243417388292e-06,0.999987380554862
rh_chr12_2121248,"{Vv,Vv}",0.9999754850605724,0.9999737339934704,Vv,Vv,chr12,2140884,False,1.2757324563029106e-10,1.2539699638551848e-10,1.3612521579398765e-10,9.795924887612912e-11,6.138683525748091e-06,8.143157870879734e-11,1.1306955626851997e-10,8.98622917594054e-11,9.314218369069859e-06,8.000054592822765e-11,1.0042103729994275e-10,4.4951462418432415e-06,3.711349249051099e-11,4.565902337748572e-06,0.9999754850605724
rh_chr12_2305412,"{Vv,Vv}",0.9999640554858671,0.9999614880205718,Vv,Vv,chr12,2321408,False,8.749295977505829e-11,1.4938960964723227e-10,6.018586997289977e-11,7.078678320385232e-11,1.0775666291771955e-05,1.1001158439377388e-10,6.019554387010974e-11,8.203373686954374e-11,1.4879426839800836e-05,3.293701508013395e-11,5.282879492323195e-11,4.174716807095062e-06,3.2661842032803854e-11,6.113965670568558e-06,0.9999640554858671
rh_chr12_2378838,"{Vv,Vv}",0.9999693032707689,0.9999671106472524,Vv,Vv,chr12,2394864,True,6.460127201098661e-11,1.224139173724628e-10,6.344851710722657e-11,7.286462562027503e-11,8.586460989086719e-06,6.98516446279735e-11,6.606536987564088e-11,8.689329472775033e-11,1.1216960977950543e-05,2.379382406491392e-11,4.9696047486784035e-11,4.534467507445718e-06,2.766086634863725e-11,6.358192467159858e-06,0.9999693032707689
rh_chr12_2439647,"{Vv,Vv}",0.9999842297135455,0.999983103264513,Vv,Vv,chr12,2456628,False,4.5470849470219167e-11,7.657742472399313e-11,4.9049667284048106e-11,5.344569588577641e-11,4.119997939048737e-06,3.512830304510218e-11,4.580273320994042e-11,6.362505186251462e-11,5.517792490839328e-06,1.537150732494167e-11,3.5924286626199424e-11,2.200899901003971e-06,1.7567158159967455e-11,3.931158160998952e-06,0.9999842297135455
rh_chr12_2673100,"{Vv,Vv}",0.9999459365732091,0.9999420748998669,Vv,Vv,chr12,2689968,False,3.127467108602313e-10,2.797614669343707e-10,3.287528511737523e-10,2.599069173757688e-10,2.2737996006715085e-05,1.426374436838916e-10,2.528705160708387e-10,2.720189082037676e-10,9.679107374126824e-06,1.3611307544768543e-10,2.3696193015562115e-10,1.24092827594343e-05,1.3098670569808802e-10,9.23468789414903e-06,0.9999459365732091
rh_chr12_2966354,"{Vv,Vv}",0.9999937553762952,0.9999933093317449,Vv,Vv,chr12,2983676,False,8.089565156927024e-12,7.789671207307469e-12,8.517545407217986e-12,8.274854322290283e-12,3.041571067407286e-06,1.9856515773652477e-12,4.333042741234784e-12,4.408375585185301e-12,9.565978601245352e-07,2.3309284965881562e-12,4.726246968116686e-12,1.0780279164124787e-06,2.6199651640138845e-12,1.1683737849939638e-06,0.9999937553762952
rh_chr12_3036761,"{Vv,Vv}",0.9999940014906573,0.9999935730257042,Vv,Vv,chr12,3054062,False,1.5264542110310436e-12,1.7472522052429673e-12,2.134040587703116e-12,2.260913919437931e-12,4.4704019478017124e-06,4.0959299442289506e-13,1.0705187793654342e-12,1.139503597037144e-12,2.4897421280630963e-07,6.873391905588624e-13,1.4140808695817716e-12,3.979151907934456e-07,8.634456233958349e-13,8.812047381533189e-07,0.9999940014906573
rh_chr12_3116725,"{Vv,Vv}",0.9999931042780663,0.9999926117264997,Vv,Vv,chr12,3133889,False,1.966081646810812e-12,2.804504063011057e-12,3.134493504695543e-12,4.119437185106835e-12,2.634916475682421e-06,6.918042494745844e-13,1.3096887290761357e-12,1.4909324814874293e-12,2.8850625959983164e-07,8.714724257907336e-13,2.198809288241763e-12,1.6995736788236303e-06,1.8027114501194797e-12,2.2727051295601845e-06,0.9999931042780663
rh_chr12_3218920,"{Vv,Vv}",0.9999963363711726,0.9999960746833992,Vv,Vv,chr12,3235593,False,9.643939266193152e-12,1.3666905294694761e-11,1.6836875129226168e-11,1.8509353250935078e-11,9.877046473769503e-07,5.568849664139275e-12,1.1253864627581759e-11,1.2598342174300153e-11,6.323712412089989e-07,7.980059751172244e-12,1.5959512827133753e-11,9.359646985964318e-07,9.309887920695228e-12,1.1074669126490848e-06,0.9999963363711726
rh_chr12_3325270,"{Vv,Vv}",0.9999722988660984,0.9999703202136768,Vv,Vv,chr12,3341928,False,1.8132599987579524e-10,2.6908352619702217e-10,2.783859932661419e-10,2.8577496132925123e-10,6.678071864513289e-06,1.7214022999268842e-10,2.644409120170015e-10,2.71588576683275e-10,6.487429762479155e-06,1.797631991881077e-10,2.8107784823156303e-10,7.772633475188698e-06,1.8372404928335076e-10,6.760631494140337e-06,0.9999722988660984
rh_chr12_3478868,"{Vv,Vv}",0.9996270208726172,0.9996003795063756,Vv,Vv,chr12,3504664,True,4.649962196460836e-09,7.237145183916077e-09,7.32877371581943e-09,7.259442489770222e-09,9.283964162462458e-05,4.669479591628743e-09,7.319578172116701e-09,7.2497691491679395e-09,9.317078761432806e-05,4.710962652230909e-09,7.341663381031181e-09,9.38790117091134e-05,4.664949608142971e-09,9.302725470861066e-05,0.9996270208726172
rh_chr12_3962172,"{Vv,Vv}",0.9990203348118452,0.9989503587269769,Vv,Vv,chr12,3966847,True,3.235689929525029e-08,6.941912950276363e-08,6.949524135934387e-08,6.932345218538224e-08,0.00024397296707003155,3.267619245285333e-08,6.965705200250362e-08,6.94840560118225e-08,0.0002458151177821459,3.252168719767695e-08,6.956112526784972e-08,0.0002448640705031499,3.244656636841011e-08,0.0002444660913978626,0.9990203348118452
rh_chr12_5074355,"{Vv,Vv}",0.9999613884157219,0.9999586304454163,Vv,Vv,chr12,5129156,False,2.810392483727459e-10,6.112773284124807e-10,5.533174161316695e-10,5.619161350009215e-10,7.719227334695816e-06,4.653402992929457e-10,6.246074895384782e-10,6.294683685353585e-10,1.3565161944702797e-05,2.9572653402057157e-10,5.777461416005444e-10,8.292030360864513e-06,3.274719042760553e-10,9.030236726991374e-06,0.9999613884157219
rh_chr12_5164930,"{Vv,Vv}",0.9999805547530343,0.9999791658068224,Vv,Vv,chr12,5219726,False,1.0657269960285648e-10,1.7476125218180608e-10,2.0773229868990977e-10,2.128812782321526e-10,2.8283271791629087e-06,1.6920054630610122e-10,1.8784591399244245e-10,1.8783273193341637e-10,1.0083129836788764e-05,1.2113871325485945e-10,2.2934671938149794e-10,3.022653097601868e-06,1.4945705407660014e-10,3.5093900829355644e-06,0.9999805547530343
rh_chr12_5293702,"{Vv,Vv}",0.9999643111238518,0.9999617619184126,Vv,Vv,chr12,5346825,False,7.549505020834477e-11,1.1969537389062782e-10,1.5649997718804205e-10,1.542344841358056e-10,7.941821129855502e-06,6.089901057563255e-11,1.429749556721597e-10,1.276346528626485e-10,9.326743230908321e-06,9.839938518811098e-11,1.797817974107694e-10,8.312043599627937e-06,1.3399527028205696e-10,1.0107018577927333e-05,0.9999643111238518
rh_chr12_5418237,"{Vv,Vv}",0.9999704986953042,0.9999683914592545,Vv,Vv,chr12,5459245,False,5.933245537683131e-11,1.0587443699022023e-10,1.4659753645791627e-10,1.6840954445003383e-10,6.08471126175391e-06,4.880516712864294e-11,1.38993259819149e-10,1.5530226535429723e-10,5.637030130941486e-06,8.917119371593403e-11,2.0534574335651003e-10,6.046642534111404e-06,2.0622210724947958e-10,1.1731596715288733e-05,0.9999704986953042
rh_chr12_5533572,"{Vv,Vv}",0.999947077974514,0.9999432978298364,Vv,Vv,chr12,5575222,False,6.816304601548162e-11,1.1681573328625242e-10,2.008798784884559e-10,2.1712114819022384e-10,8.49223775911313e-06,4.470186088814178e-11,1.7846392569047977e-10,1.8575649229059132e-10,7.325655918125097e-06,1.2099134278826606e-10,2.846859099266263e-10,9.680196640506855e-06,4.0125859289478074e-10,2.7422116330370554e-05,0.999947077974514
rh_chr12_5598767,"{Vv,Vv}",0.9999393812934035,0.9999350513857895,Vv,Vv,chr12,5640488,False,1.0738717741122335e-10,2.218301134275826e-10,3.064172220334291e-10,3.189117998330995e-10,8.671041042081882e-06,7.867544504572416e-11,2.780861291589968e-10,2.7916509281551216e-10,7.381457490870186e-06,1.469223226633888e-10,3.680254527478308e-10,8.913385373820226e-06,5.881211742160135e-10,3.5650129147679034e-05,0.9999393812934035
rh_chr12_5985351,"{Vv,Vv}",0.9999425605323308,0.9999384577132115,Vv,Vv,chr12,6026478,False,1.3941337448879954e-10,1.5233163756794258e-10,1.572987719346584e-10,3.954195618560839e-10,1.4878612798676453e-05,9.033587312210053e-11,1.5257031551759816e-10,2.115727121089464e-10,7.327170049968018e-06,9.261668029299605e-11,2.1606683616962356e-10,7.376778058265883e-06,3.7039077264692886e-10,2.7854928745789237e-05,0.9999425605323308
rh_chr12_6104436,"{Vv,Vv}",0.9999754985865936,0.999973748485636,Vv,Vv,chr12,6146727,False,3.861606501421455e-11,5.454657902070166e-11,5.377353549065172e-11,1.117504963477866e-10,6.21882449237073e-06,2.6715377604515918e-11,4.6490603764262946e-11,7.78531879739351e-11,4.265253551154198e-06,2.525690435400638e-11,7.628625489097738e-11,4.068917638330066e-06,8.548063626930083e-11,9.947820954899989e-06,0.9999754985865936
rh_chr12_6184851,"{Vv,Vv}",0.9999633962436942,0.9999607816896724,Vv,Vv,chr12,6226592,True,6.13450782331175e-11,1.1374474643461111e-10,1.1008266361243752e-10,1.7617252899607987e-10,9.070062995899192e-06,5.106900919109241e-11,9.775247420202009e-11,1.4723070787091657e-10,8.271420766583874e-06,4.62328432272708e-11,1.423101913834658e-10,7.637134911294164e-06,1.0124652399925144e-10,1.1624090445223987e-05,0.9999633962436942
rh_chr12_6325821,"{Vv,Vv}",0.9999811458516482,0.9999797991267659,Vv,Vv,chr12,6367204,False,6.347050233386495e-11,1.3650192447824855e-10,1.2927472647434048e-10,1.6598118925324934e-10,4.324810183158571e-06,6.225788942489835e-11,1.2450520605362943e-10,1.563422894675295e-10,5.5580395774578195e-06,5.374203216746025e-11,1.483869399605447e-10,4.14743682147942e-06,8.06671828243505e-11,4.822740639826854e-06,0.9999811458516482
rh_chr12_6691567,"{Vv,Vv}",0.9999391090339351,0.9999347596792162,Vv,Vv,chr12,6732254,False,9.173948927647953e-11,2.2059463804237423e-10,1.3035138840072304e-10,1.2371172336917908e-10,1.4963053501329412e-05,2.035049813677503e-10,2.1029764521627086e-10,1.9923939035275164e-10,1.828222858560089e-05,8.319074694298798e-11,1.1931840750341992e-10,1.4483998821339545e-05,6.823906544013037e-11,1.3160234969104423e-05,0.9999391090339351
rh_chr12_6822792,"{Vv,Vv}",0.9999704241130172,0.9999683115496613,Vv,Vv,chr12,6863323,False,1.0147904894028e-10,2.373012631625439e-10,1.7525095288093828e-10,1.5254698730652147e-10,8.00728691576096e-06,1.5503388937509942e-10,2.1535639117484852e-10,1.8787198474342682e-10,9.251117277700465e-06,8.411503187738472e-11,1.4322588133242939e-10,7.303447449714192e-06,5.469855716836657e-11,5.012528459713146e-06,0.9999704241130172
rh_chr12_7053640,"{Vv,Vv}",0.9999358286694497,0.9999312450029819,Vv,Vv,chr12,7092042,False,1.521998479409922e-10,2.527703935456729e-10,1.6647219481936033e-10,1.344452640545666e-10,2.05504805600281e-05,1.6023372793508168e-10,1.7404081019777652e-10,1.4116768500237113e-10,2.173839700743228e-05,8.359275707971763e-11,1.1489336709706904e-10,1.696850708196316e-05,5.243971917649943e-11,4.91251364514935e-06,0.9999358286694497
rh_chr12_7220783,"{Vv,Vv}",0.9999288572636017,0.9999237756395732,Vv,Vv,chr12,7259240,False,6.932345036830382e-10,1.3224048668937572e-09,7.647072160676426e-10,5.726864426814239e-10,2.4250015578638267e-05,6.687891181856816e-10,7.638917296435091e-10,5.782256979324599e-10,2.4001769591599584e-05,3.0617750294149996e-10,4.752250415948873e-10,1.3962818605363164e-05,1.9031083612314096e-10,8.921796969675677e-06,0.9999288572636017
rh_chr12_7374050,"{Vv,Vv}",0.9998490089132985,0.999838223835677,Vv,Vv,chr12,7412428,False,1.694223735923985e-09,3.201552610962077e-09,1.627584431029357e-09,1.389519706883942e-09,5.396653723827434e-05,1.5649994836304213e-09,1.5979276919774778e-09,1.3691938330954594e-09,5.132530338822083e-05,6.549347522673515e-10,1.1661319833535307e-09,2.4327994616637995e-05,5.283499267499549e-10,2.1356457040152086e-05,0.9998490089132985
rh_chr12_7525515,"{Vv,Vv}",0.9998111414094627,0.9997976515101387,Vv,Vv,chr12,7564804,False,2.7661807536477498e-09,5.91799488128431e-09,2.532821311688299e-09,2.3347028410862975e-09,7.438682724015308e-05,2.4665789435219905e-09,2.4589815959678777e-09,2.269703934508287e-09,6.958551923892786e-05,9.976275609578399e-10,2.154010224098005e-09,2.2966495465092196e-05,9.024314622107749e-10,2.1894947559550634e-05,0.9998111414094627
rh_chr12_8048809,"{Vv,Vv}",0.9997953020997485,0.9997806808211591,Vv,Vv,chr12,8204738,True,3.36962441343772e-09,4.631581852341188e-09,3.6283857639535104e-09,3.9672170427328045e-09,6.757466035160504e-05,1.9220372741286964e-09,2.9725571571434055e-09,3.3023547809557564e-09,5.176986366399426e-05,1.3803480781373512e-09,2.632788610176041e-09,3.906183900241748e-05,1.8593658408006126e-09,4.6261870972602535e-05,0.9997953020997485
rh_chr12_8142405,"{Vv,Vv}",0.9998806870020271,0.999872164645029,Vv,Vv,chr12,8298227,False,2.6029126718275296e-09,3.639638138000061e-09,2.9500511250508142e-09,3.294597912165817e-09,4.475150505418711e-05,1.248045910452082e-09,2.3109787394136853e-09,2.6401040867655685e-09,2.730559720451723e-05,9.347246850067404e-10,2.1718650998011362e-09,1.940519637238328e-05,1.3675049286607591e-09,2.782753891837489e-05,0.9998806870020271
rh_chr12_8493396,"{Vv,Vv}",0.999912080056092,0.9999058000600985,Vv,Vv,chr12,8648708,False,1.2359880039239223e-09,6.222745058434356e-10,5.886356747308981e-10,7.353274826759088e-10,5.078146299517207e-05,1.845643674568868e-10,3.4001272973198584e-10,4.240494766445443e-10,4.469958633081563e-06,1.6297329341966862e-10,3.772507888671204e-10,4.2206209240124285e-06,2.673593187507006e-10,2.8442962920106423e-05,0.999912080056092
rh_chr12_8801535,"{Vv,Vv}",0.9999336796736985,0.9999289425075342,Vv,Vv,chr12,8959728,False,8.806292536882056e-09,1.5789702071324732e-09,1.907779909267071e-09,3.1945002485684185e-09,4.77656331065942e-05,4.1531633498116275e-10,5.324995649306473e-10,1.0444701410664284e-09,4.02714461532284e-06,4.205413534950014e-10,1.0137324914354984e-09,6.529484869745096e-06,1.2317577034443437e-09,7.977917849342195e-06,0.9999336796736985
rh_chr12_8872106,"{Vv,Vv}",0.9999162556779742,0.9999102739406865,Vv,Vv,chr12,9030607,False,1.3435632440140793e-08,3.1481418216836344e-09,3.4717059508739305e-09,5.773028082378272e-09,5.4787422250490374e-05,6.503326613949318e-10,1.0217853032402067e-09,1.6410765032459998e-09,8.17934287642125e-06,7.148826940060564e-10,1.7138575231537924e-09,8.764006670622587e-06,1.83026697335642e-09,1.198014951842541e-05,0.9999162556779742
rh_chr12_8944870,"{Vv,Vv}",0.9996662915687489,0.9996424552522309,Vv,Vv,chr12,9103464,True,3.3464914438848215e-08,9.844032468317167e-09,9.632452694110613e-09,1.599283211017006e-08,0.00016764005193210804,3.0598386911849886e-09,4.300185375592139e-09,5.818346485080608e-09,4.756154141467635e-05,2.9183309075747064e-09,5.7401897325170635e-09,4.892532285645111e-05,6.474012294001104e-09,6.948426991272276e-05,0.9996662915687489
rh_chr12_9605397,"{Vv,Vv}",0.9980317908680931,0.9978912045015284,Vv,Vv,chr12,9766566,False,1.1814998282251528e-06,2.985099367637741e-07,2.6250757117571255e-07,5.152193236092746e-07,0.0010456031900511857,1.4193687831351984e-07,1.7802526671491515e-07,2.3465270718749667e-07,0.0002398310561945063,1.2366876576414745e-07,2.2081867895618146e-07,0.0002485592360847158,2.9848168164337364e-07,0.00043076032893818824,0.9980317908680931
rh_chr12_9691021,"{Vv,Vv}",0.9979386334121159,0.9977913929415527,Vv,Vv,chr12,9852184,False,1.2850008989827033e-06,3.6726212538300384e-07,3.2624782036738633e-07,5.912353003556075e-07,0.0011079677948171993,1.6253049012439398e-07,2.2616140311995603e-07,2.9362682333739184e-07,0.00024763204460070477,1.4108059441214625e-07,2.796358264476409e-07,0.0002595793299433263,3.2282458405930573e-07,0.00044219181265637886,0.9979386334121159
rh_chr12_9898269,"{Vv,Vv}",0.9977924946003862,0.997634815643271,Vv,Vv,chr12,10059854,False,1.5717443709908021e-06,5.352630400819861e-07,4.801221585485104e-07,7.730906135773912e-07,0.0012404149241164186,2.2230136882964014e-07,3.5526243184928277e-07,4.4621522717665897e-07,0.0002460407826109247,1.9137996768893364e-07,4.3188074249717024e-07,0.0002658430467720767,3.8940997550150656e-07,0.0004498099762176261,0.9977924946003862
rh_chr12_10018038,"{Vv,Vv}",0.9973017855756195,0.9971090559738781,Vv,Vv,chr12,10179394,False,1.7791136216370393e-06,8.691601235473175e-07,7.891515760945315e-07,1.1085089972269985e-06,0.0013268838242949774,2.7923866759599947e-07,4.6811474458780934e-07,5.811296688700347e-07,0.00036156813783332406,2.397984770953624e-07,5.665261027295617e-07,0.0003962125493270856,4.5818363570043457e-07,0.0006064109873099798,0.9973017855756195
rh_chr12_13428533,"{Vv,Vv}",0.9785727218522188,0.9770422019845201,Vv,Vv,chr12,13822670,True,2.223106756109719e-05,2.0612288340617684e-05,1.6359904710390453e-05,1.8789829336422134e-05,0.006516290263005191,1.4131923941262761e-05,1.382318530862075e-05,1.549335840738165e-05,0.005471018547440078,9.99372634663158e-06,1.3642363512732415e-05,0.004380958015652602,1.2376541047576839e-05,0.004901557133170685,0.9785727218522188
rh_chr12_13578193,"{Vv,Vv}",0.9786443154850679,0.977118909448287,Vv,Vv,chr12,13971918,True,2.209286118351721e-05,2.1334092410830493e-05,1.6759751588761927e-05,1.9337122606466024e-05,0.006525644825189656,1.3825600367771552e-05,1.4195577524458114e-05,1.5955264095956877e-05,0.005471958951017311,9.66512618575564e-06,1.4017630592818924e-05,0.004331583097369243,1.206568405966356e-05,0.004867248930739806,0.9786443154850679
rh_chr12_14587489,"{Vv,Vv}",0.9809637820911957,0.9796040522405669,Vv,Vv,chr12,15025622,True,2.043959283846479e-05,2.1400123058716356e-05,1.4644267184381798e-05,1.8209590165307965e-05,0.006161463724754226,1.077204271532049e-05,1.2309075540379275e-05,1.4573411980655356e-05,0.005035919569193757,6.715048109207309e-06,1.2441690028168366e-05,0.0035245017365743113,9.161614018332004e-06,0.004173666422643158,0.9809637820911957
rh_chr12_15428839,"{Vv,Vv}",0.9851125385713237,0.9840491484692755,Vv,Vv,chr12,15870712,False,1.8027351515302874e-05,1.776926526752975e-05,9.517657623558662e-06,1.3822530809275863e-05,0.005322082817729764,7.288188340487691e-06,7.802722370086061e-06,1.0298204694005812e-05,0.0041232194947056445,4.116409471389528e-06,8.772958865260628e-06,0.0022946788410864245,6.318116643773839e-06,0.0030437468695538048,0.9851125385713237
rh_chr12_16421448,"{Vv,Vv}",0.9906198939028306,0.9899498863244613,Vv,Vv,chr12,16857897,True,1.3546284950149243e-05,8.604185197573896e-06,5.739819427525586e-06,9.088269624329325e-06,0.0034194206852701113,2.7903139173941534e-06,4.055311680616153e-06,5.33722922149085e-06,0.002348939803950567,1.838338067043377e-06,5.039340056264711e-06,0.0015174497037038518,4.267275789328859e-06,0.0020339895363130703,0.9906198939028306
rh_chr12_17156423,"{Vv,Vv}",0.9965472064288083,0.9963005783165804,Vv,Vv,chr12,17594180,False,1.1660279815073788e-05,2.5699057264755908e-06,2.323980321971388e-06,5.327357688173216e-06,0.0015712763468932293,6.454120137851171e-07,9.992419147179442e-07,1.5675834123748142e-06,0.000580977833234996,6.420505875445301e-07,2.3056500616323772e-06,0.00045630021293808685,3.207301836100905e-06,0.0008129904147475202,0.9965472064288083
rh_chr12_17261181,"{Vv,Vv}",0.9964606022260069,0.9962077880992931,Vv,Vv,chr12,17694369,False,1.1714610384862313e-05,2.3603342149718453e-06,2.221738902576192e-06,5.288150917444159e-06,0.001624840651479416,5.748906226871653e-07,9.314933618501908e-07,1.4753137174687266e-06,0.0005730861493431007,6.013850020488674e-07,2.277063033320474e-06,0.00047256690135922825,3.232304725174208e-06,0.0008382267869289742,0.9964606022260069
ScLoKvP_762_RUN1_49721_50721,"{Vv,Vv}",0.9964824428461498,0.996231188763732,Vv,Vv,chr12,18178530,False,9.820771963637993e-06,1.1418431022543486e-06,1.557304895863928e-06,4.959042432610193e-06,0.0017293423789208158,2.582603151023477e-07,4.962188388383745e-07,8.866394031385919e-07,0.00044001386112419555,4.1924381230107617e-07,2.068177421275972e-06,0.00045563047232789636,3.478282945564834e-06,0.0008674846563466774,0.9964824428461498
ScLoKvP_762_RUN1_12319_13319,"{Vv,Vv}",0.9966624792111706,0.9964240848691114,Vv,Vv,chr12,18266701,True,9.237916848542825e-06,9.491239700888534e-07,1.3005637089298795e-06,4.2089671635196745e-06,0.0016970715878547031,2.1880046780988208e-07,4.4086599148005017e-07,7.829757977555967e-07,0.0003995501652998435,3.6003687755914777e-07,1.7955298473463568e-06,0.00042302989675037746,2.916550803912331e-06,0.0007956578074475714,0.9966624792111706
ScLoKvP_762_RUN1_23027_24027,"{Vv,Vv}",0.9966858555546686,0.9964491309514306,Vv,Vv,chr12,18277462,True,9.169527677642058e-06,9.271249363913266e-07,1.2713393636974763e-06,4.124422006549673e-06,0.001692788718265663,2.144373124800099e-07,4.3514937455219257e-07,7.721160565329647e-07,0.00039424822342227925,3.5342006595593626e-07,1.766778648714347e-06,0.00041868478652314073,2.854024206621386e-06,0.0007865343774711405,0.9966858555546686
ScLoKvP_762_RUN1_37261_38261,"{Vv,Vv}",0.9967170132201663,0.9964825141644639,Vv,Vv,chr12,18291587,False,9.080298726408659e-06,8.982404012593306e-07,1.233032898488615e-06,4.014018090518893e-06,0.0016870523958513114,2.0879695225229935e-07,4.277009427433482e-07,7.579535463457831e-07,0.0003871678953838299,3.44852270415518e-07,1.7294544730161352e-06,0.0004128596233086251,2.773214162088837e-06,0.0007744393028263953,0.9967170132201663
ScLoKvP_762_RUN1_42624_43624,"{Vv,Vv}",0.9967290200830996,0.9964953786604639,Vv,Vv,chr12,18296967,True,9.046544771354185e-06,8.873388302884357e-07,1.2185860941216983e-06,3.9724741011889235e-06,0.001684833490821522,2.0668800071255819e-07,4.249397066003557e-07,7.526895605423005e-07,0.0003844351842993643,3.416414547892573e-07,1.7155735680155244e-06,0.00041060472430698945,2.7429509996081024e-06,0.0007697970903853835,0.9967290200830996
ScLoKvP_762_RUN1_50011_51011,"{Vv,Vv}",0.9967459811831907,0.9965135512677044,Vv,Vv,chr12,18304508,False,8.99937888405693e-06,8.720523489802865e-07,1.1983462261933548e-06,3.914385868870179e-06,0.0016816915353780328,2.037558650758916e-07,4.210829850761471e-07,7.453338453169105e-07,0.00038057127627395983,3.3717316921014946e-07,1.6962232734780434e-06,0.0004074103378897967,2.7008751655429124e-06,0.0007632570596357473,0.9967459811831907
ScLoKvP_762_RUN1_52509_53509,"{Vv,Vv}",0.9967513283610951,0.9965192803868876,Vv,Vv,chr12,18306864,True,8.960414658660155e-06,8.703578894669884e-07,1.1957173444954112e-06,3.90195728959426e-06,0.00167839151415467,2.028985789959703e-07,4.199858732902336e-07,7.433658552549017e-07,0.00038007674471453664,3.358623969539647e-07,1.690817607383263e-06,0.0004071179417600976,2.6890343053295346e-06,0.0007620750264761715,0.9967513283610951
ScLoKvP_762_RUN1_73233_74233,"{Vv,Vv}",0.9969517199702772,0.9967339856824399,Vv,Vv,chr12,18390760,True,7.60065803558733e-06,7.993668867344699e-07,1.0902598771207416e-06,3.4389077260382826e-06,0.0015584827175672603,1.7252966429831036e-07,3.772880268028653e-07,6.667903056962826e-07,0.0003599404864976478,2.894723227839098e-07,1.4892784110950392e-06,0.0003941771942937536,2.2755133058108747e-06,0.0007174795668021737,0.9969517199702772
ScLoKvP_762_RUN1_72189_73189,"{Vv,Vv}",0.9980114417874674,0.9978694019151436,Vv,Vv,chr12,18745036,True,2.7134331319704577e-06,3.2857605807124975e-07,4.632485796936135e-07,1.2923247553062007e-06,0.0010008300646873961,5.490049688817719e-08,1.4397763940768906e-07,2.531697298376991e-07,0.00022055494800064896,1.0837086378803075e-07,5.517756443249092e-07,0.0002851121646101464,7.874634436227032e-07,0.0004753637948915295,0.9980114417874674
rhMAS_Run1_CB3334,"{Vv,Vv}",0.9981534432739002,0.998021546364893,Vv,Vv,chr12,18785455,True,2.3526352779856377e-06,2.9681981136095773e-07,4.195044537762908e-07,1.1553196535592436e-06,0.0009321319190652778,4.675906060524791e-08,1.2972821549346538e-07,2.2782880723401123e-07,0.00019911432891840742,9.433093201800477e-08,4.935390924738725e-07,0.00026711535286449533,6.801913823745133e-07,0.00044229846856482527,0.9981534432739002
RHEEA7A3526568451Z0Z,"{Vv,Vv}",0.9981768078228176,0.9980465798101618,Vv,Vv,chr12,18791990,True,2.2979656656327697e-06,2.9223751661519444e-07,4.130861075612345e-07,1.1352808596414302e-06,0.0009209268180271855,4.556010745843183e-08,1.2770061969259693e-07,2.2421329072634054e-07,0.00019554134971358424,9.220303060492879e-08,4.85081389478935e-07,0.000264098904373126,6.64028584811484e-07,0.00043684774789625163,0.9981768078228176
RH9A5638C50908419Z0Z,"{Vv,Vv}",0.9981833278771403,0.9980535655826502,Vv,Vv,chr12,18793808,True,2.282926368360636e-06,2.9098681384810483e-07,4.1132892709088435e-07,1.129798151096611e-06,0.0009178047521341071,4.523204994963513e-08,1.271486220974512e-07,2.23228508122084e-07,0.00019454209228848176,9.161765910377435e-08,4.827702385480555e-07,0.00026325445846252227,6.595868392045233e-07,0.0004353261957971981,0.9981833278771403
RH545F7A587328411Z0Z,"{Vv,Vv}",0.9981883261491051,0.9980589208740412,Vv,Vv,chr12,18795200,True,2.271451393699793e-06,2.9003285624451855e-07,4.099878388073271e-07,1.1256162979197956e-06,0.0009154128058857347,4.498212439296858e-08,1.2672794018067622e-07,2.2247796434165452e-07,0.00019377542549748944,9.117095371995035e-08,4.81007944140691e-07,0.00026260632446752747,6.561988269260025e-07,0.00043415964090378045,0.9981883261491051
rh_chr12_18628428,"{Vv,Vv}",0.999182972070811,0.9991246129330118,Vv,Vv,chr12,19047256,False,4.2152596523154494e-07,3.356067921110649e-08,7.058086982348043e-08,1.8134946612873965e-07,0.0004606510101064383,5.1438926203856405e-09,1.554421355697908e-08,2.9485817847930933e-08,3.233019563114131e-05,1.5675382578702745e-08,7.491507771139782e-08,0.00012261789991208078,1.1350652601233903e-07,0.00020046753564873356,0.999182972070811
rh_chr12_18779599,"{Vv,Vv}",0.9993670420622425,0.999321830780974,Vv,Vv,chr12,19198636,False,9.636582145072411e-08,1.0470849043883688e-08,1.946117674353246e-08,4.699078348754888e-08,0.00033027565223454187,1.6074610444399972e-09,4.5239672981591244e-09,8.305991165109934e-09,1.8682156102411405e-05,3.7137941128437656e-09,1.92019001450777e-08,0.00010552311961719421,2.4718366809253535e-08,0.00017824164969218115,0.9993670420622425
rh_chr12_19037725,"{Vv,Vv}",0.9995899504411506,0.9995606611869471,Vv,Vv,chr12,19459258,False,1.5539957513330823e-08,3.869187322222849e-09,5.868427882028103e-09,1.234148106106234e-08,0.00018896998008914617,4.1003051690147244e-10,1.5609897115251975e-09,2.9259407671154833e-09,3.3274947039341825e-05,9.716172528266515e-10,5.460141608123979e-09,7.41096788376553e-05,5.2071197557687196e-09,0.00011364079798988724,0.9995899504411506
rh_chr12_19467018,"{Vv,Vv}",0.9999307888810249,0.9999258452296695,Vv,Vv,chr12,19880775,False,1.2411979250212759e-09,9.445004552067193e-10,7.818155796565484e-10,1.1373235223715226e-09,2.714822712024692e-05,2.395031996915221e-10,3.8820952431038614e-10,5.414453851527724e-10,1.4769168956589125e-05,1.80346441869362e-10,5.118559362706928e-10,1.0282325480523617e-05,4.1993283456191923e-10,1.7005011286874122e-05,0.9999307888810249
rh_chr12_19528528,"{Vv,Vv}",0.9999143482832659,0.9999082303034992,Vv,Vv,chr12,19943325,False,1.3134926131273877e-09,1.2199539686788594e-09,9.84539181273856e-10,1.3520112356956595e-09,3.1990918704975e-05,3.419212515046438e-10,5.523879903286299e-10,7.128053479974779e-10,1.8358801385411826e-05,2.3122615112428479e-10,6.389828726093452e-10,1.356111906168493e-05,4.66586805322659e-10,2.1733063674689372e-05,0.9999143482832659
rh_chr12_19783710,"{Vv,Vv}",0.9998220881479445,0.999809380158512,Vv,Vv,chr12,20199649,False,2.4697373453622165e-09,2.9557180638868314e-09,2.2023010090083712e-09,2.5896284867009146e-09,5.802857542593288e-05,1.1333562555881948e-09,1.3150971269985538e-09,1.4912900578310549e-09,4.394532772938593e-05,6.056283108357881e-10,1.238368222677215e-09,3.1753706589462504e-05,9.015286483600055e-10,4.4167339657266796e-05,0.9998220881479445
rh_chr12_20018956,"{Vv,Vv}",0.999760140489421,0.9997430076672368,Vv,Vv,chr12,20429029,False,3.364768724290088e-09,4.515504385432735e-09,3.0747100373321636e-09,3.571902935173709e-09,8.688504592564715e-05,1.1994656188749158e-09,1.2567259682604281e-09,1.4396639130203264e-09,7.135628890553337e-05,4.5425893959184393e-10,1.0887317208801194e-09,3.713506220917361e-05,6.251668579905825e-10,4.446252263958958e-05,0.999760140489421
rh_chr12_20361061,"{Vv,Vv}",0.9997672372459085,0.9997506113349021,Vv,Vv,chr12,20776920,False,2.2410319272668817e-09,5.624889853562642e-09,2.7685088976339475e-09,3.2092387023211316e-09,8.042876606574511e-05,3.6707013790536927e-09,1.9727125380258016e-09,2.2056871360084174e-09,0.00010774808403706858,9.584129010629334e-10,1.9689031152177826e-09,2.0538345782705988e-05,1.3245237123581148e-09,2.4021613595817344e-05,0.9997672372459085
rh_chr12_20594460,"{Vv,Vv}",0.9995189322248206,0.9994845702408792,Vv,Vv,chr12,21009226,False,6.380506832780867e-09,1.3453994649698721e-08,8.462632162569582e-09,9.585215895094328e-09,0.00013939218592543608,7.004343032496098e-09,8.13254481712371e-09,8.71911014038263e-09,0.00015508450969544188,3.1410362620060933e-09,5.812510725444983e-09,8.760743934652038e-05,4.388869270666896e-09,9.890855944818703e-05,0.9995189322248206
rh_chr12_20990376,"{Vv,Vv}",0.9994205811033738,0.9993791940393291,Vv,Vv,chr12,21423518,False,6.644156334666281e-09,1.1222707553987251e-08,9.469334659274784e-09,1.2250734235028536e-08,0.00015862730830090894,3.6608023088356967e-09,6.0963880661007944e-09,6.585136566928618e-09,0.00015362219573039615,2.6572155985049892e-09,7.3825812331261544e-09,0.00012076625292057769,6.522597744682861e-09,0.00014633064802007165,0.9994205811033738
rh_chr12_21100305,"{Vv,Vv}",0.9993650258154058,0.9993196705165062,Vv,Vv,chr12,21531432,False,8.638524018981526e-09,1.7836542523904647e-08,1.640362913965466e-08,2.1615167128016985e-08,0.00016783561062791856,6.027498138230224e-09,1.2506349590035629e-08,1.3402630378919046e-08,0.00016278190546786266,4.970131077210812e-09,1.7272203868522655e-08,0.00013595563362150698,1.3413561259435371e-08,0.00016826894863981715,0.9993650258154058
rh_chr12_21712346,"{Vv,Vv}",0.9997062324023405,0.9996852490025077,Vv,Vv,chr12,22145217,True,2.1849683272545863e-09,5.711997693795171e-09,4.94992418263318e-09,5.585708414094336e-09,7.114709823701596e-05,2.713271893445573e-09,5.071830354455385e-09,5.5056174874494775e-09,8.572464472415545e-05,1.8166924885208871e-09,5.049368756287917e-09,6.435409422992891e-05,2.5076019196209525e-09,7.250066348688848e-05,0.9997062324023405
rh_chr12_21873473,"{Vv,Vv}",0.9999565032344893,0.9999533963226671,Vv,Vv,chr12,22306380,False,5.12626790877917e-11,1.9179244577728883e-10,1.188014684194755e-10,1.4962819921944332e-10,5.641763526019086e-06,2.5839631025007434e-10,1.7511425544943244e-10,2.1345350474520218e-10,2.5353913409923438e-05,4.471701872422607e-11,1.3843243867501883e-10,5.2611630607379994e-06,8.212751143719023e-11,7.238501788201709e-06,0.9999565032344893
rh_chr12_21952129,"{Vv,Vv}",0.9999871340249764,0.9999862150267604,Vv,Vv,chr12,22387009,False,4.7438702207812975e-12,2.4540255091720473e-11,1.174237601031933e-11,2.1205333307938625e-11,1.3022404207903432e-06,3.0067279023925326e-11,2.3795874227767604e-11,3.9353310107102605e-11,6.582984235317859e-06,4.574244905463291e-12,2.044806752611878e-11,1.3751178942165722e-06,1.596739865925247e-11,3.6054360352350226e-06,0.9999871340249764
rh_chr12_22049998,"{Vv,Vv}",0.9999940133160904,0.9999935856958111,Vv,Vv,chr12,22484975,False,1.5561808582212676e-12,5.923567896190841e-12,2.9895456279571907e-12,7.791411261338108e-12,6.746630232323811e-07,5.5600975227557535e-12,5.9169549842664914e-12,1.4034872961473988e-11,1.4732945781025646e-06,1.644880953339896e-12,7.936974147443647e-12,6.919040028261912e-07,8.95564847987865e-12,3.1467599953798065e-06,0.9999940133160904
rh_chr12_22115627,"{Vv,Vv}",0.9999867982145537,0.999985855229879,Vv,Vv,chr12,22550538,False,1.1127841709868771e-12,2.5899512545638226e-12,1.888125968994761e-12,3.3431372999317417e-12,1.1164926375985337e-06,2.142709984344128e-12,2.613944625237626e-12,4.551420613881171e-12,1.5716302138648547e-06,1.3671728383842281e-12,3.883918066459543e-12,1.151426782466237e-06,3.868318371165527e-12,9.362208450851833e-06,0.9999867982145537
rh_chr12_22200448,"{Vv,Vv}",0.9999789509140088,0.9999774474078665,Vv,Vv,chr12,22633344,False,4.430275255244139e-12,5.289064277384308e-12,7.2028777396856075e-12,1.560462065820618e-11,3.441505759971407e-06,3.2840273626972517e-12,5.324163164137878e-12,1.1630902034779513e-11,4.387251827101366e-06,7.550420119033732e-12,2.3791393606163115e-11,3.61317071019243e-06,2.2809308158773103e-11,9.607050776892551e-06,0.9999789509140088
rh_chr12_22346427,"{Vv,Vv}",0.9999776339033255,0.9999760363249917,Vv,Vv,chr12,22780782,False,1.0791885965252553e-10,6.999767224987472e-11,1.5418059290208795e-10,2.2646827344833373e-10,3.2034472439422734e-06,3.368480067091629e-11,5.489399126327494e-11,9.509582389862315e-11,6.048047343865637e-06,1.9066485769999828e-10,3.9882725336046276e-10,3.683799172969836e-06,4.046901073614566e-10,9.429066491487926e-06,0.9999776339033255
rh_chr12_22430141,"{Vv,Vv}",0.9999278444351795,0.9999226904662637,Vv,Vv,chr12,22869246,False,4.4567729250370974e-10,3.1507706427499596e-10,6.053142898238903e-10,7.397153144313827e-10,1.3049503268672582e-05,9.272831078062096e-11,2.2398419659439222e-10,3.139528314938306e-10,9.02255350772702e-06,8.173851688316912e-10,1.384302512955951e-09,1.4644546347149524e-05,1.4051773179663775e-09,3.543261838265487e-05,0.9999278444351795
rh_chr12_22516082,"{Vv,Vv}",0.9997142560451933,0.999693845762707,Vv,Vv,chr12,22954056,False,5.299365632870044e-09,2.8280183022581102e-09,7.255172547607226e-09,9.362708541631587e-09,0.00012874750065366064,7.089365060086395e-10,2.0429885496285448e-09,2.799166740076199e-09,3.3937792756173583e-05,1.0370927188696387e-08,1.875798217711145e-08,5.10764808969746e-05,1.7028262826250385e-08,7.190572697096999e-05,0.9997142560451933
rh_chr12_22586794,"{Vv,Vv}",0.999550456327677,0.9995183460653683,Vv,Vv,chr12,23024811,False,1.2683476979323201e-08,7.580266982413404e-09,2.030928402180533e-08,2.3378313432188668e-08,0.00022190466040593792,1.4784227204255537e-09,5.1393168356608305e-09,6.419171601224923e-09,5.101653167544348e-05,2.4052746336742692e-08,4.618191401387854e-08,7.778294741291993e-05,3.658696899877692e-08,9.865572294672071e-05,0.999550456327677
rh_chr12_23364307,"{Vv,Vv}",0.998608717596456,0.9985093402819171,Vv,Vv,chr12,23803170,False,2.4555335204058877e-07,2.5240960841317653e-08,3.560431364471501e-07,3.298060755361118e-07,0.0010492919060708554,7.676205031711773e-09,2.2308326175391915e-08,2.4567079824153998e-08,1.58712413869331e-05,6.857800507915896e-07,8.974121366634989e-07,0.00015037891305524684,8.467012446342728e-07,0.00017229925446296724,0.998608717596456
rh_chr12_23431894,"{Vv,Vv}",0.9985408195380153,0.9984365923621593,Vv,Vv,chr12,23870626,False,3.248854140855493e-07,3.035696707054393e-08,4.465200453739239e-07,4.2936733802442787e-07,0.001136315271855609,8.418276063915061e-09,3.057472010083369e-08,3.3555054946275684e-08,1.4915486244886622e-05,7.744255175813005e-07,1.0890362208759313e-06,0.0001411792523794111,9.727408185769547e-07,0.00016263057113205214,0.9985408195380153
rh_chr12_23504918,"{Vv,Vv}",0.998477531989435,0.9983687842743947,Vv,Vv,chr12,23943207,False,4.153029522879701e-07,3.8864022943851814e-08,5.473588215120786e-07,5.413071360293342e-07,0.0012269530188852395,1.0761753579803613e-08,4.365995093596823e-08,4.7943476789867045e-08,1.3950656369041265e-05,8.760328960858474e-07,1.309818762251088e-06,0.0001275100080123652,1.1197188933318549e-06,0.00014910355863253708,0.998477531989435
rh_chr12_23572750,"{Vv,Vv}",0.9982555004725859,0.9981308933634849,Vv,Vv,chr12,24010997,False,5.458868245581781e-07,8.070628534648748e-08,8.154333267888893e-07,8.062361520632671e-07,0.0013569366339078273,1.6567008195787273e-08,6.32822312507662e-08,7.229899393014401e-08,3.175547847730564e-05,1.0329296078815375e-06,1.6426434724084294e-06,0.00016597305157166502,1.3701344659444684e-06,0.00018338824508898615,0.9982555004725859
rh_chr12_23628466,"{Vv,Vv}",0.9966041052596932,0.9963615413496714,Vv,Vv,chr12,24064118,False,1.292329322739667e-06,3.4694062011435186e-07,2.2656049203531416e-06,2.183810655396436e-06,0.0017414151932476198,8.162957591930858e-08,1.6517514571579222e-07,1.8883540772821752e-07,0.0002763081801178179,1.8894380309994876e-06,2.8798290373183837e-06,0.0007281517828231826,2.595491712439726e-06,0.0006361304996894642,0.9966041052596932
rh_chr12_23834651,"{Vv,Vv}",0.9887635373456451,0.987960932870334,Vv,Vv,chr12,24267374,False,9.816369247316532e-06,3.7456210656787235e-06,1.755334445391988e-05,1.7355473113320147e-05,0.0036643452361397382,2.365375737492173e-06,2.8003191866690413e-06,3.1803177858595583e-06,0.0015280931329176288,2.0063798852584883e-05,2.8649040631257114e-05,0.003207958318783401,2.9464478453767946e-05,0.0027010718279862254,0.9887635373456451
rh_chr12_23915621,"{Vv,Vv}",0.985882555597153,0.9848741667112354,Vv,Vv,chr12,24348430,False,1.3675275861750202e-05,6.113608672257415e-06,2.4843077767419765e-05,2.3267375235427873e-05,0.004399947067210087,3.7203561493062728e-06,4.957724132728416e-06,5.597350601686266e-06,0.0020098945364279723,2.40521801064589e-05,3.4389585439629675e-05,0.0041152313544121,3.212301166480242e-05,0.0034196318991653036,0.985882555597153
rh_chr12_23999415,"{Vv,Vv}",0.9831963257785605,0.981996063334172,Vv,Vv,chr12,24432272,False,1.789769369710187e-05,9.223974157590425e-06,3.2948838050500195e-05,2.9393840814442974e-05,0.005087235748346319,5.67873486203843e-06,7.825328694896424e-06,8.726088038865332e-06,0.002555088207470268,2.842294270505239e-05,4.03807762069684e-05,0.004938785785177166,3.4544361837806306e-05,0.004007521901380425,0.9831963257785605
rh_chr12_24104070,"{Vv,Vv}",0.9764815273019439,0.9748016363949399,Vv,Vv,chr12,24529050,False,2.4918738693806655e-05,1.5475908911451626e-05,4.59526487466602e-05,3.9287451946277066e-05,0.007093172355389501,9.319456964350689e-06,1.3810101851828754e-05,1.496564682943197e-05,0.0033504933097068456,3.6342602773065116e-05,5.048896528566719e-05,0.007219174185675425,3.90471541359921e-05,0.005566024171145733,0.9764815273019439
rh_chr13_54877,"{Vv,Vv}",0.9854512089629082,0.9844120096031159,Vv,Vv,chr13,72630,False,2.077729356292722e-05,2.8191166794160076e-05,2.819653486706044e-05,3.0838310475758084e-05,0.003913339977007506,1.6048809178706655e-05,2.5812099749436907e-05,2.8481950936874546e-05,0.0031841184504357006,1.599001336419288e-05,2.8512101647512084e-05,0.003177570691642467,2.1310424836388434e-05,0.0040296032125931875,0.9854512089629082
rh_chr13_305162,"{Vv,Vv}",0.9975832965431094,0.9974106748676173,Vv,Vv,chr13,313575,False,6.822077463703299e-07,6.657974032305387e-07,6.91653048835754e-07,7.664935069825521e-07,0.0009512177226795165,3.738302484113581e-07,5.007724836110991e-07,6.047181844580982e-07,0.0001975332045943005,3.540440325438143e-07,6.562653640748248e-07,0.00019076559928758383,5.087963420203632e-07,0.001071382351968606,0.9975832965431094
rh_chr13_393712,"{Vv,Vv}",0.9989643025709741,0.9988903241831866,Vv,Vv,chr13,402090,False,3.7569090456159586e-07,3.3494237268804834e-07,3.350761463384465e-07,3.7586892446887806e-07,0.00047159669343583275,1.813057624200694e-07,2.3182126729029115e-07,2.825202695730507e-07,7.738379140627291e-05,1.6063704306385843e-07,2.9983950187747675e-07,7.437715195317413e-05,2.3604996633229537e-07,0.00040952604007199,0.9989643025709741
rh_chr13_507206,"{Vv,Vv}",0.9992213305169326,0.9991657112681421,Vv,Vv,chr13,514340,True,2.3770420596698888e-07,2.1185427202889647e-07,2.0601399066424776e-07,2.349481198167014e-07,0.0003738588915071781,9.942101421856253e-08,1.3878455754226784e-07,1.714749665058969e-07,6.404387645565298e-05,8.586552071771045e-08,1.818001478797017e-07,5.807196089936291e-05,1.305963919589118e-07,0.0002809962910178269,0.9992213305169326
rh_chr13_688776,"{Vv,Vv}",0.9997078640549909,0.999686997201776,Vv,Vv,chr13,695852,False,7.26674475721823e-08,4.2051854490513165e-08,3.0502760127376935e-08,3.875518616648076e-08,0.00019856269403194403,1.4463437709623686e-08,1.8698465713378794e-08,2.4554231571172663e-08,2.3948692599862667e-05,1.3497499061660745e-08,2.901757566118681e-08,1.3164629997785146e-05,2.6325028341947417e-08,5.614939489309981e-05,0.9997078640549909
rh_chr13_851910,"{Vv,Vv}",0.9998524342672028,0.9998418938577173,Vv,Vv,chr13,859008,False,2.490215806812725e-08,7.594219282453332e-09,7.214853739144123e-09,1.3185564113497827e-08,0.00010213204402849379,2.2586986926673057e-09,3.860284561982631e-09,5.329890908099622e-09,7.982530617884223e-06,3.915813294249702e-09,7.74449947537376e-09,7.299783551272859e-06,8.999030617326927e-09,3.0066369586744248e-05,0.9998524342672028
rh_chr13_965334,"{Vv,Vv}",0.9999321439713943,0.9999272971122082,Vv,Vv,chr13,972230,False,1.0482798572118665e-08,3.0678829068261604e-09,4.554204430733771e-09,7.664890430990437e-09,3.260984118467856e-05,8.435790849595396e-10,1.8371076640517858e-09,2.6813035966450937e-09,3.529625378437326e-06,2.1957477777360654e-09,4.660522731282555e-09,9.577764348741853e-06,5.7532808182534554e-09,2.209505637584722e-05,0.9999321439713943
rh_chr13_1211616,"{Vv,Vv}",0.9997199899192578,0.9996999891992048,Vv,Vv,chr13,1203820,True,3.788293626948399e-09,1.3752160652253824e-09,3.8735512563036925e-09,5.018904641203363e-09,4.003283572358907e-05,3.569269492275613e-10,9.825346455445913e-10,1.4653804995777192e-09,1.815873225812229e-05,1.280141710151953e-09,3.5742293157951356e-09,0.00010392919385638819,4.092214474968678e-09,0.00011786351151088812,0.9997199899192578
rh_chr13_1298235,"{Vv,Vv}",0.9996760992168152,0.9996529634465877,Vv,Vv,chr13,1290012,False,2.168693374673635e-09,9.00203058358332e-10,3.300237220119099e-09,3.761412781054681e-09,3.394181508253822e-05,1.8804748090453496e-10,3.4743161977196635e-10,7.227455589878788e-10,1.4681349587410429e-05,3.0918943663581936e-10,2.8624316936343755e-09,0.000130390116853655,2.9556630846058593e-09,0.00014486998560582712,0.9996760992168152
rh_chr13_1426203,"{Vv,Vv}",0.9998276506932742,0.999815340028508,Vv,Vv,chr13,1417934,False,7.468194183211671e-10,3.451599987772426e-10,1.1907281684861052e-09,1.8683762519867374e-09,2.1155042705693447e-05,5.689430400963955e-11,2.921242570150242e-10,5.070613527507782e-10,5.728913877427868e-06,1.7474609643277897e-10,1.4712406812106976e-09,3.337345103024888e-05,1.7243170160653341e-09,0.0001120835216449927,0.9998276506932742
rh_chr13_1635674,"{Vv,Vv}",0.9999179844118503,0.9999121261555539,Vv,Vv,chr13,1626894,False,5.6382299846588654e-11,8.653198349537874e-11,9.761071942330434e-11,5.015627490120488e-10,4.380414179525546e-05,2.1725419758206872e-11,5.6547051938497925e-11,2.581748877796829e-10,3.4969313886645463e-06,2.5986151427220572e-11,3.2120838260586873e-10,3.6069516216315385e-06,5.36277683663689e-10,3.110560133684796e-05,0.9999179844118503
rh_chr13_1759677,"{Vv,Vv}",0.9999110651156426,0.9999047126239028,Vv,Vv,chr13,1749942,False,1.1162480962875661e-10,2.660302583171342e-10,1.1507162485221075e-10,8.668889016322222e-10,3.5601884254487334e-05,4.161736659950787e-11,5.329790440611252e-11,2.7197848009321093e-10,7.646396317117254e-06,2.2056090084382634e-11,2.5073756182096537e-10,1.9663428045945714e-06,4.810395575223991e-10,4.371778063857352e-05,0.9999110651156426
rh_chr13_1994792,"{Vv,Vv}",0.999600083428461,0.9995715179590653,Vv,Vv,chr13,1985034,True,9.544958057341993e-10,2.6983309418962476e-09,7.361951635523771e-10,5.737664669192951e-09,6.45252323799824e-05,6.063314639265358e-10,5.065871373719518e-10,1.8109081440038146e-09,6.645392541204685e-05,2.225414626125172e-10,1.4667172532973934e-09,1.8983960704933555e-05,2.7867534833969896e-09,0.00024993592651650096,0.999600083428461
rh_chr13_2110146,"{Vv,Vv}",0.9994993781831324,0.9994636194819275,Vv,Vv,chr13,2100616,False,7.577045772974456e-10,3.853446444694796e-09,5.998785091796548e-10,7.274904538773478e-09,6.552650837268987e-05,2.466570123026826e-10,3.316227544197284e-10,9.424344281594637e-10,8.21974555674983e-05,1.7748063964061714e-10,7.465867644965915e-10,1.396176426957911e-05,1.513367715457393e-09,0.00033891964457447975,0.9994993781831324
rh_chr13_2230274,"{Vv,Vv}",0.9994789352978323,0.9994417163905346,Vv,Vv,chr13,2221936,False,5.977446808041832e-10,2.187954089143428e-09,5.701714898158087e-10,3.283555185968354e-09,6.360775484990127e-05,4.4241833382155454e-10,5.462731621081022e-10,1.1866400180722203e-09,6.508540240557096e-05,1.7284302272865096e-10,7.590103118712586e-10,1.7281714424889066e-05,2.250451371375039e-09,0.0003750778334256366,0.9994789352978323
rh_chr13_2381644,"{Vv,Vv}",0.9991520735819047,0.9990915074091836,Vv,Vv,chr13,2372892,False,2.598473722282913e-10,5.89363494385676e-10,3.4391697151666086e-10,1.3415404315717405e-09,0.00015089383082082363,1.7339745550370295e-10,3.075969286535775e-10,8.550874562857888e-10,0.00013844249037428736,1.4388846161900923e-10,8.665470275898175e-10,8.401710379564752e-05,1.054975503632709e-09,0.0004745670569434794,0.9991520735819047
rh_chr13_2530757,"{Vv,Vv}",0.9993822998726822,0.9993381784350167,Vv,Vv,chr13,2515750,False,2.478627692117757e-10,4.977738621918216e-10,3.390950032117614e-10,1.374420576436189e-09,0.00011408032887846234,1.6294481107284106e-10,2.6437959686647166e-10,1.0017167759007816e-09,8.820250554085223e-05,9.449439386112499e-11,9.442201040965513e-10,5.154338082984214e-05,9.615639143246073e-10,0.00036386802359679096,0.9993822998726822
rh_chr13_2595348,"{Vv,Vv}",0.9994252007949682,0.9993841437088945,Vv,Vv,chr13,2581684,True,6.33560189162253e-10,1.3103999053202385e-09,9.091463555147747e-10,3.693846362353779e-09,0.00010943693727254,4.055406766035552e-10,6.784197481091477e-10,2.686480935150795e-09,7.756789922922073e-05,2.2760670996377702e-10,2.5647245812176607e-09,4.447099855539615e-05,2.3864933366778926e-09,0.0003433078737558308,0.9994252007949682
rh_chr13_2714257,"{Vv,Vv}",0.9995308701624618,0.999497360888352,Vv,Vv,chr13,2700657,False,6.899126322255524e-10,1.5066753342055782e-09,9.312699559118718e-10,5.070402170091992e-09,9.396237419040532e-05,4.0226530479174955e-10,5.700795676407508e-10,3.1593497034713037e-09,5.1262439416424205e-05,2.3134542982257598e-10,3.3478289364952414e-09,2.4529447307619488e-05,2.8217039531764975e-09,0.00029935684579069895,0.9995308701624618
rh_chr13_2882630,"{Vv,Vv}",0.9995613817071766,0.9995300518291178,Vv,Vv,chr13,2868548,False,1.0224970212566475e-09,1.345063564991139e-09,1.2599297921747818e-09,1.1578331568233802e-08,0.00010458847455032172,2.2984326247738699e-10,6.775072602697151e-10,2.0834596598782794e-09,2.184391233726648e-05,2.885393315319151e-10,7.893479945254061e-09,3.691911163517993e-05,5.186645549817996e-09,0.00027523522900374693,0.9995613817071766
rh_chr13_2994658,"{Vv,Vv}",0.9996077319238476,0.9995797127755509,Vv,Vv,chr13,2983020,False,1.3116155752032212e-09,1.3661209269841566e-09,1.7678328915080439e-09,1.041826803641535e-08,0.00010212754288445825,1.436747099854334e-10,6.973476644796244e-10,2.6346364331595354e-09,1.701125258549726e-05,3.5853507783028027e-10,6.9310314238900575e-09,3.4094126089367065e-05,4.995042006655919e-09,0.00023900453048837018,0.9996077319238476
rh_chr13_3148270,"{Vv,Vv}",0.999811062622796,0.9997975670958528,Vv,Vv,chr13,3134955,False,1.9247367202236912e-10,1.2103747345716712e-10,1.9925516460599608e-10,1.1304358416359618e-09,6.620588347692705e-05,1.1397015667142435e-11,6.534617330620265e-11,3.1436579010299167e-10,1.6025632237869654e-06,5.0781020748503276e-11,7.08721304673168e-10,6.540044048641508e-06,7.230500859076101e-10,0.0001145853695911802,0.999811062622796
rh_chr13_3257266,"{Vv,Vv}",0.9997972342667485,0.9997827510000876,Vv,Vv,chr13,3243969,False,6.052695186940877e-11,4.678538422030167e-11,1.1090109450114688e-10,2.5271933468436077e-10,6.711621670827621e-05,8.972991104758352e-12,4.704300142763526e-11,1.1723004801202464e-10,2.227949005608926e-06,3.766410478023055e-11,2.1876030389939359e-10,1.16997541142135e-05,1.5434571050057417e-10,0.00012172075847450721,0.9997972342667485
rh_chr13_3335044,"{Vv,Vv}",0.9997719045831429,0.9997556120533674,Vv,Vv,chr13,3321622,False,1.9727424623643778e-10,2.1480639030069962e-10,2.960800309495437e-10,4.2562757912595054e-10,4.3255231323035385e-05,1.939475441423271e-11,7.801900580646989e-11,2.3240762796359736e-10,7.945851955786317e-06,2.6592059634065565e-11,1.947323761256009e-10,4.4297786437924765e-05,1.3413660510218763e-10,0.0001325947280697043,0.9997719045831429
rh_chr13_3469326,"{Vv,Vv}",0.9998429718513784,0.9998317555550482,Vv,Vv,chr13,3456375,False,2.3683170423280766e-10,2.660762046481772e-10,4.68979325022951e-10,9.08658729921798e-10,3.411256222912921e-05,5.0789357523290667e-11,2.389207187133314e-10,5.698962005511733e-10,9.384739462513505e-06,1.6255500688596462e-10,8.522664659257722e-10,2.9601427382161938e-05,5.02030486638546e-10,8.392516254364579e-05,0.9998429718513784
rh_chr13_3578143,"{Vv,Vv}",0.9999400198726719,0.9999357355778627,Vv,Vv,chr13,3565640,False,1.1254417599111864e-10,9.697679108508907e-11,1.17677311968403e-10,3.666969599859402e-10,2.2168045631634107e-05,3.680669429921819e-11,7.691249655285979e-11,1.8041060672056298e-10,3.5866173881040344e-06,3.531199480542686e-11,1.675081729776744e-10,4.280808780691597e-06,1.4742446339951724e-10,2.9943317258073763e-05,0.9999400198726719
rh_chr13_3640676,"{Vv,Vv}",0.9999399154249269,0.9999356236695646,Vv,Vv,chr13,3628278,False,2.591228582481549e-10,2.0090262467411357e-10,1.8216773970860473e-10,5.827546625816183e-10,1.9757530233434498e-05,7.509387329080049e-11,9.504583673411572e-11,2.879026279971712e-10,1.0966920621831e-05,3.758176004403285e-11,2.236026249824395e-10,5.703040661822399e-06,1.922729739734711e-10,2.3654947108440673e-05,0.9999399154249269
rh_chr13_3748786,"{Vv,Vv}",0.9999645827965785,0.9999620529963341,Vv,Vv,chr13,3736448,False,2.6290862587136467e-10,1.9318891007818194e-10,1.8076492581504055e-10,4.163776437406821e-10,8.90294394150892e-06,1.5305052695688298e-10,7.715556053600694e-11,2.0344651178707767e-10,1.788643409782001e-05,3.287544513199048e-11,1.6579049923125185e-10,2.2876291571797494e-06,1.220310525455036e-10,6.338388635268739e-06,0.9999645827965785
rh_chr13_3813814,"{Vv,Vv}",0.9999344656147137,0.9999297845871932,Vv,Vv,chr13,3801346,True,4.505339541154994e-10,5.149635237616522e-10,3.416682239804783e-10,5.971208991466783e-10,2.145893031545688e-05,2.925834687025363e-10,2.9341166198910077e-10,4.4181351617327214e-10,2.4469587658483394e-05,8.35932864189094e-11,2.8200788031609715e-10,8.18646086220713e-06,1.8099100178417223e-10,1.141592776273224e-05,0.9999344656147137
rh_chr13_4021260,"{Vv,Vv}",0.9999090587433856,0.9999025629393418,Vv,Vv,chr13,4004684,False,1.6144388351544296e-09,1.5148565426215421e-09,1.2188312996409664e-09,1.4038238968410994e-09,4.368657868705419e-05,6.527163745282616e-10,1.0154714198671884e-09,1.1444883122494304e-09,2.7891651220125542e-05,3.770354898106392e-10,8.440638371910292e-10,9.340924299746164e-06,4.473387145253113e-10,1.001186934276701e-05,0.9999090587433856
rh_chr13_5238141,"{Vv,Vv}",0.9990924697415674,0.9990276461516794,Vv,Vv,chr13,5219004,False,3.59240028179625e-07,2.3018512711299328e-08,7.725712557113182e-08,6.031155849736512e-08,0.00046872544293922964,1.4056527974122147e-08,1.2552907446797302e-08,1.20975262638658e-08,0.00014462220327741068,1.9832418213497393e-08,2.1784283107378687e-08,0.00016154514519419748,1.4860078487217064e-08,0.0001320224560553592,0.9990924697415674
rh_chr13_5314918,"{Vv,Vv}",0.9991653728119884,0.9991057565842733,Vv,Vv,chr13,5295609,False,3.608168003944432e-07,2.1615816538301357e-08,7.70148534547525e-08,6.217736467478312e-08,0.00044503371136764194,1.1760021076302014e-08,1.1060690685560033e-08,1.048950022646437e-08,0.00013614305771954643,1.7174971433155756e-08,2.1402554565681398e-08,0.0001383099500445034,1.318697493061525e-08,0.00011453376933199344,0.9991653728119884
rh_chr13_5493926,"{Vv,Vv}",0.9994691972156758,0.9994312827310813,Vv,Vv,chr13,5473681,False,2.083472683683515e-07,1.519988464493043e-08,2.4168628032264732e-08,1.7893426844119564e-08,0.00032336245989280184,6.246333433798662e-09,4.369662476037959e-09,4.009024231529795e-09,0.00010431476204717388,6.280137030802378e-09,7.549729329926428e-09,5.6688281422946616e-05,4.40341667590003e-09,4.613881345011039e-05,0.9994691972156758
rh_chr13_5625117,"{Vv,Vv}",0.9996732015391959,0.9996498587919956,Vv,Vv,chr13,5604934,False,1.0268030319790253e-07,7.784009057811719e-09,1.4909172469743697e-08,9.417739448681046e-09,0.00018010498091478386,3.786995460562341e-09,2.272948286492856e-09,2.024597787025608e-09,8.192159890180222e-05,3.258549003281636e-09,3.8139311053382025e-09,3.66291261867197e-05,2.117567056315006e-09,2.79906889879973e-05,0.9996732015391959
rh_chr13_5766649,"{Vv,Vv}",0.9998054156372678,0.9997915167542155,Vv,Vv,chr13,5745709,False,4.45829988734504e-08,2.9454840618351824e-09,8.566951764500278e-09,3.3598074702138236e-09,0.00011100773235710014,9.33062554881619e-10,1.009900361770896e-09,8.834290199725923e-10,3.616706891699091e-05,1.475981228073358e-09,1.5129101386173594e-09,2.8686391318889865e-05,9.108669798439593e-10,1.8656988746772834e-05,0.9998054156372678
rh_chr13_5863106,"{Vv,Vv}",0.9999366492439999,0.99993212419,Vv,Vv,chr13,5842062,False,1.107636687852153e-08,6.355283048896111e-10,3.0228957294604567e-09,1.4632405800324272e-09,3.43883296941686e-05,1.6451817926722768e-10,2.3261698278795097e-10,2.8827410787330157e-10,6.28591583542133e-06,4.0642383509077837e-10,8.232757957930714e-10,1.0891427213296484e-05,4.840125505189345e-10,1.1766486104257594e-05,0.9999366492439999
rh_chr13_5949531,"{Vv,Vv}",0.9999174235853058,0.9999115252699705,Vv,Vv,chr13,5928524,False,5.428856328583525e-09,3.7316238269239936e-10,2.268827811151416e-09,1.1372111663543715e-09,2.8819781019410613e-05,8.828713537073056e-11,9.976310337297268e-11,1.4614661238062624e-10,4.488145221190249e-06,1.318747017528878e-10,7.852744629896339e-10,1.8376001796655786e-05,3.946423509540281e-10,3.088163261092519e-05,0.9999174235853058
rh_chr13_6033227,"{Vv,Vv}",0.999893477649786,0.999885868910485,Vv,Vv,chr13,6013381,False,3.6549246358357234e-09,3.49111200513879e-10,1.452555523754131e-09,1.1204897699938168e-09,3.213479579615656e-05,6.473691113010788e-11,1.3229394685734505e-10,1.765967391238111e-10,8.662559686278408e-06,1.138155883916006e-10,5.931656780006618e-10,1.7592268819205628e-05,2.899915209519655e-10,4.812477823082452e-05,0.999893477649786
rh_chr13_6119963,"{Vv,Vv}",0.9998746100039276,0.9998656535756367,Vv,Vv,chr13,6099842,False,1.8304813483939623e-09,2.981437435536783e-10,8.874439002039381e-10,9.895373179953012e-10,2.8149239854008326e-05,4.08030812255112e-11,1.2424071295731975e-10,1.0913749507404235e-10,1.0723904116937876e-05,7.348659095131878e-11,3.107474738040202e-10,1.6560367741930343e-05,7.159380372083495e-11,6.995174874409722e-05,0.9998746100039276
rh_chr13_6402644,"{Vv,Vv}",0.9999844012095576,0.9999832870102402,Vv,Vv,chr13,6383008,False,1.0474890066550286e-10,5.30979293152288e-11,5.867163886136901e-11,9.457100658581353e-11,6.3779658943237545e-06,1.7348328400272044e-11,2.609995664517506e-11,5.213532183129314e-11,2.982573055968342e-06,1.100771921753281e-11,4.305852197013516e-11,1.9425341425555897e-06,2.4536901500301428e-11,4.2952320734292405e-06,0.9999844012095576
rh_chr13_6540716,"{Vv,Vv}",0.9999635517849311,0.9999609483409977,Vv,Vv,chr13,6522139,False,8.962481178268463e-11,7.638498196313029e-11,6.466032652733713e-11,8.454012126891432e-11,2.055642356910618e-05,3.235550649104784e-11,3.857394249460666e-11,5.3200506938836756e-11,1.0274843976029092e-05,1.741859214595279e-11,3.758549838513464e-11,2.541029734493646e-06,2.4725520259598522e-11,3.0753987193850103e-06,0.9999635517849311
rh_chr13_6660218,"{Vv,Vv}",0.9999146568156821,0.9999085608739452,Vv,Vv,chr13,6642154,True,3.8069159821318095e-10,4.799795167087733e-10,3.831728471166462e-10,4.0052969555634384e-10,3.4949910361883635e-05,1.779456452229049e-10,2.497842316062649e-10,2.706152656866919e-10,2.0864242591370537e-05,1.1342988762290045e-10,1.896742989441999e-10,1.4460224591165232e-05,1.203443589261975e-10,1.5066040606094231e-05,0.9999146568156821
rh_chr13_6867117,"{Vv,Vv}",0.9999155498698106,0.9999095177176542,Vv,Vv,chr13,6847592,False,4.4511604520334376e-10,4.97810765832506e-10,4.247852182493898e-10,4.1917306305473855e-10,3.8553592722564425e-05,1.5837729206083935e-10,2.336341572243819e-10,2.7077880779787734e-10,1.783492188443035e-05,1.1967711053312834e-10,2.1224981072594368e-10,1.3662295686096297e-05,1.1086797788126345e-10,1.4396427426160774e-05,0.9999155498698106
rh_chr13_6988041,"{Vv,Vv}",0.9999467268120167,0.9999429215843036,Vv,Vv,chr13,6968312,False,2.483046708532876e-10,1.2934720946548801e-10,2.0455057871471576e-10,1.3737975343946353e-10,3.4667819089579405e-05,3.917645013893337e-11,6.647795812404447e-11,7.541342958647276e-11,3.973747593282733e-06,4.349266207316546e-11,6.828493206248041e-11,8.526440273960965e-06,3.2844239634557465e-11,6.104135754659973e-06,0.9999467268120167
rh_chr13_7054877,"{Vv,Vv}",0.999958506900225,0.999955543107384,Vv,Vv,chr13,7034582,False,9.636069627477846e-11,8.106105831761813e-11,1.0310140246231726e-10,7.484598360628796e-11,2.9964871141441816e-05,2.6030834258914168e-11,4.514474192617157e-11,4.4487251594583094e-11,1.4087218897343217e-06,2.3015230968771077e-11,4.039368238795082e-11,5.437521141861667e-06,1.5819918946418793e-11,4.681435341064204e-06,0.999958506900225
rh_chr13_7182717,"{Vv,Vv}",0.9999564750164597,0.9999533660890639,Vv,Vv,chr13,7162404,False,3.5331192240023227e-10,4.739529704133638e-10,4.852563499766277e-10,4.3844447758350867e-10,2.4075137278447662e-05,1.0252273251745835e-10,2.0228006024402873e-10,1.839300932428732e-10,7.508900231932641e-06,1.1149158170506798e-10,2.0890166601051462e-10,6.350984516170208e-06,9.017636904803927e-11,5.587311245550303e-06,0.9999564750164597
rh_chr13_7620093,"{Vv,Vv}",0.9997786191566717,0.999762806239291,Vv,Vv,chr13,7763458,False,2.063944865075577e-09,2.585309432581892e-09,2.227016479372921e-09,1.6147659434923668e-09,7.167077436861988e-05,1.7067233866504927e-09,2.5992983132594093e-09,1.7469849159386432e-09,7.911422852441201e-05,1.3004415064892282e-09,1.3039712811852488e-09,4.228565675665333e-05,7.14397307042011e-10,2.8292320825186675e-05,0.9997786191566717
rh_chr13_7734187,"{Vv,Vv}",0.9997437505739704,0.9997254470435397,Vv,Vv,chr13,7877082,True,2.398720408652906e-09,3.602800537683765e-09,3.42396127235204e-09,2.388697124901836e-09,7.852190914938935e-05,1.73495287398174e-09,3.976947832170321e-09,2.569385309063635e-09,7.123300284778727e-05,1.7588793358224562e-09,2.185366151836294e-09,6.88992137248132e-05,8.691963442335581e-10,3.757039140050616e-05,0.9997437505739704
rh_chr13_7923799,"{Vv,Vv}",0.9997837525528319,0.9997683063066056,Vv,Vv,chr13,8128782,False,1.811413074149537e-09,1.5029361687812222e-09,2.6155085822957356e-09,1.3563590993905676e-09,6.443130575522568e-05,6.350804454530762e-10,2.740485802841844e-09,1.291628290401529e-09,2.4483431505712383e-05,1.7205486033980807e-09,2.2478560047420053e-09,9.873358449737631e-05,6.534887392536716e-10,2.8582550104942706e-05,0.9997837525528319
rh_chr13_8083875,"{Vv,Vv}",0.999683274612823,0.9996606513708818,Vv,Vv,chr13,8288752,False,1.3802349462046071e-09,1.1069372949158637e-09,1.2566404122695932e-09,1.1218582922169583e-09,4.8538826576861334e-05,2.722556286796685e-10,5.473107606679986e-10,5.555786591180324e-10,1.969850836345829e-05,3.20769558819993e-10,1.2816685790946771e-09,0.0002030590689120937,3.89115519243493e-10,4.542075095484169e-05,0.999683274612823
rh_chr13_8192631,"{Vv,Vv}",0.9997295774374415,0.9997102615401159,Vv,Vv,chr13,8396085,False,1.404091276539243e-09,1.1654776875671001e-09,2.849820757567397e-09,1.482444892646238e-09,5.7305781676202107e-05,1.8663662982002511e-10,1.0900952764517751e-09,5.556052531552801e-10,2.297517092035236e-05,9.299107561887611e-10,2.0143569823023533e-09,0.00014119138220926387,4.3511221577164133e-10,4.8938114200934155e-05,0.9997295774374415
rh_chr13_8308812,"{Vv,Vv}",0.9997656699630921,0.999748932103313,Vv,Vv,chr13,8505146,False,1.1724667048679544e-09,1.2523519355442267e-09,3.031389657191765e-09,1.6516275396389642e-09,5.746449012192956e-05,2.5415354771236025e-10,1.6693292477182095e-09,8.5054883686231e-10,2.716995747911435e-05,1.4292791481909614e-09,2.7999875646784432e-09,9.469891521700507e-05,6.029607497579138e-10,5.498195999489045e-05,0.9997656699630921
rh_chr13_8471812,"{Vv,Vv}",0.9997973267962348,0.999782850138823,Vv,Vv,chr13,8668129,False,5.242089490263442e-10,6.786383076689056e-10,3.04111334509991e-09,1.0633540795636685e-09,4.779369216446864e-05,1.3874945137761484e-10,1.806735810034203e-09,6.690846562894151e-10,2.1802406177315478e-05,1.5403235265636247e-09,3.274560711051514e-09,7.28268002145657e-05,5.173952101079946e-10,6.0237051044802614e-05,0.9997973267962348
rh_chr13_8681863,"{Vv,Vv}",0.9998761510309189,0.9998673046759845,Vv,Vv,chr13,8876222,False,3.562764999275861e-10,5.585620106169667e-10,1.1302075388655701e-09,8.346413799224084e-10,3.6432993000370705e-05,1.1318501343662755e-10,6.106539666841005e-10,7.145738035687291e-10,7.6291343676133435e-06,4.581173856686599e-10,1.2252805981555786e-09,1.0159137904126605e-05,5.501053364926665e-10,6.962115220546271e-05,0.9998761510309189
rh_chr13_8898279,"{Vv,Vv}",0.9998661256651856,0.9998565632126989,Vv,Vv,chr13,9096459,False,1.4571812032583808e-09,1.6899713987018316e-09,2.0607875701270793e-09,3.764809149820371e-09,4.480507713902257e-05,4.2487707816863753e-10,9.47183614590266e-10,2.409140879736967e-09,9.8506553329366e-06,6.342115416212279e-10,2.7493772722532167e-09,9.413814500847942e-06,2.412082571574895e-09,6.978623821930298e-05,0.9998661256651856
rh_chr13_9125164,"{Vv,Vv}",0.9992398292121429,0.9991855312987246,Vv,Vv,chr13,9323070,False,1.8084375951838592e-08,2.0132641983946337e-08,2.0384980171391314e-08,3.27155107503001e-08,0.0002886837586917353,7.915080070784306e-09,1.2176791242565515e-08,2.3337721019957123e-08,6.000750087050019e-05,8.176704523479938e-09,2.3584312861936077e-08,6.297859209910525e-05,2.3458099600764506e-08,0.00034831096997756957,0.9992398292121429
rh_chr13_12896153,"{Vv,Vv}",0.9885261389247924,0.9877065774194204,Vv,Vv,chr13,12511746,True,3.6234450323831628e-06,5.0416042486133945e-06,5.058527635788183e-06,5.695120709535884e-06,0.002642802285109246,3.802332500299411e-06,5.065183947346641e-06,5.800534872672147e-06,0.002721763619134376,3.846832064468335e-06,5.853891260034138e-06,0.002745323135116856,5.21944769178803e-06,0.0033149651158843724,0.9885261389247924
RH9D82CC1093424FDZ0Z,"{Vv,Vv}",0.9894471846474674,0.9886934121222865,Vv,Vv,chr13,13001374,True,2.918329600227093e-06,5.150989976441861e-06,5.165948029057246e-06,5.786741809277348e-06,0.00236255989881608,3.1058552101324532e-06,5.229530235648845e-06,5.996670510503556e-06,0.002488359460901427,3.1468600016574394e-06,6.0636589772088375e-06,0.0025154742186512175,4.491592283934243e-06,0.0031393655975297825,0.9894471846474674
rh_chr13_13390889,"{Vv,Vv}",0.9953513473002404,0.995019300678829,Vv,Vv,chr13,14329304,False,5.40503990239989e-07,1.0971239548895005e-06,1.0821966471596403e-06,1.1668880373264676e-06,0.0007519331481437316,5.910043465642108e-07,1.216938510654265e-06,1.6251520106337095e-06,0.001007319296143218,6.00108456012695e-07,1.719564568977883e-06,0.0010448311527693353,1.495930085711562e-06,0.001833433692095108,0.9953513473002404
rh_chr13_13501864,"{Vv,Vv}",0.995751032521086,0.9954475348440207,Vv,Vv,chr13,14434120,True,4.6911096639357747e-07,1.0245290959838322e-06,1.0117004288716721e-06,1.1117437602298204e-06,0.000701770297705883,5.148699750975037e-07,1.1374191859584505e-06,1.5209188432228742e-06,0.0009273475246936277,5.211131663744764e-07,1.6040014008226693e-06,0.0009560190475483668,1.2806556323806446e-06,0.0016536345465108903,0.995751032521086
rh_chr13_13607473,"{Vv,Vv}",0.9961824350087001,0.9959097517950358,Vv,Vv,chr13,14539353,True,4.023197249291534e-07,9.538586764139947e-07,9.428620606562526e-07,1.053213514968759e-06,0.0006435593406946213,4.427058333705559e-07,1.0595878315010177e-06,1.4177293782082344e-06,0.0008393974977111872,4.4653130860768377e-07,1.4909268988003146e-06,0.0008592350120686778,1.0819409716163298e-06,0.0014660814646263618,0.9961824350087001
rh_chr13_14338425,"{Vv,Vv}",0.9998487218181527,0.999837916233735,Vv,Vv,chr13,15240130,False,1.1206317817877851e-08,1.492284909522871e-08,6.800624192225137e-09,9.976378970503629e-09,5.187619811295417e-05,4.638280529417082e-09,6.78580114012782e-09,9.936234208982328e-09,5.366146503034279e-05,2.3359604882459447e-09,7.77254227808001e-09,1.548889418533433e-05,5.423988369852239e-09,3.017182554157233e-05,0.9998487218181527
rh_chr13_14382284,"{Vv,Vv}",0.9998555762965659,0.9998452603177491,Vv,Vv,chr13,15284013,False,1.0507689460299317e-08,1.4216415174329743e-08,5.929689516852993e-09,9.012885446360225e-09,5.707232801145976e-05,4.12232219926728e-09,6.275116054041472e-09,9.178987784759007e-09,4.976173410901645e-05,2.1204014651664073e-09,7.283814057728717e-09,1.2454295401533575e-05,4.745858921328785e-09,2.506195273199838e-05,0.9998555762965659
rh_chr13_15056202,"{Vv,Vv}",0.9999065359669066,0.9998998599645428,Vv,Vv,chr13,15955158,False,1.664618634553405e-09,1.4587727409557486e-09,1.1034214691412625e-09,1.2101922896231524e-09,4.501616031246867e-05,6.726131571864529e-10,9.060745404702634e-10,1.0188445472031257e-09,1.7633827322806378e-05,5.02054076332427e-10,8.2812668150303e-10,1.594157087345119e-05,6.119386594621992e-10,1.4862497927908885e-05,0.9999065359669066
rh_chr13_15266603,"{Vv,Vv}",0.9998593321472355,0.9998492844434667,Vv,Vv,chr13,16164081,False,1.0130256317941706e-09,5.755751129275837e-10,5.01003797795445e-10,5.210346404537526e-10,5.836084521636884e-05,1.8558495745728295e-10,3.2670510890079834e-10,3.450420889574541e-10,2.8426335163545526e-05,1.537271701254961e-10,3.064713739396725e-10,2.6998002230265497e-05,1.7221858300347306e-10,2.6878569765734897e-05,0.9998593321472355
rh_chr13_15347566,"{Vv,Vv}",0.9998277299336011,0.9998154249288583,Vv,Vv,chr13,16245006,False,2.471833357194767e-09,1.6158340208592245e-09,1.5274401977937833e-09,1.5504692156159082e-09,7.037430442793164e-05,4.21093575518558e-10,1.0102652214340825e-09,1.029615010560459e-09,3.49112432527692e-05,3.7847599237340425e-10,9.778848051470729e-10,3.334310172103732e-05,4.017609748427056e-10,3.363003232474036e-05,0.9998277299336011
rh_chr13_15736455,"{Vv,Vv}",0.9999194422935219,0.9999136881716306,Vv,Vv,chr13,16633930,False,8.602633649786697e-10,3.6640983607465715e-10,3.1892667630090253e-10,3.898773206925352e-10,5.917702330647513e-05,1.198118686434917e-10,1.875218640825809e-10,2.375783132662344e-10,7.888509580810301e-06,7.456708790854186e-11,2.0122317238650461e-10,5.616565777326806e-06,1.385512641884636e-10,7.872713082735955e-06,0.9999194422935219
rh_chr13_15853306,"{Vv,Vv}",0.9999332357134211,0.9999284668358083,Vv,Vv,chr13,16750292,False,2.344645810912571e-10,1.8048148942436333e-10,1.38135539980852e-10,2.3875036364290577e-10,5.097944443528925e-05,6.011159288530034e-11,7.749002545537751e-11,1.2992882502985623e-10,6.672523783030992e-06,3.075008379538944e-11,1.0309465095580707e-10,2.2886664094076687e-06,9.220116226123988e-11,6.822366542946315e-06,0.9999332357134211
rh_chr13_16075743,"{Vv,Vv}",0.9997865713881235,0.9997713264872752,Vv,Vv,chr13,16972150,False,3.1631299711566276e-10,5.03322393941778e-10,3.8702462372756156e-10,5.543068427438214e-10,5.905426099810451e-05,2.6870537102937576e-10,2.2505362961798264e-10,3.5322279266498984e-10,4.3448137417566666e-05,1.3576753284033365e-10,2.3184999583575158e-10,1.7625595633066718e-05,2.528969098917442e-10,9.329738936473425e-05,0.9997865713881235
rh_chr13_16250951,"{Vv,Vv}",0.9998159436755568,0.9998027967952394,Vv,Vv,chr13,17146390,False,9.488426567357222e-10,1.7249398939525487e-09,1.62151908513274e-09,2.6993844169266858e-09,3.933268452138062e-05,9.887461685021647e-10,1.0418773751016906e-09,2.2311336358049556e-09,5.855891479857835e-05,5.542552114763389e-10,2.1002862682333537e-09,2.197318929329711e-05,1.5469695369748784e-09,6.417607787563478e-05,0.9998159436755568
rh_chr13_16320948,"{Vv,Vv}",0.9997453781708082,0.9997271908972946,Vv,Vv,chr13,17215032,True,1.2701865430222742e-09,2.7897390730370405e-09,2.355597400129849e-09,3.6898050673717625e-09,5.324592314554935e-05,1.4815564839718231e-09,2.0876687070254837e-09,3.5487276645792656e-09,7.260389433367078e-05,8.593107708918265e-10,2.997010229036389e-09,4.4888586331289335e-05,2.0621755191334757e-09,8.386028360373867e-05,0.9997453781708082
rh_chr13_16754260,"{Vv,Vv}",0.999578512101635,0.9995484058231803,Vv,Vv,chr13,17650905,False,8.633053778750979e-10,1.652117340475857e-09,1.4795317176068914e-09,1.6161115773658732e-09,7.086794475504093e-05,9.263886862061742e-10,1.7276394894943553e-09,2.123438810835865e-09,9.1337924521098e-05,8.846914947081977e-10,1.341316472463194e-09,0.00012032337743300334,9.182110770135401e-10,0.00013894511890381645,0.999578512101635
rh_chr13_16925901,"{Vv,Vv}",0.9995046953063712,0.9994693163996834,Vv,Vv,chr13,17821680,False,5.26893713971443e-10,2.0610270058716454e-09,1.37479723092558e-09,1.0783174932366531e-09,6.850773357018344e-05,1.439431199949034e-09,3.670281312061747e-09,4.277831399007359e-09,9.88728442088449e-05,1.064530712698958e-09,1.3515034238701013e-09,0.00015779095364381498,5.281670493273878e-10,0.00017011578942545782,0.9995046953063712
rh_chr13_17048700,"{Vv,Vv}",0.9995163571028781,0.9994818111816551,Vv,Vv,chr13,17946862,False,5.44480531103418e-10,1.8837753453463204e-09,2.3361078709875452e-09,1.887881577883977e-09,6.91132183239893e-05,9.542974140190706e-10,3.623616209200154e-09,3.346484767996368e-09,9.189667164140569e-05,2.3426673937791573e-09,3.2029795968571842e-09,0.00017194940860885938,9.975275249050905e-10,0.0001506624787293283,0.9995163571028781
rh_chr13_17540391,"{Vv,Vv}",0.9995009811939967,0.9994653369935679,Vv,Vv,chr13,18427574,False,3.6271710235402867e-09,6.680782154244034e-09,1.193427347125704e-08,1.1472472732972748e-08,6.154404522164902e-05,2.2786721025475796e-09,8.758087554117805e-09,7.670605041565642e-09,6.710535039713838e-05,2.1382467551375808e-08,1.5542147777935313e-08,0.00026336071553968395,7.224613476664274e-09,0.00010691212355201731,0.9995009811939967
rh_chr13_17682842,"{Vv,Vv}",0.9995959860035174,0.9995671278609115,Vv,Vv,chr13,18569740,False,3.598600220750229e-09,6.696487479295116e-09,1.0840993300297769e-08,1.2651977536899808e-08,3.4188223370989754e-05,2.1247858591667154e-09,7.387494827753567e-09,8.258330428829027e-09,3.354202246681552e-05,2.572525106770156e-08,1.630705867698615e-08,0.0002679465368539062,8.307422492013214e-09,6.82353153889182e-05,0.9995959860035174
rh_chr13_18218422,"{Vv,Vv}",0.9996130129352138,0.9995853710020147,Vv,Vv,chr13,19105346,False,7.200151373168617e-09,4.989072226748908e-09,2.7906224413343694e-08,1.9201247060431738e-08,3.7903301901030514e-05,1.620477142751669e-09,7.869340199224937e-09,4.946009418541409e-09,1.66358432376728e-05,3.202384818006559e-08,5.190449178748342e-08,0.00020984574481418264,1.9910349127164944e-08,0.0001224246036224499,0.9996130129352138
RHDE6B50FCEA3148BZ0Z,"{Vv,Vv}",0.999175588608075,0.9991167020800803,Vv,Vv,chr13,19260252,True,1.9253498960260894e-08,1.216311917241433e-08,7.336093933572175e-08,5.5594211585954575e-08,0.00016949148558756348,3.964217612246874e-09,1.8388593699628316e-08,1.2572712453857158e-08,6.308933570529628e-05,6.843769720188418e-08,1.4335179437677144e-07,0.00033382161505971674,5.82204494565921e-08,0.0002575436483386003,0.999175588608075
rh_chr13_18487980,"{Vv,Vv}",0.9988921189165941,0.9988129845534938,Vv,Vv,chr13,19375110,False,3.315512633492042e-08,2.294804027619629e-08,1.2719358049277948e-07,1.0509670602139578e-07,0.00025690269899743604,6.385935508336374e-09,2.8825113883807923e-08,2.113913308935837e-08,8.690542465052664e-05,1.0173148838754618e-07,2.462055487796305e-07,0.0004156555359653047,9.800628255952912e-08,0.0003476267368372843,0.9988921189165941
rh_chr13_18789364,"{Vv,Vv}",0.9985044382475919,0.9983976124081342,Vv,Vv,chr13,19511224,True,5.99610777193954e-08,5.513897355782591e-08,2.2099642539082525e-07,1.9405848571884787e-07,0.0003706105371941001,1.1634192820683382e-08,6.209916934780634e-08,4.8661094323194604e-08,0.00016795661904837466,1.5181133274739672e-07,4.087519577975226e-07,0.0005088335926983953,1.6052491519305085e-07,0.0004467873658425762,0.9985044382475919
RH1EEE5FD6B14049AZ0Z,"{Vv,Vv}",0.998470686433241,0.998361449749901,Vv,Vv,chr13,19523966,True,6.249755543724621e-08,5.898511109443316e-08,2.3124147051797974e-07,2.0396452693622108e-07,0.00038062231329553936,1.211200189345899e-08,6.5688187622954e-08,5.1686827587289843e-08,0.0001748958037430253,1.565011800791949e-07,4.263718845164977e-07,0.0005169239968335414,1.6654846556124354e-07,0.0004554358556756759,0.998470686433241
rh_chr13_19058179,"{Vv,Vv}",0.997887036686868,0.9977361107359299,Vv,Vv,chr13,19777788,False,1.3056263964830201e-07,1.4649470096077056e-07,4.5782584276228023e-07,4.2739518124348705e-07,0.0005580766072869198,2.4915968365677672e-08,1.3745922503011383e-07,1.1195318478253142e-07,0.0002904028572600901,2.7212789814892204e-07,8.23472648456134e-07,0.0006560190946129657,3.254847641685745e-07,0.0006056070619184002,0.997887036686868
RHFC479A4A7083461Z0Z,"{Vv,Vv}",0.9978389890495664,0.9976846311245354,Vv,Vv,chr13,19791960,True,1.3435443819728026e-07,1.557551118718499e-07,4.778953376698385e-07,4.4914376887779673e-07,0.0005675295610535509,2.7192229110840488e-08,1.4944951963092936e-07,1.2435254018589758e-07,0.00030103020050552737,2.8581706344376404e-07,8.84937381418838e-07,0.0006686498125344227,3.5187683247685816e-07,0.0006207606021173046,0.9978389890495664
rh_chr13_19736524,"{Vv,Vv}",0.9958973716230878,0.9956043267390227,Vv,Vv,chr13,20679903,False,3.948894316259401e-07,7.444521748414633e-07,1.913247400806749e-06,2.1066647068489042e-06,0.0008897802805472828,2.554111060839522e-07,9.714162276722628e-07,1.0492078800992749e-06,0.0006941320704221854,1.838092022298525e-06,6.836877672444299e-06,0.0011933891710264497,4.148740305325705e-06,0.0013050678559883338,0.9958973716230878
rh_chr13_20797965,"{Vv,Vv}",0.9999317825700202,0.9999269098964503,Vv,Vv,chr13,22335515,False,1.170450979407879e-09,2.237313081349248e-09,3.3206441806173235e-09,3.6067467573925483e-09,1.757025457851543e-05,8.4421862758711e-10,2.533859793866916e-09,2.7390146291458254e-09,1.393743969401473e-05,1.9421404839718886e-09,6.111761705436089e-09,1.781797969746772e-05,3.2776464904237456e-09,1.8863972212987865e-05,0.9999317825700202
rh_chr13_20576036,"{Vv,Vv}",0.9999842333330654,0.9999831071425701,Vv,Vv,chr13,22554710,False,1.1808117612117144e-10,2.516806512588317e-10,3.444402507291846e-10,3.7828694568505344e-10,7.171650677796407e-06,9.262927931110799e-11,2.762117560572022e-10,2.94549150434189e-10,2.711974644753099e-06,1.8214557063845196e-10,5.62550897218602e-10,2.7740450096152205e-06,2.820519522836289e-10,3.1062139747775107e-06,0.9999842333330654
rh_chr13_22005655,"{Vv,Vv}",0.9999918335355661,0.999991250216678,Vv,Vv,chr13,22928922,False,1.5535603591035857e-11,2.4104338351642478e-11,2.6351718123321606e-11,2.5364682499664445e-11,2.0858708721101207e-06,1.3506534967553527e-11,2.2804810075098748e-11,2.239322712262379e-11,1.8749358495785571e-06,1.5596535481686493e-11,2.5391340161650334e-11,2.310668293399959e-06,1.5303620321466914e-11,1.8947830664185751e-06,0.9999918335355661
rh_chr13_22173380,"{Vv,Vv}",0.999984420578402,0.9999833077625736,Vv,Vv,chr13,23095926,False,1.0273402416571782e-11,1.7309152332123386e-11,2.4825021953640787e-11,1.764151388650304e-11,3.986190066660054e-06,9.450397123592165e-12,1.8945284921908142e-11,1.6577634387437867e-11,3.653987851261226e-06,1.3270989284327382e-11,1.9616852400145217e-11,4.245283323255697e-06,9.393082210745333e-12,3.6938030534901945e-06,0.999984420578402
rh_chr13_22226946,"{Vv,Vv}",0.9999968694427049,0.9999966458314696,Vv,Vv,chr13,23149514,False,1.8020739025769173e-12,3.300249145260349e-12,1.3498752472664287e-11,3.5442859946477906e-12,9.133715096409386e-07,2.0682300007638835e-12,5.3114974133218026e-12,3.185031079978283e-12,5.405399754277292e-07,4.852069472636624e-12,5.831453173136002e-12,1.1013169112168095e-06,1.6374531313832062e-12,5.752838676715223e-07,0.9999968694427049
rh_chr13_22281023,"{Vv,Vv}",0.9999957053774703,0.9999953986187182,Vv,Vv,chr13,23203604,False,1.8094531084716025e-12,3.409605261978286e-12,2.599933536984487e-11,3.998206900908357e-12,4.79650077644701e-07,2.422425616837882e-12,5.454255331824478e-12,2.9179263667291735e-12,6.121083927092593e-07,5.352376236072878e-12,6.6382263480922885e-12,2.6525132756153355e-06,1.498567655503612e-12,5.502912833270967e-07,0.9999957053774703
rh_chr13_22372308,"{Vv,Vv}",0.9999471245879196,0.9999433477727709,Vv,Vv,chr13,23295041,False,1.9168734815888398e-11,3.176408990875675e-11,3.471989158852283e-10,4.245958294250611e-11,3.0735077546630776e-06,3.266588678285229e-11,3.0934080579971224e-11,2.7645839973943422e-11,6.630652051293693e-06,2.178904007390956e-11,5.180079280855957e-11,3.854399079660489e-05,1.58810908527731e-11,4.626640169855066e-06,0.9999471245879196
rh_chr13_22435936,"{Vv,Vv}",0.9999726531265212,0.9999706997784156,Vv,Vv,chr13,23358362,False,3.3675003440960806e-11,6.977116613974854e-11,5.034968716028734e-10,8.372181282338607e-11,1.8379546153873624e-06,6.281198369147848e-11,2.858934402066183e-10,7.677316493637826e-11,8.724680260996353e-06,1.6298216648096377e-10,2.781959763546149e-10,1.4305425628322466e-05,3.529131526987494e-11,2.477220361272048e-06,0.9999726531265212
rh_chr13_22768514,"{Vv,Vv}",0.9998646777058068,0.9998550118276501,Vv,Vv,chr13,23687979,False,3.1638139898111607e-09,5.5032774511286256e-09,6.007028936036874e-09,4.794086663116114e-09,3.130164923593659e-05,3.722946512390517e-09,6.4618966554289e-09,5.390754529971199e-09,3.9542737510277474e-05,3.5765990918899304e-09,5.78120127371803e-09,3.448548588184712e-05,2.9612687862305456e-09,2.994505869125783e-05,0.9998646777058068
rh_chr13_22851098,"{Vv,Vv}",0.9996772861457768,0.9996542351561895,Vv,Vv,chr13,23770384,True,5.424270781375372e-09,1.109128182957242e-08,1.1176413413602689e-08,9.810364192990286e-09,7.964840070361773e-05,6.309488253765777e-09,1.202643237184585e-08,1.0808695723027441e-08,8.886919320815736e-05,5.714676611319494e-09,1.085114207638515e-08,7.860128982604549e-05,5.045983165585425e-09,7.550671173698217e-05,0.9996772861457768
rh_chr13_24359445,"{Vv,Vv}",0.9993897010017131,0.9993461082161211,Vv,Vv,chr13,25282448,False,1.9368716024786704e-08,3.8759100933766986e-08,2.053491265772354e-08,2.4525025675455337e-08,0.00018060594245058713,2.6296752208193688e-08,2.080476561526263e-08,2.6676336209492193e-08,0.00020954075486528468,1.1057858647707379e-08,1.9164589524098577e-08,9.768222932827432e-05,1.1829354184246223e-08,0.00012225105423108252,0.9993897010017131
rh_chr13_24703210,"{Vv,Vv}",0.9999337297379346,0.9999289961477871,Vv,Vv,chr13,25642440,False,8.698480717256824e-10,1.4438694576951882e-09,1.1396134018626854e-09,1.1499743321178946e-09,2.5724207395349565e-05,6.947850342180809e-10,9.296350063911314e-10,9.959996304491546e-10,1.2198960955583601e-05,5.538283039509799e-10,8.761613323871423e-10,1.5661947990774715e-05,4.680876492020969e-10,1.2676023921392516e-05,0.9999337297379346
rh_chr13_24958287,"{Vv,Vv}",0.999932740866264,0.9999279366424257,Vv,Vv,chr13,25902820,False,1.937648053331367e-10,2.403850135752914e-10,2.8656406629389975e-10,2.547764627772678e-10,2.5734352831410442e-05,1.2086349504076725e-10,1.9247292236823731e-10,1.7204603879307998e-10,4.592341930518141e-06,2.792286336227136e-10,2.9101949969789233e-10,2.306481720094712e-05,1.3890845694511788e-10,1.3865451743753396e-05,0.999932740866264
rh_chr13_25013004,"{Vv,Vv}",0.9999238675994443,0.9999184295708332,Vv,Vv,chr13,25957474,False,2.6706432387881343e-10,3.4070064114753063e-10,4.961036825870094e-10,4.1725768210417984e-10,2.62670112207178e-05,1.315938737344652e-10,2.9702768091814273e-10,2.372974135095417e-10,9.465032983785613e-06,4.763148413682362e-10,5.41610035286063e-10,2.394883652171834e-05,2.0232276876353638e-10,1.644811253652085e-05,0.9999238675994443
rh_chr13_25145371,"{Vv,Vv}",0.9999339340858957,0.9999292150920311,Vv,Vv,chr13,26091016,False,3.438192819945307e-10,3.9647145927883516e-10,7.200604498275029e-10,5.900417673958594e-10,1.9649036406815338e-05,1.6958604995314142e-10,3.8726331074695425e-10,3.056238216832457e-10,1.3415376358204688e-05,1.002572068996785e-09,1.04768294886846e-09,1.8182807731576435e-05,3.4684967030274756e-10,1.481338363680874e-05,0.9999339340858957
rh_chr13_25280719,"{Vv,Vv}",0.9997788347898152,0.999763037274802,Vv,Vv,chr13,26217027,False,1.4477694281444922e-09,1.570591512876138e-09,2.696722431825856e-09,2.3824489609643368e-09,5.763783596909032e-05,7.422725827229216e-10,1.6898972104291476e-09,1.5014992795396716e-09,3.149722180242646e-05,5.295740354112943e-09,4.735509215963536e-09,6.974620848845158e-05,2.0062074375557024e-09,6.225987526643965e-05,0.9997788347898152
rh_chr13_25721137,"{Vv,Vv}",0.9996029958465639,0.9995746384070328,Vv,Vv,chr13,26470436,False,4.2726929401592285e-09,4.21099485771933e-09,8.54465079247965e-09,7.893861982788363e-09,0.0001033551312061009,2.1348500529705656e-09,4.441604615476946e-09,4.168971647987923e-09,3.6688488003676794e-05,7.296693933014417e-09,9.781259716872433e-09,0.0001336674879615367,4.708674537296607e-09,0.00012323559200968457,0.9996029958465639
RHC7D48407AD094DBZ0Z,"{Vv,Vv}",0.9995224776441874,0.9994883689044866,Vv,Vv,chr13,26536443,True,5.737679580590302e-09,6.82107129759656e-09,1.2521265212906865e-08,1.1695061308055734e-08,0.00012429949983598678,2.7954909402107754e-09,7.610261476954463e-09,7.1536186299806666e-09,6.0105190640161556e-05,8.877911287913255e-09,1.397123102552116e-08,0.00015205429886571057,6.278737072305055e-09,0.00014097990414285678,0.9995224776441874
rh_chr13_25788278,"{Vv,Vv}",0.9995211894357937,0.9994869886812076,Vv,Vv,chr13,26537580,False,5.76158020535047e-09,6.87283875024012e-09,1.2594476776688537e-08,1.1765216045135452e-08,0.0001246356078465413,2.8069535540119397e-09,7.67084432992593e-09,7.210968350864373e-09,6.048370570177474e-05,8.903260140068982e-09,1.4047471496635606e-08,0.00015234640841220158,6.303919063250594e-09,0.0001412609047170734,0.9995211894357937
RHDF272368015248DZ0Z,"{Vv,Vv}",0.9994674336143629,0.999429393158246,Vv,Vv,chr13,26578314,True,7.021925620827609e-09,9.121839903717921e-09,1.592586965676808e-08,1.493143491681686e-08,0.00013950257172237353,3.3793421217787005e-09,1.0201972999853929e-08,9.600353522956945e-09,7.485073602372756e-05,1.0163666324423969e-08,1.7369584998957735e-08,0.00016493644215247614,7.490607947892626e-09,0.00015317142914059135,0.9994674336143629
RH142962A49D76403Z0Z,"{Vv,Vv}",0.9993286894049985,0.9992807386482128,Vv,Vv,chr13,26703762,True,1.1501882613226798e-08,1.7000471445840415e-08,2.6593980440176857e-08,2.5076119696702404e-08,0.00017860672453596783,5.820659420848056e-09,1.864343238831763e-08,1.7586218627062504e-08,0.0001123523411731869,1.4303295673973848e-08,2.7702280352458607e-08,0.00019702494929932558,1.1341443889995588e-08,0.0001831510102083727,0.9993286894049985
RH94EA23F53E50483Z0Z,"{Vv,Vv}",0.9991875673871603,0.9991295364862431,Vv,Vv,chr13,26912955,True,1.865459016393447e-08,3.098293002355381e-08,4.3580636711854676e-08,4.118587095420661e-08,0.00022132542790475262,1.0082424338479693e-08,3.2717902043675994e-08,3.088592944880325e-08,0.00015218875463955808,2.009072459874782e-08,4.334101132406338e-08,0.00022803715646254312,1.6570397317203538e-08,0.00021059318141594053,0.9991875673871603
RH838E041E5F744C3Z0Z,"{Vv,Vv}",0.9991558788159034,0.9990955844456108,Vv,Vv,chr13,27073700,True,2.225916366263678e-08,4.096171496002393e-08,5.486189592531614e-08,5.18379959298768e-08,0.0002350226601408233,1.2099379302275799e-08,4.23425453195631e-08,3.9954810198901205e-08,0.00016349471278637187,2.2367014176654818e-08,5.3278145522813166e-08,0.00023273803695596286,1.848330305271005e-08,0.0002125073282453921,0.9991558788159034
rh_chr13_26962710,"{Vv,Vv}",0.9997109400846625,0.9996902929478527,Vv,Vv,chr13,27723674,False,1.1693799878683487e-08,9.44516478887904e-09,1.541334214509358e-08,1.226789929359975e-08,0.00012035120143878866,2.1864145300815375e-09,7.736219708589278e-09,5.426126138859595e-09,3.753364395080475e-05,6.847249216962825e-09,9.398211765113355e-09,8.151496506491311e-05,3.4603566751480103e-09,4.9576230098783845e-05,0.9997109400846625
rh_chr13_27199006,"{Vv,Vv}",0.999511118277016,0.9994761981539457,Vv,Vv,chr13,27955246,True,1.3428767713121848e-08,8.287155895175525e-09,1.5154869503183403e-08,1.144254048045581e-08,0.00022370397248231894,1.6610248295391795e-09,6.746865994434594e-09,4.287929303280744e-09,5.399919529907401e-05,6.465956340357344e-09,8.068032585788e-09,0.0001392416008759722,2.8033902738940784e-09,7.18586077936128e-05,0.999511118277016
rh_chr13_27413917,"{Vv,Vv}",0.9994491109270224,0.9994097617075239,Vv,Vv,chr13,28160896,False,1.139945207612727e-08,2.884988451872964e-09,9.993133958788712e-09,6.51415295011461e-09,0.0002872919343499687,4.71646458005632e-10,3.203671269586986e-09,1.6045359064048817e-09,3.9324455309399095e-05,3.720644950488649e-09,3.964114664115837e-09,0.00016176071403282608,1.2298037479260539e-09,6.246698314101866e-05,0.9994491109270224
rh_chr13_27586684,"{Vv,Vv}",0.9995171267793105,0.9994826358349755,Vv,Vv,chr13,28333499,False,5.119405349321689e-09,2.456463474024853e-09,1.1160952313831732e-08,5.047011629401839e-09,0.00020309418057237275,2.773895732936492e-10,2.9981257052543155e-09,1.0067354873837925e-09,2.6300874595406814e-05,3.811763476562648e-09,2.7707423935211077e-09,0.00019916361379000965,7.866479682839198e-10,5.427911649435088e-05,0.9995171267793105
rh_chr13_27714695,"{Vv,Vv}",0.9996021149328311,0.9995736945708905,Vv,Vv,chr13,28463818,False,7.281735557906492e-10,3.208668030987871e-10,7.010427288959845e-09,2.8383867193403326e-09,0.00014039484922119059,2.5780684954426854e-11,6.399389640078862e-10,1.558223436872508e-10,3.350000447012345e-06,1.1727290587418532e-09,8.265208465700526e-10,0.00020573036981379024,1.6552321195211173e-10,4.839596351731609e-05,0.9996021149328311
rh_chr13_27796053,"{Vv,Vv}",0.9996008977279024,0.9995723904227526,Vv,Vv,chr13,28545032,False,2.70893406889865e-10,1.263719355882787e-10,2.4560730893733086e-09,8.588743590902858e-10,0.0001119206280582484,7.475263445384467e-12,2.6520703923854184e-10,6.187393530406854e-11,1.0116991901483714e-06,9.295825006136663e-10,6.900837267450188e-10,0.0002361048099616579,1.1246063578195766e-10,5.005935599162881e-05,0.9996008977279024
rh_chr13_27884063,"{Vv,Vv}",0.9995261720627835,0.9994923272101252,Vv,Vv,chr13,28632578,False,5.030640345706611e-10,3.0345682092298685e-10,2.6453377314461163e-09,1.0546803604333542e-09,9.346505689472514e-05,1.0522023216603015e-11,4.563691087733186e-10,1.4682259697385733e-10,3.0536020184074883e-06,2.739307641387571e-09,2.219070110432243e-09,0.000319559947199923,3.8455529964660804e-10,5.773886791779721e-05,0.9995261720627835
rh_chr13_27978882,"{Vv,Vv}",0.9994526941571384,0.9994136008826483,Vv,Vv,chr13,28727370,False,4.1597397647122037e-10,2.357610692146548e-10,1.7211723680696425e-09,8.389986775437368e-10,8.901811036501081e-05,1.1829218032097279e-11,3.205897113530173e-10,1.6613632704003157e-10,2.5027850591411124e-06,2.8792884439877843e-09,2.7935383032764323e-09,0.0003905301431233833,5.452556352605737e-10,6.524487577032257e-05,0.9994526941571384
rh_chr13_28033719,"{Vv,Vv}",0.9994786560714594,0.9994414172194207,Vv,Vv,chr13,28782288,False,5.694826052913688e-10,3.4634247789883737e-10,4.254341639741339e-09,1.2124257560561735e-09,9.333804146759109e-05,2.7444226706477866e-11,1.5730410773770337e-09,3.419850518370577e-10,1.1622999238526644e-06,1.0292405945055248e-08,7.67454648446642e-09,0.0003570640177704945,1.0312131042426323e-09,6.975224615037159e-05,0.9994786560714594
rh_chr13_28096981,"{Vv,Vv}",0.9995661623762925,0.9995351739745991,Vv,Vv,chr13,28840133,False,1.4821569761251384e-09,1.0450591774055625e-09,1.8045507415267435e-08,3.463926712199348e-09,9.599555404197733e-05,8.988213098459875e-11,9.703057585839819e-09,1.4812597756353198e-09,1.4812433451324384e-06,4.520068808709974e-08,3.18643058621499e-08,0.0002738571452345366,3.634167077613803e-09,6.238767107510431e-05,0.9995661623762925
rh_chr13_28631883,"{Vv,Vv}",0.9976903497954129,0.9975253747807996,Vv,Vv,chr13,29377384,False,1.7827316050593402e-07,1.4378337858012035e-07,4.990459804583225e-07,2.223879925356023e-07,0.000794265950388564,8.205439628585865e-08,3.2310974293385086e-07,1.7932948514384845e-07,3.7042691072911504e-05,1.6105142609757774e-06,9.769106339442027e-07,0.0006876110295500425,4.7524054550356376e-07,0.0007860398839987261,0.9976903497954129
rh_chr13_28689372,"{Vv,Vv}",0.9964065578428972,0.9961498834031042,Vv,Vv,chr13,29434999,True,4.489049141779641e-07,4.1704048032610676e-07,1.2393647233985184e-06,6.160161288007888e-07,0.000877484406382273,1.1586020913291277e-07,5.578557224533696e-07,2.8470086868584006e-07,8.992801189859589e-05,2.5850921482317363e-06,1.6847924636990095e-06,0.0009190844411669818,6.787288184650913e-07,0.0016983169411776587,0.9964065578428972
rh_chr13_28775418,"{Vv,Vv}",0.9944811203335809,0.9940869146431225,Vv,Vv,chr13,29522445,False,9.185981725762982e-07,9.313587041783072e-07,2.5763492083345035e-06,1.3347816143375383e-06,0.000996445783060298,2.1631436012260383e-07,1.1055324834734442e-06,6.04460228065677e-07,0.00016242909735661502,4.637137356007842e-06,3.3207493731475003e-06,0.001262541196761059,1.2464570948523714e-06,0.0030805718506459823,0.9944811203335809
rh_chr13_28855433,"{Vv,Vv}",0.9930757840571512,0.9925811972040907,Vv,Vv,chr13,29613538,True,1.9535297569223142e-06,1.9687847093008327e-06,5.506308750287294e-06,3.0602155851318433e-06,0.0012127623300522978,4.851220550058018e-07,2.716748383408109e-06,1.589359350313766e-06,0.00032779233026733137,7.234851536493238e-06,5.699493475756809e-06,0.0014810956750553577,2.1588399667593023e-06,0.003870192353904475,0.9930757840571512
rh_chr13_28928847,"{Vv,Vv}",0.9920633385883724,0.9914964342018275,Vv,Vv,chr13,29680378,False,2.8238288895893596e-06,2.951909352753872e-06,8.021150876613994e-06,4.559469861258644e-06,0.0013658687110037705,7.680673527176677e-07,4.196510165418035e-06,2.5293536818159637e-06,0.0004433570948853033,9.38800423047751e-06,7.739954306994894e-06,0.0016354625009511162,2.92573087368537e-06,0.004446069125196219,0.9920633385883724
rh_chr13_29070085,"{Vv,Vv}",0.9900456500433026,0.9893346250463956,Vv,Vv,chr13,29822464,False,4.00005371654878e-06,4.542608448214149e-06,1.0328143723649018e-05,7.181788276504207e-06,0.001662958610830384,1.3939260909361113e-06,5.980238700796761e-06,4.456979779730881e-06,0.0006663122113726797,1.063888813942045e-05,1.0559453005472228e-05,0.001922682396594164,4.594301582719004e-06,0.005638720356436222,0.9900456500433026
rh_chr14_88562,"{Vv,Vv}",0.9965601186810521,0.9963144128725558,Vv,Vv,chr14,159833,False,1.1324820165832535e-06,2.673055765959889e-06,1.1497136085609971e-06,1.1845787890377248e-06,0.0025664662325623365,6.336241485430491e-07,8.810028897630764e-07,9.429774840108024e-07,0.0004042914541410076,5.453089100637408e-07,8.895394910574283e-07,0.00019898087998773207,5.940435211014374e-07,0.00025951642563215203,0.9965601186810521
rh_chr14_257360,"{Vv,Vv}",0.999562119678919,0.9995308425131274,Vv,Vv,chr14,326588,False,9.441682767088645e-08,1.3976878990887828e-07,7.026678014789095e-08,7.714077132665555e-08,0.00035282314790945844,2.5321167702723407e-08,3.7235823205273025e-08,4.715507838171661e-08,3.085808802893451e-05,3.165625763181179e-08,4.8981974442856744e-08,1.8173293890584964e-05,4.236742602681533e-08,3.541148035566589e-05,0.999562119678919
rh_chr14_360989,"{Vv,Vv}",0.9997665772840961,0.9997499042329602,Vv,Vv,chr14,430052,False,1.5273541540445882e-08,1.4812813297294064e-08,1.362177130518602e-08,9.398258515389873e-09,0.0002015077936275484,2.7845302572422324e-09,4.3332142172559614e-09,4.317372863583887e-09,3.95114370981314e-06,9.344419651766821e-09,7.338447919868462e-09,5.422293902819751e-06,3.8629442920756106e-09,2.2456397349747127e-05,0.9997665772840961
rh_chr14_434513,"{Vv,Vv}",0.9997958832526223,0.9997813034849524,Vv,Vv,chr14,499346,False,1.128125566939618e-08,9.355900663293812e-09,1.1233650474785326e-08,6.904804665691638e-09,0.00016906274582245253,1.6110820991393825e-09,2.4674463206341356e-09,2.7193300319520717e-09,4.779900109831163e-06,7.2676390318072395e-09,5.280986636157533e-09,1.1072980086477521e-05,2.297147164526069e-09,1.9140702116290553e-05,0.9997958832526223
rh_chr14_594524,"{Vv,Vv}",0.9998992477580942,0.9998920511693867,Vv,Vv,chr14,658362,False,3.6908726540664456e-09,1.2713613293790214e-09,1.5444862385091334e-09,1.1252309919404924e-09,9.037711859928795e-05,1.8897893508510852e-10,3.0282699368065817e-10,3.37001127056379e-10,2.079829812727651e-06,8.239111411062524e-10,6.259397241309689e-10,3.1229906713981124e-06,2.8968748653517833e-10,5.162102525669719e-06,0.9998992477580942
rh_chr14_726317,"{Vv,Vv}",0.9999368861737076,0.9999323780432581,Vv,Vv,chr14,789831,False,1.6912515850311265e-09,3.074084509477121e-10,3.774500463181498e-10,2.8034820691289134e-10,5.554085016364203e-05,3.3964529618015414e-11,6.08216005412305e-11,7.490756057254636e-11,2.15733585060099e-06,1.2770840657589285e-10,1.2464973847169992e-10,2.544098722263502e-06,7.145779615790958e-11,2.8683915879916876e-06,0.9999368861737076
rh_chr14_836379,"{Vv,Vv}",0.9999892976116466,0.9999885331553356,Vv,Vv,chr14,899666,False,2.6365641096526956e-10,6.911571421752753e-11,7.751738792846922e-11,1.1987398975862674e-10,7.354915248236882e-06,6.377613289081948e-12,1.1214209312285985e-11,2.1445582923523828e-11,7.529812994644771e-07,1.812876577611892e-11,3.0452289181780234e-11,8.034234950118118e-07,3.2860858834289656e-11,1.7904176678533354e-06,0.9999892976116466
rh_chr14_994202,"{Vv,Vv}",0.9999504410520592,0.9999469011272063,Vv,Vv,chr14,1057652,True,1.6901868919410094e-10,9.591141194636931e-11,1.008555647674198e-10,2.722079980117502e-10,1.0809016785727635e-05,3.229810214544911e-11,5.2385269395138604e-11,1.374379202319498e-10,6.573318776679441e-06,4.04975505364929e-11,1.4378250084718868e-10,6.708351074793126e-06,2.8721535172788386e-10,2.5466929693272033e-05,0.9999504410520592
rh_chr14_1101250,"{Vv,Vv}",0.999959909379217,0.9999570457634468,Vv,Vv,chr14,1164704,False,1.093119026558526e-10,4.06398379891087e-11,4.55510595644293e-11,2.628782963236614e-10,4.1949538526281795e-06,1.6073639287328216e-11,2.959381274174484e-11,1.4024765824256615e-10,1.5371243197663466e-06,2.6494800849760532e-11,1.473606023753871e-10,1.7301982456316518e-06,3.8164414132470067e-10,3.26271445692202e-05,0.999959909379217
rh_chr14_1159858,"{Vv,Vv}",0.9999051321013208,0.9998983558228437,Vv,Vv,chr14,1223340,False,1.626317329030358e-10,6.130550818292214e-11,6.955366924072783e-11,4.028845842209534e-10,6.410865587397627e-06,2.572049991840019e-11,4.761199773674496e-11,2.06961363508454e-10,3.337671104917475e-06,4.537785481304973e-11,2.1943394580778122e-10,3.953335957387366e-06,7.097538334673651e-10,8.116407479439474e-05,0.9999051321013208
rh_chr14_1242694,"{Vv,Vv}",0.9997535849761214,0.9997359839029872,Vv,Vv,chr14,1305628,False,6.446127253816664e-10,2.42990611337742e-10,2.7764426219700126e-10,1.6462388725226815e-09,2.166366491000634e-05,1.2910776624142344e-10,2.2230913415862383e-10,1.1467400153937267e-09,1.798591358342619e-05,2.4865027317945105e-10,1.210771553017013e-09,2.1559593551817805e-05,2.127285415386597e-09,0.0001851979554827329,0.9997535849761214
rh_chr14_1309053,"{Vv,Vv}",0.9996438163781545,0.9996183746908798,Vv,Vv,chr14,1372168,False,1.2549422500530722e-09,4.944610624744956e-10,5.703994969407946e-10,3.1569954220198808e-09,3.0718918755951383e-05,2.2395852168581755e-10,4.861821296176688e-10,2.2551403726255245e-09,2.6547970863929078e-05,4.813185097858245e-10,2.3927412534650337e-09,3.252434474254671e-05,3.324827609549286e-09,0.00026637774651648116,0.9996438163781545
rh_chr14_1509565,"{Vv,Vv}",0.9993913928598496,0.9993479209212675,Vv,Vv,chr14,1571776,False,4.988028727949772e-10,4.760637181707632e-10,6.250415036414153e-10,3.356261757886921e-09,3.293876930041383e-05,2.4958098050070933e-10,7.070706599563376e-10,2.9542961953375167e-09,3.467255970508945e-05,1.250690405167718e-09,3.3561784494130854e-09,4.7925564179439914e-05,4.154136766908264e-09,0.0004930526188421746,0.9993913928598496
rh_chr14_1593532,"{Vv,Vv}",0.999318018839932,0.9992693058999271,Vv,Vv,chr14,1656561,False,1.5310433783892343e-10,1.5894660660536099e-10,2.438437960605476e-10,7.422156055216994e-10,2.5908666582719723e-05,5.81019865386733e-11,2.355532156106497e-10,6.791673102825866e-10,2.9890251403464155e-05,3.7101653571827903e-10,7.791102064132806e-10,4.396137591323461e-05,1.2352923434862003e-09,0.0005822162098166432,0.999318018839932
rh_chr14_1714481,"{Vv,Vv}",0.9993346447450456,0.9992871193696917,Vv,Vv,chr14,1776758,False,7.408419512430851e-11,9.151488362796825e-11,1.2471823785983291e-10,5.738493442578632e-10,2.0923132120298906e-05,2.3659939697419287e-11,9.240135063946848e-11,4.6218385170558933e-10,1.4624341619151185e-05,8.1467871249156e-11,5.114935128801147e-10,4.656943184612494e-05,6.948280649335168e-10,0.000583235619167516,0.9993346447450456
rh_chr14_1806350,"{Vv,Vv}",0.9992907321727461,0.9992400701850851,Vv,Vv,chr14,1868594,False,1.725664876858725e-10,2.6153952924398224e-10,2.920633571448302e-10,9.151430987533347e-10,1.9558014336351447e-05,6.977304730794735e-11,1.8721571365142725e-10,6.848835055424257e-10,6.2481256296738436e-06,8.51728042416213e-11,7.65754815964742e-10,5.6181068398630045e-05,8.578354719436141e-10,0.0006272763269414462,0.9992907321727461
rh_chr14_2055250,"{Vv,Vv}",0.999210205214525,0.9991537913012768,Vv,Vv,chr14,2117444,False,7.816890814629144e-10,1.0015416773066727e-09,2.2394708153115505e-09,5.7975534360131145e-09,0.00010590343000743104,5.017766112760722e-10,1.6220728892046334e-09,4.454536257062157e-09,1.2163192365926179e-05,1.0152957447067996e-09,5.255912495817302e-09,2.5458967379901498e-05,4.835372461825432e-09,0.0006462416905003327,0.999210205214525
rh_chr14_2673527,"{Vv,Vv}",0.9991869420572372,0.9991288664898971,Vv,Vv,chr14,2727208,False,1.2378563463360391e-08,1.5426612790191936e-08,1.8119290544896363e-08,4.1940452922112084e-08,0.0001900081200271824,7.401841592848973e-09,8.418565916098935e-09,3.600627399797424e-08,0.00012205624673171568,4.953498325344343e-09,2.9727591363769736e-08,9.409236435816806e-05,2.504873095369636e-08,0.0004067017902237757,0.9991869420572372
rh_chr14_2736359,"{Vv,Vv}",0.9992389934407317,0.9991846358293555,Vv,Vv,chr14,2789794,True,1.1544537323847291e-08,1.600398053818285e-08,1.925505007973309e-08,4.027682239277257e-08,0.00018494611973068106,6.911304595871631e-09,8.632792409133803e-09,3.4836629096687574e-08,0.000119492218762755,4.419061721856695e-09,2.8335028721905823e-08,8.72554829879486e-05,2.2294121434058986e-08,0.00036912022845857174,0.9992389934407317
rh_chr14_3027635,"{Vv,Vv}",0.9996143094086921,0.9995867600807415,Vv,Vv,chr14,3080666,False,4.132827787771579e-09,7.851159594334946e-09,1.5415622296678096e-08,1.0152918959454294e-08,0.00012800190894761537,2.6144251652228754e-09,1.4607984954980518e-09,1.0145569020273726e-08,7.38363468883148e-05,9.308745262712455e-10,4.717548851187873e-09,2.1580059655199133e-05,3.855013718390455e-09,0.00016221099905840925,0.9996143094086921
rh_chr14_3099967,"{Vv,Vv}",0.9996517807377773,0.9996269079333328,Vv,Vv,chr14,3152912,False,4.30363045056927e-09,6.835794889760981e-09,1.927161279000638e-08,1.0278936067271759e-08,0.00012801054445283808,1.9359225588707135e-09,1.5479302871277128e-09,7.665020485968862e-09,5.738492288402035e-05,7.750839451853899e-10,4.359610004700792e-09,2.3988940014315778e-05,3.3002716149118503e-09,0.000138774581058455,0.9996517807377773
rh_chr14_3183108,"{Vv,Vv}",0.9997114731411446,0.9996908640797978,Vv,Vv,chr14,3236113,False,4.189149229062089e-09,5.20890310274675e-09,2.4241668785856813e-08,9.594912930246742e-09,0.00012390096176311463,1.2753053005792485e-09,1.376679069058874e-09,4.784941683440702e-09,3.430108922237092e-05,5.925290555501281e-10,3.567743343965607e-09,2.254805908060332e-05,2.4190964297820632e-09,0.00010771949786038806,0.9997114731411446
rh_chr14_3303300,"{Vv,Vv}",0.9997589581729805,0.999741740899622,Vv,Vv,chr14,3356364,False,3.477599782700898e-09,5.472937494134759e-09,4.015547293385603e-08,8.46598903667958e-09,0.00011179796193902256,7.434962486745329e-10,1.3600138029284377e-09,3.381121628834355e-09,2.8448396632331877e-05,5.258617225568534e-10,3.284431933272611e-09,2.7369746097363773e-05,1.5275105390497671e-09,7.335732791558284e-05,0.9997589581729805
rh_chr14_3479410,"{Vv,Vv}",0.9999781058779834,0.999976542012125,Vv,Vv,chr14,3531902,False,2.7283568334737014e-10,4.2934321274080053e-10,2.3883137290548182e-09,6.686188679857519e-10,8.947347393965402e-06,6.475203085781546e-11,1.3399332010996536e-10,2.9407674649473213e-10,2.880997273876287e-06,5.4337995891117566e-11,2.9341550436182653e-10,2.8880326000481604e-06,1.518966198374257e-10,7.1729931650626595e-06,0.9999781058779834
rh_chr14_3580604,"{Vv,Vv}",0.9999857454540785,0.999984727272227,Vv,Vv,chr14,3617194,False,1.7367294997759518e-10,3.010856221385909e-10,1.4074974085136964e-09,4.515347137933088e-10,4.399517376331733e-06,4.823144277545733e-11,1.098474867963866e-10,2.1440416312760423e-10,2.2754071224706188e-06,4.231799040333659e-11,2.1424491913182863e-10,2.4498986271516094e-06,1.0121438647321799e-10,5.126658744477974e-06,0.9999857454540785
rh_chr14_4228742,"{Vv,Vv}",0.9999675613237006,0.9999652442753935,Vv,Vv,chr14,4258863,False,2.0827725100510502e-10,3.154639260931015e-10,2.6820277882164187e-10,2.6778632459474445e-10,1.0008991243261712e-05,2.3808564645150623e-10,2.642704206803273e-10,2.7693820921022115e-10,1.0650966322538038e-05,1.5260590062444037e-10,2.390779537314974e-10,5.485468333644541e-06,1.608822133399359e-10,6.290858809310073e-06,0.9999675613237006
rh_chr14_4331688,"{Vv,Vv}",0.9999649479133624,0.9999624441928884,Vv,Vv,chr14,4361608,False,2.230953569572457e-10,4.440958211547257e-10,3.586268524064582e-10,3.6165215408071993e-10,9.542381257535694e-06,2.641831168972118e-10,3.6440077078622346e-10,3.7736473767058303e-10,1.1469516764892904e-05,1.5255088326526615e-10,3.025983069475183e-10,6.6222334985652565e-06,1.5885575179952674e-10,7.414947692856124e-06,0.9999649479133624
rh_chr14_4725743,"{Vv,Vv}",0.9999589095505136,0.9999559745184075,Vv,Vv,chr14,4757872,False,1.8318488771624452e-10,1.6438791523770814e-10,1.518032572741881e-10,1.2297542954200212e-10,9.8145659702609e-06,2.4858563360275945e-10,1.441984246752645e-10,1.2050284694475855e-10,2.2882326300489282e-05,8.681747595492427e-11,1.1412708035273899e-10,4.114540268219458e-06,5.713200225137566e-11,4.277623232488764e-06,0.9999589095505136
RH9983253BE7ED440Z0Z,"{Vv,Vv}",0.9999569959309305,0.9999539242117113,Vv,Vv,chr14,4764963,True,1.8552560894422098e-10,1.7841981838620106e-10,1.5692609949979434e-10,1.2672371311450718e-10,1.096148751582105e-05,2.455154757106889e-10,1.6193332924425807e-10,1.3239689465329622e-10,2.2679487965499683e-05,8.766722980254626e-11,1.1860825833015659e-10,4.63678081822537e-06,5.7283675245468874e-11,4.724861769863948e-06,0.9999569959309305
RH68F3DFC9E796462Z0Z,"{Vv,Vv}",0.9999509000786064,0.999947392941364,Vv,Vv,chr14,4791804,True,2.006771711631424e-10,2.2301383213429422e-10,1.80847403220703e-10,1.4333231526243125e-10,1.5017795235511196e-05,2.3136761436874944e-10,2.2635762995167445e-10,1.732243259613188e-10,2.1625333141452298e-05,9.449486385843099e-11,1.3988466483766419e-10,6.325573080048451e-06,5.96477695751433e-11,6.129547089037642e-06,0.9999509000786064
RH427C2B15EF3F491Z0Z,"{Vv,Vv}",0.9999463411012124,0.9999425083227276,Vv,Vv,chr14,4820928,True,2.2174930406376988e-10,2.5698450121794364e-10,2.1428602613372632e-10,1.6480902676090625e-10,1.890810960740205e-05,2.1284495905445737e-10,2.9350425489336603e-10,2.1205635217558915e-10,1.996914285271506e-05,1.0535824987314811e-10,1.711571480186343e-10,7.642171976830813e-06,6.340295853451175e-11,7.137558197877345e-06,0.9999463411012124
RH06CF4CF14A87462Z0Z,"{Vv,Vv}",0.9999452891436577,0.9999413812253475,Vv,Vv,chr14,4830718,True,2.286748012579179e-10,2.657032588296163e-10,2.272558205978495e-10,1.727723615215486e-10,2.0096246043567196e-05,2.0648917911156234e-10,3.164424584353807e-10,2.2484632891359729e-10,1.9292741812709056e-05,1.0930644756159592e-10,1.8387984589266889e-10,7.964137235137876e-06,6.46579557512608e-11,7.355731222489866e-06,0.9999452891436577
rh_chr14_4805213,"{Vv,Vv}",0.9999447199624542,0.9999407713883437,Vv,Vv,chr14,4837272,False,2.3331997260177703e-10,2.7062943294639725e-10,2.361939035351571e-10,1.7810455525892489e-10,2.0858061917427517e-05,2.0221820406095804e-10,3.3182518758307866e-10,2.3327347699223657e-10,1.8806264150081012e-05,1.1207527601343658e-10,1.9288175767815874e-10,8.145782652999334e-06,6.551672793202123e-11,7.467872786909681e-06,0.9999447199624542
RHB96FE557440B4E0Z0Z,"{Vv,Vv}",0.9999420297743514,0.999937889043948,Vv,Vv,chr14,4846101,True,2.630637651828775e-10,3.1761337524012396e-10,2.6223329610351945e-10,2.0563759860473525e-10,2.271806823411656e-05,2.178566133624802e-10,3.706596092367583e-10,2.7217047786575674e-10,1.8802429213564766e-05,1.1856817086563254e-10,2.15235274107919e-10,8.52003334961741e-06,7.210032915639369e-11,7.927379712803725e-06,0.9999420297743514
RH6C84387A87E04B9Z0Z,"{Vv,Vv}",0.9999372404705358,0.9999327576470026,Vv,Vv,chr14,4863755,True,3.3042879426474053e-10,4.113834719729138e-10,3.173105607707609e-10,2.645219243582162e-10,2.6291452722087333e-05,2.492501000033007e-10,4.5049475523283836e-10,3.5215012836804925e-10,1.864712680618453e-05,1.3302057711033345e-10,2.637355662508489e-10,9.120127921262122e-06,8.679566436178065e-11,8.697962923088232e-06,0.9999372404705358
rh_chr14_4941220,"{Vv,Vv}",0.9999249732945522,0.9999196142441631,Vv,Vv,chr14,4959128,False,8.616184620500622e-10,8.34298467583757e-10,6.063453839445299e-10,5.925033756700807e-10,4.223675179634338e-05,4.2111891348490395e-10,8.822319400948295e-10,7.864096359146216e-10,1.4400799435928324e-05,2.3996733175313026e-10,5.668485752524718e-10,8.941855608528227e-06,1.9526920638906487e-10,9.441311995659012e-06,0.9999249732945522
rh_chr14_5687927,"{Vv,Vv}",0.9999726169213429,0.999970660987153,Vv,Vv,chr14,5708546,False,2.295458108086643e-10,2.777165064604994e-10,2.621327927022882e-10,2.8117128222954037e-10,8.450383914404667e-06,1.3503440295576743e-10,2.0899508468464941e-10,2.1601286681910084e-10,7.506834264915508e-06,1.2165530478307209e-10,2.0148122716801424e-10,5.466757963800162e-06,1.359198811305216e-10,5.9570328488254425e-06,0.9999726169213429
rh_chr14_5966808,"{Vv,Vv}",0.9999568904831245,0.9999538112319192,Vv,Vv,chr14,5971190,False,2.2618673609383563e-10,1.7066142737889593e-10,1.7899111799873923e-10,2.444409480516716e-10,1.8756443927907924e-05,7.858994019515518e-11,1.4787903281754762e-10,1.5091197963662383e-10,6.85889592472612e-06,7.39227420091978e-11,1.4816949411376034e-10,7.27888218348689e-06,9.057084418585637e-11,1.0213784515117149e-05,0.9999568904831245
rh_chr14_6141335,"{Vv,Vv}",0.9999935891356326,0.9999931312167493,Vv,Vv,chr14,6144616,False,1.8058648946828887e-11,1.2258689480084476e-11,1.3568138233834287e-11,1.6537918448475113e-11,3.832321645633658e-06,3.808050403125342e-12,8.176983023876665e-12,9.53898891957868e-12,7.965817716248106e-07,4.655652026551219e-12,1.0312798841567543e-11,8.161353732473698e-07,6.4795577335421066e-12,9.657221814045796e-07,0.9999935891356326
rh_chr14_6208302,"{Vv,Vv}",0.9999960757766119,0.9999957954749413,Vv,Vv,chr14,6211567,False,1.4385594893667272e-11,9.878198078168167e-12,1.220084405505571e-11,1.458587584627478e-11,1.7220054021851145e-06,2.4301680529778567e-12,5.2618491052424366e-12,6.7341428386059985e-12,5.07413590100595e-07,3.4193092816912763e-12,7.565060649955102e-12,8.093111435015611e-07,5.437017807532452e-12,8.854113543286696e-07,0.9999960757766119
rh_chr14_6365842,"{Vv,Vv}",0.999967150976262,0.9999648046174235,Vv,Vv,chr14,6369694,False,7.725410594626222e-11,3.772974318123515e-11,6.749446445882549e-11,7.322299936234897e-11,1.1611813284977334e-05,1.9162809792254806e-11,3.1806791375993254e-11,4.506580473550823e-11,3.1674281555867017e-06,3.122543219581003e-11,5.562237382732952e-11,6.713602616304172e-06,5.2279919114656007e-11,1.1355688816678459e-05,0.999967150976262
rh_chr14_6495285,"{Vv,Vv}",0.9999636998841405,0.999961107018722,Vv,Vv,chr14,6496347,False,5.6631570941503336e-11,5.614661572298289e-11,6.846351131567106e-11,7.334754189030543e-11,8.780604894928652e-06,2.219685342594182e-11,4.1453568742782736e-11,4.5788518629519054e-11,2.058402858348253e-06,2.778533682644931e-11,5.3498277157377525e-11,5.090943284696765e-06,3.337875521035394e-11,2.036968613094736e-05,0.9999636998841405
rh_chr14_6637137,"{Vv,Vv}",0.9999026681099988,0.9998957158321417,Vv,Vv,chr14,6637773,True,3.0863946516056137e-10,3.8345732253442173e-10,4.062059120307223e-10,5.892519025156723e-10,2.7938441402853175e-05,1.8964717031351615e-10,3.0432330970505934e-10,4.688825113415403e-10,1.920489272049278e-05,1.9199246970263006e-10,4.839141720457632e-10,1.970949540998312e-05,3.113776288290926e-10,3.047542277601802e-05,0.9999026681099988
rh_chr14_6768198,"{Vv,Vv}",0.9998913147801571,0.9998835515501684,Vv,Vv,chr14,6768725,False,4.044906436425846e-10,6.943545450458432e-10,6.815015047101629e-10,8.696617819466508e-10,3.441190253837003e-05,2.692822478136367e-10,5.659810529620431e-10,7.275357751405032e-10,2.3776368010498717e-05,2.4620988458589087e-10,7.243752615888173e-10,2.193482269214742e-05,3.5877609238429257e-10,2.8556584432983368e-05,0.9998913147801571
rh_chr14_6974992,"{Vv,Vv}",0.9999542779412278,0.9999510120798869,Vv,Vv,chr14,6975868,False,1.1492364217265977e-10,2.33860524694525e-10,1.487860029329707e-10,2.457019484558377e-10,2.759013818484707e-05,6.636752020523622e-11,1.0646116300592063e-10,1.570036242535515e-10,8.775506202417965e-06,4.826599776790888e-11,1.539112428238448e-10,3.210215962976198e-06,1.204781463153537e-10,6.144802662046445e-06,0.9999542779412278
rh_chr14_7174167,"{Vv,Vv}",0.9999382418320021,0.999933830534288,Vv,Vv,chr14,7175954,False,2.9096802081034537e-10,2.2844518075253837e-10,2.045952654604691e-10,5.167741647444739e-10,2.893694002154354e-05,9.670967188100178e-11,1.3617595967054302e-10,1.981640726761227e-10,6.684871904045349e-06,7.456852789132621e-11,1.7241861326066276e-10,6.321362824598063e-06,2.5892381917835863e-10,1.9812815504450687e-05,0.9999382418320021
rh_chr14_7296877,"{Vv,Vv}",0.9999120276000735,0.9999057438572215,Vv,Vv,chr14,7298679,True,3.4619356832006576e-10,4.257404312385628e-10,4.1167415845181315e-10,8.441463489930319e-10,2.9682945709609895e-05,1.4830120189176223e-10,2.365424953139013e-10,4.620433124553919e-10,1.4576827668842062e-05,1.3350913338006315e-10,4.2960610184022155e-10,1.5077680374357688e-05,4.534058089617081e-10,2.8631055011150983e-05,0.9999120276000735
rh_chr14_7424804,"{Vv,Vv}",0.9999250206485907,0.9999196649806329,Vv,Vv,chr14,7425764,True,2.3035685354258954e-10,3.6041533327741125e-10,3.46336595044751e-10,8.658624871544293e-10,2.0450463870045158e-05,1.3696205118514767e-10,2.3603007525008615e-10,6.036429187194181e-10,1.2685533705533101e-05,1.1894213575064294e-10,5.488637112161925e-10,1.4085224816471852e-05,5.344957611473825e-10,2.7754147109372304e-05,0.9999250206485907
rh_chr14_7510359,"{Vv,Vv}",0.9999545422231182,0.9999512952390552,Vv,Vv,chr14,7506636,False,1.411891920795427e-10,2.4496772054154265e-10,2.179290482995706e-10,7.876055826258697e-10,9.278400709540232e-06,1.1121796518914086e-10,1.7012585951518494e-10,6.239140245944351e-10,6.153053195306804e-06,7.901085527460785e-11,5.390591724417764e-10,8.126602633753837e-06,5.302419584678277e-10,2.1896275081803173e-05,0.9999545422231182
rh_chr14_7624685,"{Vv,Vv}",0.9998965402165755,0.9998891502320452,Vv,Vv,chr14,7621768,False,1.5278343422191808e-10,2.9513659546779463e-10,2.610462667647678e-10,1.090776542751105e-09,1.4517619363294928e-05,1.8180495820964002e-10,2.4735093938869913e-10,1.0188432103678824e-09,1.498690475134065e-05,1.1780650199059619e-10,8.994706509472648e-10,1.4004845817970078e-05,8.332354437789698e-10,5.9945315237392725e-05,0.9998965402165755
rh_chr14_7715530,"{Vv,Vv}",0.9999170847105141,0.9999111621898366,Vv,Vv,chr14,7712622,False,1.2925091022692226e-10,3.070818425508337e-10,2.514398432538354e-10,6.932062078071807e-10,1.2807254060272214e-05,2.1737843693131464e-10,2.785531591952509e-10,7.703997157771785e-10,1.6119454118425795e-05,1.1028093046678261e-10,6.056003591421677e-10,1.2795167914243892e-05,4.4500820794998214e-10,4.118960519333249e-05,0.9999170847105141
rh_chr14_7777740,"{Vv,Vv}",0.9999174914148534,0.9999115979444858,Vv,Vv,chr14,7769443,False,3.5279275628760976e-10,9.136905433681487e-10,7.7723931099727e-10,1.404633664772391e-09,1.3484187715987482e-05,6.202454651460658e-10,8.846612848179375e-10,1.644174979818264e-09,1.90463127247005e-05,3.33065122651244e-10,1.3229981503787264e-09,1.377435816537161e-05,7.838384793180181e-10,3.619468920080591e-05,0.9999174914148534
rh_chr14_8308158,"{Vv,Vv}",0.9991672803119102,0.9991078003341894,Vv,Vv,chr14,8299469,False,2.621215540401934e-08,4.716239697434925e-08,4.0532931947314664e-08,2.7747711608876755e-08,0.00017710783107359647,5.893810459928782e-08,4.823625604976667e-08,3.432541598907048e-08,0.0003260867093402723,2.708182388896792e-08,2.794990680672898e-08,0.0001780396777627484,1.4015681862190427e-08,0.0001511332675280866,0.9991672803119102
rh_chr14_8871788,"{Vv,Vv}",0.9993940631203708,0.9993507819146831,Vv,Vv,chr14,8861016,False,1.5225348857308784e-08,2.8712589326376834e-08,2.7189415290731148e-08,2.3285769212110027e-08,8.195910482882319e-05,6.269019432176805e-08,2.8170591577302793e-08,2.4459891984493223e-08,0.00037428405982860156,1.4331692018776571e-08,2.2738192211212695e-08,7.789979339636627e-05,1.0596588404919313e-08,7.153652130225421e-05,0.9993940631203708
RH8EDCAF550FA4497Z0Z,"{Vv,Vv}",0.999261058547093,0.9992082770147426,Vv,Vv,chr14,9251774,True,1.614897862497555e-08,5.238565326860008e-08,3.229944619706475e-08,2.9830609996797354e-08,0.00014936820071210385,4.804708100651796e-08,5.0552872291333874e-08,4.824397631861356e-08,0.00032063845443681385,1.4394643161198324e-08,2.8792515692388143e-08,0.00013605091647819395,1.2462104734512911e-08,0.00013255072339858054,0.999261058547093
RH20FA9C9E129F4ADZ0Z,"{Vv,Vv}",0.9992611468728517,0.999208371649484,Vv,Vv,chr14,9252311,True,1.6145590452583087e-08,5.241465293256035e-08,3.23161132966153e-08,2.984850465954758e-08,0.00014939259977446445,4.802162851389563e-08,5.058082301122971e-08,4.8273069388237e-08,0.0003204986143878999,1.4390795203222772e-08,2.8809731538381068e-08,0.00013606247636979935,1.2460121308286574e-08,0.0001325661755857051,0.9992611468728517
RHA63CAAD3F6FB4AFZ0Z,"{Vv,Vv}",0.9992612494389251,0.9992084815417055,Vv,Vv,chr14,9252929,True,1.614168553582883e-08,5.244798466086068e-08,3.2335287108846566e-08,2.986909071827401e-08,0.00014942044868545775,4.799232418511091e-08,5.061295138296651e-08,4.830651177662726e-08,0.0003203374563824804,1.4386362533748425e-08,2.882953781005586e-08,0.0001360755489641511,1.2457833275868765e-08,0.0001325837274736898,0.9992612494389251
RHD8423DE65F2A42EZ0Z,"{Vv,Vv}",0.9998243022812652,0.9998117524442127,Vv,Vv,chr14,9850723,True,1.7159907472212141e-09,2.9312358588538235e-09,2.0049925291903887e-09,1.985415759371658e-09,6.0120566133073154e-05,1.9611125497097515e-09,2.443506373877923e-09,2.397490012505803e-09,5.0413265892025445e-05,8.635975303006093e-10,1.575076650096105e-09,3.217137888871283e-05,8.224540918092392e-10,3.297380694898948e-05,0.9998243022812652
RH07B4539AD09E4D6Z0Z,"{Vv,Vv}",0.9998736173043269,0.9998645899689217,Vv,Vv,chr14,9878963,True,1.2945418485029461e-09,2.1218030089585637e-09,1.4722094077450631e-09,1.4666967326820548e-09,5.018533724114748e-05,1.475447906737923e-09,1.878112171750908e-09,1.8338195453451998e-09,3.21107047273119e-05,6.423085332049753e-10,1.2047659768652482e-09,2.153530944271953e-05,6.058817855852256e-10,2.2537348674937675e-05,0.9998736173043269
RH948F9EDD8E1B4F0Z0Z,"{Vv,Vv}",0.9998838420044258,0.999875545004742,Vv,Vv,chr14,9884676,True,1.2212734213034048e-09,2.003987415854894e-09,1.3938792212316126e-09,1.390021321855495e-09,4.811295873400428e-05,1.410547458562062e-09,1.812233605365083e-09,1.767057674072336e-09,2.8347265739780483e-05,6.114460417321639e-10,1.1600053033327355e-09,1.93210184456265e-05,5.749769009371377e-10,2.03634072263952e-05,0.9998838420044258
rh_chr14_9896368,"{Vv,Vv}",0.9998980431785766,0.9998907605484749,Vv,Vv,chr14,9892534,False,1.1244502767852523e-09,1.8492462423823389e-09,1.2906065473997829e-09,1.2887751293892094e-09,4.522794866686735e-05,1.3332459717072656e-09,1.7303004718987664e-09,1.683634725660986e-09,2.3137024846413632e-05,5.739771982541234e-10,1.1036732065251952e-09,1.62407294157471e-05,5.370773276362933e-10,1.73386035073337e-05,0.9998980431785766
RH570529DB702433Z0Z,"{Vv,Vv}",0.9999215955786629,0.9999159952628531,Vv,Vv,chr14,10035825,True,4.329221068604494e-10,7.60179334238915e-10,5.763563209761505e-10,5.755094540172836e-10,2.9759436236794095e-05,4.3510404085682246e-10,6.334723260325463e-10,6.161355606390449e-10,1.872763258843521e-05,2.0674520215159338e-10,4.315773971352178e-10,1.4820147185768882e-05,1.9472466232554736e-10,1.509234259968318e-05,0.9999215955786629
rh_chr14_10135191,"{Vv,Vv}",0.9999657666732852,0.9999633214356627,Vv,Vv,chr14,10130694,False,7.4153471436101e-11,1.0146545002994983e-10,7.834597159635277e-11,7.740217001063982e-11,1.2423521815499069e-05,5.7352944836289274e-11,7.514626134701524e-11,6.642673107334102e-11,8.657623794166514e-06,2.3632001999691286e-11,4.638526399071009e-11,6.711721274525746e-06,1.999134500041437e-11,6.439839528951333e-06,0.9999657666732852
rh_chr14_10197424,"{Vv,Vv}",0.9999863789918236,0.9999854060626682,Vv,Vv,chr14,10192840,False,7.703978737276927e-11,8.855281345517676e-11,7.299012405950438e-11,7.254317818269259e-11,4.988911693367624e-06,4.584044823038602e-11,5.873395936926753e-11,4.672752868124148e-11,3.96063378693599e-06,1.8782634853225726e-11,3.411786824811512e-11,2.6157273477934124e-06,1.478818390081675e-11,2.0552052317255437e-06,0.9999863789918236
rh_chr14_10290455,"{Vv,Vv}",0.9999572086464579,0.9999541521212049,Vv,Vv,chr14,10285660,False,2.08237248670019e-10,1.882710733413559e-10,1.751482057060479e-10,1.7894835609520536e-10,1.3273849307800528e-05,1.0729685903535934e-10,1.287629770439028e-10,9.469255755436783e-11,1.392343277797317e-05,5.401761572260382e-11,8.006445307810929e-11,9.275972677083775e-06,4.35325625090576e-11,6.316839807400211e-06,0.9999572086464579
rh_chr14_10528514,"{Vv,Vv}",0.9998636175956135,0.9998538759953002,Vv,Vv,chr14,10520569,False,1.5273311542283042e-09,1.1411897212809037e-09,1.0560271787303222e-09,1.0508028947097466e-09,7.436153732130747e-05,1.8361125987492228e-10,3.0717572266795167e-10,3.145728609021349e-10,2.2072388928233747e-05,1.6474505614246936e-10,2.9020019636048084e-10,2.023668016883251e-05,1.8561562996850706e-10,1.9705576696502955e-05,0.9998636175956135
rh_chr14_10743715,"{Vv,Vv}",0.9998302965831831,0.9998181749105534,Vv,Vv,chr14,10735890,False,2.3723384372117274e-09,2.7361293211940145e-09,2.7475117768325615e-09,2.8706245038325494e-09,0.00011552028875850272,6.027150008094646e-10,1.2517048255640561e-09,1.3187411127573333e-09,1.7814073860150813e-05,6.299344459382271e-10,1.3259605204918115e-09,1.77846160403317e-05,7.123297446839631e-10,1.8567870168219192e-05,0.9998302965831831
rh_chr14_11677439,"{Vv,Vv}",0.9990618804600951,0.9989948719215305,Vv,Vv,chr14,11641431,False,3.193302109229174e-08,3.8891107695890736e-08,4.658944486332903e-08,5.620559692527285e-08,0.0002742071872689745,1.324476241947992e-08,2.7999262152710695e-08,3.5659083710203965e-08,0.00019422796575348423,2.1041688610063897e-08,4.2077894234923305e-08,0.00021719917349822374,3.147027644245109e-08,0.0002521401012460867,0.9990618804600951
rh_chr14_12584178,"{Vv,Vv}",0.9997024886754746,0.9996812378665799,Vv,Vv,chr14,12542190,False,1.2511352303621621e-09,2.01869216493619e-09,2.503461613651698e-09,2.8946368514960993e-09,7.680602272538979e-05,8.791198472302725e-10,2.076830574856566e-09,2.35815380657162e-09,5.776587206631088e-05,1.3669765976634934e-09,2.890045431035281e-09,6.687484739256597e-05,1.979049127138948e-09,9.604436423979343e-05,0.9997024886754746
rh_chr14_12730584,"{Vv,Vv}",0.9998539215240996,0.9998434873472496,Vv,Vv,chr14,12688718,False,9.401595376604417e-10,1.6693120862666852e-09,2.138791478356378e-09,2.5400391035712207e-09,3.6080350755597615e-05,6.565057962997354e-10,1.7809399341361233e-09,1.982511469603377e-09,2.0657088920205802e-05,1.0779368286884264e-09,2.5051243975318497e-09,2.8466773941519885e-05,1.6187576157791364e-09,6.0857352204841725e-05,0.9998539215240996
rh_chr14_13086548,"{Vv,Vv}",0.9998195130374534,0.9998066211115573,Vv,Vv,chr14,13033260,True,1.1771642041460391e-09,1.6173246593630952e-09,2.8240484397474382e-09,3.893645460726251e-09,4.494276426115215e-05,7.567677099439891e-10,2.203208295438613e-09,2.939820398710095e-09,2.8747458667587236e-05,1.8987288058805326e-09,4.202636821652437e-09,4.0531475177078344e-05,2.9739699385413038e-09,6.624077712605719e-05,0.9998195130374534
rh_chr14_13171276,"{Vv,Vv}",0.9998572923418705,0.9998470989377184,Vv,Vv,chr14,13117958,False,9.40767043253925e-10,1.4132277943336612e-09,2.880733938257117e-09,3.949015743998309e-09,3.5564306331252255e-05,6.276644744077161e-10,2.2713446850619925e-09,2.9600395790997308e-09,1.912905257740378e-05,1.9018712222204193e-09,4.452740815544215e-09,3.192200147007708e-05,2.880924838058627e-09,5.60680194206874e-05,0.9998572923418705
rh_chr14_13378081,"{Vv,Vv}",0.999464127390406,0.999425850775435,Vv,Vv,chr14,13323684,False,3.608382645162471e-09,5.476858075149563e-09,1.234394512398301e-08,1.523038230963594e-08,0.0001026711766261934,2.879502945996281e-09,1.0417512983275576e-08,1.2839121390949435e-08,8.808379223955456e-05,1.0030831551764041e-08,1.9512593221215747e-08,0.00015683150875455483,1.3196335174797968e-08,0.00018818059650831286,0.999464127390406
rh_chr14_14138039,"{Vv,Vv}",0.9990249063903439,0.9989552568467971,Vv,Vv,chr14,14079856,True,1.3460759762441537e-08,1.8417235868696385e-08,2.1800480953793073e-08,2.372184563486887e-08,0.00023402467228447117,1.0762537360812798e-08,1.9042089959725812e-08,2.070278668466289e-08,0.00021941409899612222,1.3510185143415283e-08,2.3801904198193854e-08,0.0002520095203948581,1.522454760818636e-08,0.0002694648736074939,0.9990249063903439
rh_chr14_14229668,"{Vv,Vv}",0.9990671659831096,0.9990005349819032,Vv,Vv,chr14,14162792,False,1.0509762317856758e-08,1.5898049086264942e-08,1.8503413958137263e-08,2.013167872605411e-08,0.00022578814437830197,7.81152121337493e-09,1.5636350069302265e-08,1.700632437387616e-08,0.00021113614071512098,9.695139496971012e-09,1.932252017426837e-08,0.00023988715441137538,1.1025341582855566e-08,0.0002558770372846126,0.9990671659831096
rh_chr14_14755965,"{Vv,Vv}",0.9991518175353903,0.9990912330736325,Vv,Vv,chr14,14686752,False,5.564540097327908e-09,1.2574110447788546e-08,1.3439719062053607e-08,1.5802230729515856e-08,0.00020676144485195762,5.1072507422961216e-09,1.2796945765571996e-08,1.5038853112807056e-08,0.00020015496900900416,5.655045999734208e-09,1.5973978611805943e-08,0.00021452202600073038,7.589181855777263e-09,0.00022663448289158043,0.9991518175353903
rh_chr14_14863028,"{Vv,Vv}",0.9991235857794162,0.9990609847636602,Vv,Vv,chr14,14793169,False,9.614905093093371e-09,2.6167554978342933e-08,2.7433523271080295e-08,2.996777227673635e-08,0.0002141758578014101,9.117810182107092e-09,2.6641960486337835e-08,2.906978136736149e-08,0.00020858494735301328,9.879690376324991e-09,3.039844719234081e-08,0.00022134012918804464,1.1772000434096255e-08,0.0002321032227957316,0.9991235857794162
rh_chr14_15714242,"{Vv,Vv}",0.9999422868063328,0.9999381644353565,Vv,Vv,chr14,15637071,False,3.9834725535764927e-10,9.457762649526917e-10,9.99464295576458e-10,1.0228861811270455e-09,1.2440361951849336e-05,6.076291552774002e-10,1.170904955458045e-09,1.199685913202398e-09,1.4777996414654389e-05,6.236164018472813e-10,1.2457920923279269e-09,1.5075721126576029e-05,6.490883265065437e-10,1.5410250983231177e-05,0.9999422868063328
rh_chr14_15875843,"{Vv,Vv}",0.9999106006191669,0.9999042149491074,Vv,Vv,chr14,15799162,True,3.081186883571269e-10,8.676075169435104e-10,9.444506415292728e-10,9.566754895784568e-10,1.755999663708299e-05,6.213552892013249e-10,1.2061118040099537e-09,1.2247899225989933e-09,2.3894850004546782e-05,6.302796991326131e-10,1.282842634031216e-09,2.3870365367982427e-05,6.45953888924904e-10,2.4065480637945308e-05,0.9999106006191669
rh_chr14_16000806,"{Vv,Vv}",0.9999311903189015,0.9999262753416802,Vv,Vv,chr14,15923047,False,1.914974143584424e-10,7.307341324271293e-10,8.474595986526548e-10,8.513778401231553e-10,1.0251913448437213e-05,5.689117282312588e-10,1.1958680076041323e-09,1.2073073159719339e-09,1.966737172712629e-05,5.746683212474894e-10,1.2886265645110064e-09,1.939649674904831e-05,5.841820619569331e-10,1.9485858540871385e-05,0.9999311903189015
rh_chr14_16067239,"{Vv,Vv}",0.9999066369654137,0.9998999681772289,Vv,Vv,chr14,15989398,False,1.7531493590769824e-10,7.910900062481497e-10,9.488394486905516e-10,9.49609767461231e-10,1.2373194932030968e-05,6.069134569110555e-10,1.3654259236964372e-09,1.374765026923523e-09,2.732852880078617e-05,6.128591546167912e-10,1.4818328953165033e-09,2.6797861025583993e-05,6.203741166499103e-10,2.6854522803196863e-05,0.9999066369654137
rh_chr14_16253640,"{Vv,Vv}",0.9999679561308323,0.9999656672830346,Vv,Vv,chr14,16175824,False,7.786761510101603e-11,2.554897640464522e-10,2.815236148114688e-10,2.818389430723851e-10,4.225177259864426e-06,2.521815001076636e-10,3.5394944080731085e-10,3.639469131587707e-10,1.7038603569123485e-05,2.001393403984017e-10,4.1493156928351895e-10,5.190005676694137e-06,2.019887189832439e-10,5.587398804479159e-06,0.9999679561308323
rh_chr14_16490288,"{Vv,Vv}",0.9999206145899561,0.9999149442035243,Vv,Vv,chr14,16409950,False,5.124141217751739e-10,9.702477461090859e-10,8.597055084582859e-10,8.602098475127499e-10,1.788381861360417e-05,6.367381958257879e-10,1.087706249117925e-09,1.0912411170104965e-09,2.0297683874444066e-05,6.553223626105792e-10,9.820042084040895e-10,2.0075437593399386e-05,6.530977493301497e-10,2.112016127539171e-05,0.9999206145899561
rh_chr14_16652730,"{Vv,Vv}",0.9998045071001647,0.999790543321605,Vv,Vv,chr14,16579074,False,1.2313225474269555e-09,2.225489588006096e-09,2.279399129474601e-09,2.2884684883205357e-09,4.720991725554841e-05,1.1368513247027806e-09,2.4279606208919545e-09,2.4376764221022175e-09,4.052897689656357e-05,1.4810464894407902e-09,2.481138741705155e-09,5.36429530364469e-05,1.4768984916849467e-09,5.4091586394951654e-05,0.9998045071001647
rh_chr14_17077376,"{Vv,Vv}",0.9996997780334611,0.9996783336072798,Vv,Vv,chr14,17010258,False,7.728653790748036e-10,1.1501933785883008e-09,1.4598229811511296e-09,1.371897218671251e-09,7.372185009757267e-05,4.440355523005418e-10,1.3776227425097155e-09,1.309958887765146e-09,3.8238635861362386e-05,1.0131857646856202e-09,1.5397159183394938e-09,9.473857870550206e-05,8.965226673232156e-10,9.351156605389863e-05,0.9996997780334611
rh_chr14_17379596,"{Vv,Vv}",0.9996993985522761,0.9996779270202958,Vv,Vv,chr14,17304494,False,6.543562940241923e-10,3.335963073745893e-10,8.548400872062707e-10,8.387487324334865e-10,7.476537939700517e-05,7.16998453867221e-11,2.7951744875657104e-10,2.773406493812939e-10,3.4692530409183627e-06,2.153001923885974e-10,4.181589683664455e-10,0.00011167915587208732,2.1255322152805698e-10,0.00011068350330217919,0.9996993985522761
rh_chr14_17450562,"{Vv,Vv}",0.9997039805764372,0.9996828363318969,Vv,Vv,chr14,17374878,False,1.1339101450138439e-09,4.006494548736977e-10,2.0657598907231335e-09,2.0285643570056503e-09,8.558642826112996e-05,7.282921537941914e-11,4.993445169596515e-10,4.960999775763957e-10,3.6235383539401683e-06,3.901399032236102e-10,9.85109849271104e-10,0.00010372912032828649,3.9234147174775027e-10,0.00010307187187068083,0.9997039805764372
rh_chr14_17873209,"{Vv,Vv}",0.9997426819960243,0.9997243021385975,Vv,Vv,chr14,17796526,False,2.1443719637398264e-09,8.803685708731797e-10,2.018177036607472e-09,2.2879841396295972e-09,0.00013200542567339902,1.4224585642144908e-10,8.342661212044709e-10,7.66805026447454e-10,9.520202148279939e-06,9.98053594980309e-10,1.7222691462521948e-09,5.4072439083580537e-05,8.692351781504759e-10,6.170727329375615e-05,0.9997426819960243
rh_chr14_17999822,"{Vv,Vv}",0.9997416990329667,0.999723248963893,Vv,Vv,chr14,17921800,False,7.40397201653204e-10,4.299784944527064e-10,8.526212196760644e-10,8.735991957581089e-10,0.00013852662224829307,8.05127560592005e-11,3.595961644759964e-10,3.616191810037321e-10,4.223852830666105e-06,3.340345614031582e-10,6.888991663474056e-10,5.800435601568964e-05,2.780916322058179e-10,5.754113658894323e-05,0.9997416990329667
rh_chr14_18215931,"{Vv,Vv}",0.9998325128487295,0.9998205494807817,Vv,Vv,chr14,18141694,False,1.7589130247986572e-09,1.0299126288577617e-09,1.8217432540245136e-09,1.7377713070392432e-09,0.0001034911232329686,1.3385957553269192e-10,7.691814586062748e-10,7.358007388316034e-10,7.437161409625216e-06,6.165847437503908e-10,1.3878092744561794e-09,2.9946139418419854e-05,5.203355905758544e-10,2.660221529788442e-05,0.9998325128487295
rh_chr14_18508828,"{Vv,Vv}",0.9999012812529945,0.9998942299139226,Vv,Vv,chr14,18435214,False,5.526258602944987e-10,4.915232210233639e-10,7.967718630705483e-10,6.973451750644043e-10,4.8286364654213866e-05,7.130261919060594e-11,2.6691983324236795e-10,2.2347815569934516e-10,5.130387572391055e-06,1.9443738430570796e-10,3.9619004645418305e-10,2.7697670198212356e-05,1.463472722748546e-10,1.760048763925851e-05,0.9999012812529945
rh_chr14_18776215,"{Vv,Vv}",0.9999161440174534,0.9999101543044144,Vv,Vv,chr14,18702622,False,1.524958158003998e-10,3.995844548228666e-10,3.4233530171843125e-10,4.3669479720232953e-10,5.336154664747219e-05,1.0774612560837815e-10,1.977202315424242e-10,1.8627156900977675e-10,1.4698761348427212e-05,1.2412642502684903e-10,2.2883705580023111e-10,8.031645835496566e-06,9.441296052409185e-11,7.761758490456972e-06,0.9999161440174534
rh_chr14_18868775,"{Vv,Vv}",0.9999053265753343,0.9998985641878582,Vv,Vv,chr14,18794822,True,3.9411140737319963e-10,8.556534014518875e-10,7.679972782095994e-10,8.223932162144922e-10,4.742809373921902e-05,1.870139154101716e-10,3.7725457395316543e-10,3.6274994977011984e-10,1.911497784158933e-05,1.6436089881521687e-10,3.443515105147717e-10,1.4479141391012984e-05,1.3809247118305364e-10,1.364679771525541e-05,0.9999053265753343
rh_chr14_19103240,"{Vv,Vv}",0.9999749569806499,0.9999731681935534,Vv,Vv,chr14,19029590,False,1.7436540783411774e-10,3.27897771009873e-10,2.872136388279126e-10,2.8743343682090945e-10,8.222935974499979e-06,1.0936592617026477e-10,1.838692384026683e-10,1.720501670900901e-10,6.030102835290108e-06,7.5738087272752e-11,1.4829951575489866e-10,6.5336101843915445e-06,6.511319227334508e-11,4.2545390095397955e-06,0.9999749569806499
rh_chr14_19325226,"{Vv,Vv}",0.9999657795610317,0.9999633352439625,Vv,Vv,chr14,19264040,False,1.3393914047743464e-10,1.4901833482192657e-10,1.4252936915229878e-10,1.382889084685478e-10,8.374518525454678e-06,1.311179918802118e-10,1.4023037257441208e-10,1.021216211835813e-10,1.2312094976746682e-05,6.062949400375086e-11,9.727898199893442e-11,7.833978065779826e-06,5.018306605121021e-11,5.698702063011868e-06,0.9999657795610317
rh_chr14_19429359,"{Vv,Vv}",0.9999861809172296,0.9999851938398888,Vv,Vv,chr14,19367812,False,1.2222090359668325e-10,1.0996007570682804e-10,9.514856169634589e-11,9.564386720637132e-11,5.818965844138202e-06,6.754398607074787e-11,9.125199220318849e-11,7.655937919047398e-11,3.009896804389578e-06,3.60518544786436e-11,6.475695539257136e-11,2.7835223413674723e-06,3.1040855479782836e-11,2.2059076021688727e-06,0.9999861809172296
rh_chr14_19587909,"{Vv,Vv}",0.999940658075207,0.9999364193662933,Vv,Vv,chr14,19526249,False,5.800480613958032e-10,2.7200524562382926e-10,2.6248662583296033e-10,3.0268800227053737e-10,3.063286764313291e-05,1.4617201553909095e-10,2.431293679124245e-10,2.2874434552724345e-10,9.301176932576634e-06,1.2904590711264373e-10,2.2018055154247833e-10,9.195359844299656e-06,1.247800411484652e-10,1.0210011092824153e-05,0.999940658075207
rh_chr14_19715337,"{Vv,Vv}",0.999920661253807,0.9999149942005074,Vv,Vv,chr14,19653444,False,6.854665304987752e-10,7.797837577714453e-10,7.724120150084385e-10,8.129191933113655e-10,3.325084072705929e-05,2.4700060767613425e-10,5.396410645586649e-10,5.426482952920059e-10,1.5177572174891308e-05,2.360740890056751e-10,5.356395061465663e-10,1.5121979981812311e-05,2.4157783973076564e-10,1.5782960146371215e-05,0.999920661253807
rh_chr14_20102426,"{Vv,Vv}",0.9999909072051446,0.9999902577197978,Vv,Vv,chr14,20026250,False,9.055444521079502e-11,8.108405620457926e-11,8.31164788339772e-11,8.962638253813867e-11,4.329606646872746e-06,2.6580585819729342e-11,4.983698700825776e-11,5.2412634005302265e-11,1.519300875552342e-06,2.7765581045886526e-11,5.337226459457682e-11,1.5828535213749194e-06,3.146682582375869e-11,1.6604479954330834e-06,0.9999909072051446
rh_chr14_20174098,"{Vv,Vv}",0.9999771441401378,0.9999755115787191,Vv,Vv,chr14,20098008,False,1.3052567336231544e-10,1.248291245415152e-10,1.2866433026747762e-10,1.4009425776423222e-10,1.1435200663596045e-05,4.464803753454244e-11,8.825028807846272e-11,9.304648207391952e-11,3.561359234879732e-06,4.6874617348560893e-11,9.493084257874845e-11,3.808921152584475e-06,5.397040259705126e-11,4.049432976948048e-06,0.9999771441401378
rh_chr14_20629301,"{Vv,Vv}",0.999874272918473,0.9998652924126497,Vv,Vv,chr14,20548588,True,9.4087163805717e-10,7.497770005500315e-10,8.25876992272022e-10,1.35677317210006e-09,5.397854639911097e-05,2.275114549095694e-10,3.826791082026968e-10,4.706536254692337e-10,1.895041486361249e-05,2.727787694796532e-10,5.279406850549569e-10,2.2057356232649647e-05,4.4173450698877886e-10,3.073456743476094e-05,0.999874272918473
rh_chr14_20733951,"{Vv,Vv}",0.9999237070720562,0.9999182575772031,Vv,Vv,chr14,20652400,False,4.112190390818607e-10,3.1360381945160013e-10,3.984496368201304e-10,1.1392100706708606e-09,4.557973038666306e-05,4.588546565616842e-11,8.464788730514955e-11,1.3598588937766736e-10,4.16899850411663e-06,5.5634552987932576e-11,1.9470040013273018e-10,7.945597648634462e-06,1.38941228327008e-10,1.8595683126334685e-05,0.9999237070720562
rh_chr14_20859566,"{Vv,Vv}",0.9998045920090621,0.9997906342954237,Vv,Vv,chr14,20777382,False,1.2122442609096242e-10,1.675308201413453e-10,4.115173516118493e-10,2.6381724346172143e-09,0.0001529636772642666,4.5733713853177967e-11,1.1233314527418539e-10,2.051063695869548e-10,8.010185279221925e-06,5.828702966371266e-11,2.512531604769e-10,9.980476662953351e-06,1.9824496593532917e-10,2.4449442328013836e-05,0.9998045920090621
rh_chr14_21019303,"{Vv,Vv}",0.9999534016892537,0.9999500732384862,Vv,Vv,chr14,20941624,False,8.660063867394132e-11,1.2153438911767044e-10,7.585917623780756e-11,3.254823504985508e-10,2.5103567486928285e-05,5.646059343430022e-12,1.04071395404189e-11,3.92993212589974e-11,1.1475482583118893e-06,4.990873695235285e-12,2.8195915032559074e-11,8.444850020063999e-07,5.278661606398006e-11,1.9501959196559117e-05,0.9999534016892537
rh_chr14_21080144,"{Vv,Vv}",0.9999495489387484,0.9999459452915161,Vv,Vv,chr14,21002332,False,8.781751183064431e-11,1.6659398056815646e-10,7.426636200680766e-11,3.1456671364413846e-10,2.5521329223014473e-05,7.739900298897256e-12,1.40800506652234e-11,8.651004268870357e-11,2.7418011563051535e-06,7.1827483695985346e-12,4.745240366396141e-11,1.280968182516469e-06,8.191991108331014e-11,2.0906074560150296e-05,0.9999495489387484
rh_chr14_21323785,"{Vv,Vv}",0.99995854498365,0.9999555839110535,Vv,Vv,chr14,21244876,False,1.4207978959007303e-10,1.3240150377244348e-10,1.3304460678378374e-10,2.941276540597267e-10,1.0901077506943905e-05,1.955280389973507e-11,3.928508984298444e-11,1.299391465143972e-10,5.242121142071068e-06,4.6448146683261275e-11,1.9917293655688524e-10,4.267440404367376e-06,3.1225868887869203e-10,2.1042928986251365e-05,0.99995854498365
rh_chr14_21577640,"{Vv,Vv}",0.99975827126738,0.9997410049293357,Vv,Vv,chr14,21500712,False,9.109006785880414e-10,8.257741402634696e-10,7.8064582015961e-10,1.1625300805978577e-09,5.942783577757155e-05,1.1321791497501041e-10,2.396662207040976e-10,6.138009597893405e-10,9.195057908112508e-06,6.313459828412417e-10,2.1727823335023967e-09,3.6953418955652516e-05,3.720947459838873e-09,0.0001361412483669928,0.99975827126738
rh_chr14_21740224,"{Vv,Vv}",0.9996493418064111,0.9996242947925833,Vv,Vv,chr14,21665057,False,8.009268610145013e-10,1.1615871043560744e-09,1.1843145148176155e-09,1.5048591323892363e-09,0.00012971822036849016,6.980243384440957e-11,2.97930294736682e-10,8.212609582483312e-10,7.626263021763848e-06,4.340515172808505e-10,2.2451158770694906e-09,3.248061656531208e-05,4.0200803054287886e-09,0.00018082055370440174,0.9996493418064111
rh_chr14_21821143,"{Vv,Vv}",0.9995397001594301,0.9995068215993893,Vv,Vv,chr14,21745860,False,1.7092142715822908e-09,1.7446873450885738e-09,2.136752273974765e-09,3.1334151279098008e-09,0.00016979656287887833,1.235467707425413e-10,4.6034974698729265e-10,9.835563102107633e-10,1.0855716602058926e-05,5.621011577144496e-10,3.5412413289133593e-09,3.950450177917536e-05,6.964519232630625e-09,0.00024012169992626467,0.9995397001594301
rh_chr14_21885849,"{Vv,Vv}",0.9994324805721801,0.999391943470193,Vv,Vv,chr14,21811202,False,2.493090706390861e-09,2.3741520201037525e-09,3.2472012978507702e-09,5.930597343577857e-09,0.0002444527610340315,1.9303929337368997e-10,7.759022576465412e-10,1.9922574363953323e-09,1.787271899308746e-05,6.885855655167765e-10,4.406614789360022e-09,4.5462256710009376e-05,6.952385413209482e-09,0.0002597026372566691,0.9994324805721801
rh_chr14_22118159,"{Vv,Vv}",0.9991448031401784,0.9990837176501911,Vv,Vv,chr14,22038977,False,7.397919750241269e-10,1.2104710949016913e-09,1.5725630644565482e-09,4.23328701639203e-09,0.0004847736559035322,3.0319569374743193e-10,9.758894167340863e-10,1.6620664389322892e-09,1.988108809293012e-05,5.326500769259288e-10,2.4181653371893367e-09,4.394794843118117e-05,2.4236007599215732e-09,0.0003065780957131099,0.9991448031401784
rh_chr14_22405745,"{Vv,Vv}",0.9998729452318404,0.9998638698912576,Vv,Vv,chr14,22328164,False,1.0097225600238399e-09,9.812391625931965e-10,1.0705929506447106e-09,2.216041104583194e-09,6.325253190236617e-05,6.569648501801812e-11,1.8805145529155194e-10,6.708794796076157e-10,4.389573094546915e-06,1.0407241427255096e-10,7.677963235103317e-10,6.612815792070113e-06,7.399630856017957e-10,5.279203331557898e-05,0.9998729452318404
rh_chr14_22568886,"{Vv,Vv}",0.9999227332867785,0.9999172142358341,Vv,Vv,chr14,22491505,False,5.22534217767012e-10,2.574058686898628e-10,3.0658786996984115e-10,1.1702702623979036e-09,3.857411445174783e-05,2.760486572553054e-11,6.93960988313085e-11,2.0472364595319602e-10,3.41152902279235e-06,3.7286867214882326e-11,2.45187371164849e-10,4.4012222462989085e-06,3.507256073341922e-10,3.0876655777931375e-05,0.9999227332867785
rh_chr14_22696262,"{Vv,Vv}",0.9999807750404668,0.9999794018290715,Vv,Vv,chr14,22618852,False,1.0311318641285615e-10,6.727210959575399e-11,7.805973166141536e-11,2.1098696001981994e-10,8.431443829584968e-06,7.849714528662433e-12,1.806631505664071e-11,5.630740293071031e-11,1.5850123454188644e-06,1.1029962513086752e-11,6.532851629024835e-11,1.8979088571945013e-06,7.64348225172878e-11,7.309900052369325e-06,0.9999807750404668
rh_chr14_22889555,"{Vv,Vv}",0.9999517174458673,0.9999482686920007,Vv,Vv,chr14,22806428,True,1.18698395251509e-10,1.1459128444702471e-10,1.372873182759989e-10,1.993134499670842e-10,1.4722645825557621e-05,3.988098497552386e-11,7.73553585230079e-11,1.1082937889934578e-10,8.018519042736461e-06,6.179837060718788e-11,1.311849357352491e-10,9.969281662303443e-06,1.0707562425020739e-10,1.5571009587083843e-05,0.9999517174458673
rh_chr14_22993902,"{Vv,Vv}",0.9999739980222172,0.9999721407380898,Vv,Vv,chr14,22910823,False,4.917971417796627e-11,2.959232279952765e-11,5.663458021886197e-11,5.792869097330855e-11,8.625331375868343e-06,9.195231667683057e-12,2.723952966943424e-11,2.6939434007239665e-11,1.966717899500238e-06,3.088736006353503e-11,5.115427207197587e-11,4.837848239608842e-06,3.043427165975927e-11,1.0571711082393393e-05,0.9999739980222172
rh_chr14_23056941,"{Vv,Vv}",0.999951423384664,0.9999479536264257,Vv,Vv,chr14,22973852,False,9.782598854455466e-11,5.139698537805331e-11,1.133124760148353e-10,1.112977878654403e-10,1.5002238721850042e-05,1.5747808447199564e-11,5.0207711194083414e-11,5.2142530392614687e-11,5.316944864407785e-06,6.44050715615806e-11,1.113665753684648e-10,1.4303105355587302e-05,5.932605816556286e-11,1.3953599365141191e-05,0.999951423384664
rh_chr14_23135090,"{Vv,Vv}",0.9998732430395669,0.9998641889709645,Vv,Vv,chr14,23051896,False,2.1990478049700269e-10,8.765321469537967e-11,2.414144033732467e-10,1.827988394394339e-10,3.8180222178639565e-05,3.1486631116478766e-11,1.0830109180761727e-10,8.675503808602274e-11,1.3364660322551739e-05,1.5543220324592665e-10,2.1161780015187756e-10,4.608932064856368e-05,9.700679878443376e-11,2.912133491245589e-05,0.9998732430395669
rh_chr14_23255429,"{Vv,Vv}",0.9996708966072114,0.9996473892220122,Vv,Vv,chr14,23172151,False,3.429298170685477e-09,1.1838902712654315e-09,3.826361987350624e-09,2.3187187553787755e-09,9.90588873780413e-05,4.699672433192301e-10,1.7150353360537536e-09,1.127696361856596e-09,3.12869643994297e-05,2.623875312290063e-09,3.0103818245235037e-09,0.00013060733698332284,1.21037763466749e-09,6.812928842492554e-05,0.9996708966072114
rh_chr14_23376067,"{Vv,Vv}",0.9995060521701123,0.9994707701822633,Vv,Vv,chr14,23292228,False,7.955314131772059e-09,2.284182724653651e-09,9.281870639616171e-09,5.139934209068538e-09,0.0001506210389614939,9.086795394712798e-10,3.652351563825762e-09,2.3539265104194003e-09,3.963566009665398e-05,5.578683850366558e-09,6.977882479190645e-09,0.00020594836470189053,2.3846552691302185e-09,9.769624864665949e-05,0.9995060521701123
rh_chr14_23452906,"{Vv,Vv}",0.9993293707108144,0.9992814686187297,Vv,Vv,chr14,23368976,True,8.424321639678206e-09,4.381369608979382e-09,1.9263822142715174e-08,9.465377639704893e-09,0.0001579339886641146,1.2679300085173565e-09,5.0187826800628854e-09,3.3765324331666012e-09,5.5576769360644e-05,8.016732248909705e-09,1.0531400538048371e-08,0.00031714357971615104,3.3914221900572805e-09,0.0001399018137536298,0.9993293707108144
rh_chr14_23566639,"{Vv,Vv}",0.9991140736902406,0.9990507932395435,Vv,Vv,chr14,23473181,True,8.599905515460036e-09,6.693460624695571e-09,3.2230503794290895e-08,1.4738781565447209e-08,0.00016153649594009478,1.7268139126418945e-09,6.055861532814893e-09,4.5251486419242905e-09,7.081093469109088e-05,1.1292776846560844e-08,1.5544807286883004e-08,0.00046246247422233514,4.643820031923359e-09,0.00019101035302609764,0.9991140736902406
rh_chr14_23657569,"{Vv,Vv}",0.9989508866650186,0.9988759499982343,Vv,Vv,chr14,23563226,False,8.273642496470632e-09,8.090690413092952e-09,4.1984903511807867e-08,1.8415261193122543e-08,0.00015878024364475977,1.9534936462217495e-09,5.060322901606913e-09,4.832710097039946e-09,7.802705291068361e-05,1.2781847614591745e-08,1.8738480241269966e-08,0.0005827627251183173,5.152961208265864e-09,0.00022941802899427958,0.9989508866650186
rh_chr14_23928157,"{Vv,Vv}",0.9992164761699183,0.9991605101820553,Vv,Vv,chr14,23838653,True,5.838176272956381e-09,7.541073300379735e-09,2.7827875480400952e-08,1.3734627591820031e-08,0.00014158734624633587,2.205902968981802e-09,1.2599276300788266e-08,7.226789872204782e-09,8.387678219082996e-05,1.162820769630145e-08,1.9760902642478765e-08,0.0003833623559684501,5.056382722480182e-09,0.00017458392646123536,0.9992164761699183
rh_chr14_24137881,"{Vv,Vv}",0.9995480091269431,0.9995157240645819,Vv,Vv,chr14,24046994,False,1.5865854468640896e-09,2.1084222685672512e-09,6.574942144303901e-09,3.5107672035255015e-09,9.544438987727118e-05,5.606605630597119e-10,3.5073694245581423e-09,2.0256975684477227e-09,5.4780153665521484e-05,2.60962111991359e-09,4.947664457913124e-09,0.00020142932223264222,1.1957728132464837e-09,0.00010030837977853862,0.9995480091269431
rh_chr14_24366988,"{Vv,Vv}",0.9997911217557798,0.9997762018811926,Vv,Vv,chr14,24273194,True,1.0120785032397902e-09,1.028486429793266e-09,2.450999100197108e-09,1.5531354697767656e-09,6.119444780265306e-05,2.4066810511015936e-10,1.4518874971597201e-09,8.842872723923683e-10,2.6609420441837675e-05,8.892802873714987e-10,1.8397116738921874e-09,7.69992628825691e-05,4.487597656362376e-10,4.406331379899469e-05,0.9997911217557798
rh_chr14_24462111,"{Vv,Vv}",0.9999309998037798,0.9999260712183354,Vv,Vv,chr14,24367374,False,5.232228194975441e-10,1.9586661123716652e-10,4.645579831106445e-10,3.761463469051991e-10,3.7194992930179474e-05,4.191044553209698e-11,2.8283495954269797e-10,1.5090222931033188e-10,5.05319558928913e-06,1.9412036561113465e-10,3.368138878849051e-10,1.579952798978377e-05,7.463358414917804e-11,1.0949838701779154e-05,0.9999309998037798
rh_chr14_24536812,"{Vv,Vv}",0.999978895715936,0.9999773882670743,Vv,Vv,chr14,24444088,False,2.279829861757331e-10,9.815079708348185e-11,1.9707350630094689e-10,1.3882462323960228e-10,1.3416304260841763e-05,1.1336116990107211e-11,9.230690575957858e-11,3.712564191395064e-11,9.440825544815073e-07,7.52047478651501e-11,1.0052265824277751e-10,5.193317294797047e-06,1.9541781969333066e-11,1.5495818841506741e-06,0.999978895715936
rh_chr14_24617329,"{Vv,Vv}",0.9999616577473593,0.9999589190150279,Vv,Vv,chr14,24524678,False,1.5365219580967286e-10,1.1599678899466983e-10,1.6964655141202059e-10,1.2176418192464116e-10,2.2393249479410946e-05,1.5806342911390794e-11,9.108681895281485e-11,4.1036311475182625e-11,2.2966828969996426e-06,6.160227105135308e-11,8.789997246520349e-11,1.1581175764892774e-05,2.2562162574451614e-11,2.070263445710375e-06,0.9999616577473593
rh_chr14_24753252,"{Vv,Vv}",0.9998794100412669,0.999870796472786,Vv,Vv,chr14,24660339,False,7.407069373904544e-10,8.886407953492705e-10,1.169551593778602e-09,8.900502210763548e-10,4.583269571927273e-05,2.5418161773508707e-10,6.860392436281822e-10,4.579826192282895e-10,2.0466598858685135e-05,4.819253975961075e-10,6.817473338940159e-10,3.357134870861756e-05,2.603300055115567e-10,2.0712804290782847e-05,0.9998794100412669
rh_chr14_25156315,"{Vv,Vv}",0.9999107588486651,0.9999043844807126,Vv,Vv,chr14,25063212,False,2.1605728113290009e-10,2.2133593379321477e-10,2.80079346858672e-10,1.8925065394905182e-10,4.6926594768425765e-05,8.727676848090902e-11,1.782920322259868e-10,1.2034891826060748e-10,5.268318963074342e-06,1.3295665399277796e-10,1.6104480211118898e-10,3.010647455436639e-05,6.465796622984878e-11,6.938111748693949e-06,0.9999107588486651
rh_chr14_25292543,"{Vv,Vv}",0.9999446257384258,0.9999406704340277,Vv,Vv,chr14,25199498,False,2.3357998125318643e-10,2.900663036925196e-10,3.367746236734766e-10,2.0414480198230146e-10,2.4934977231155737e-05,8.040410962752978e-11,2.0419161031807533e-10,9.527622557138942e-11,8.472766914672553e-06,1.7067501884533046e-10,1.8290211131875484e-10,1.6549991876298462e-05,5.626672718217739e-11,5.414671270516278e-06,0.9999446257384258
rh_chr14_25365836,"{Vv,Vv}",0.9999145651828435,0.9999084626959037,Vv,Vv,chr14,25271928,False,2.2700036619316237e-10,3.1306039365335984e-10,3.376894345613263e-10,2.0363848308063676e-10,3.133988552651903e-05,9.682235948661636e-11,2.2220034022664812e-10,1.1228890418772619e-10,2.081225468487401e-05,1.9305431423143233e-10,2.140829024168139e-10,2.2896335377850477e-05,7.088520889181494e-11,1.0384350844503595e-05,0.9999145651828435
rh_chr14_25499021,"{Vv,Vv}",0.9997820188341127,0.999766448750835,Vv,Vv,chr14,25405566,False,1.804132290845725e-10,3.279152931076302e-10,3.8996798781785866e-10,2.7542043343638503e-10,4.788733811259631e-05,1.2743302125657878e-10,3.0277519328958396e-10,2.0417375255383035e-10,5.614586055685886e-05,2.5987536680863513e-10,2.7719383480815544e-10,6.890719907097587e-05,1.0814700714881118e-10,4.5038314831869435e-05,0.9997820188341127
rh_chr14_25568672,"{Vv,Vv}",0.9997838097856843,0.9997683676275189,Vv,Vv,chr14,25475218,True,4.191594796644639e-10,1.1167089808154003e-09,1.261298877120734e-09,9.949316769243055e-10,4.471824015622402e-05,4.3940684094738916e-10,1.2790095670815478e-09,1.0117653910202957e-09,5.190352447304088e-05,7.921476946667124e-10,1.1693494948724473e-09,7.511423952972964e-05,3.7714884643849077e-10,4.444534922988178e-05,0.9997838097856843
rh_chr14_25763085,"{Vv,Vv}",0.9998536762383026,0.9998432245410385,Vv,Vv,chr14,25668877,False,6.198461732903649e-10,1.8315817142658645e-09,1.9266965073516807e-09,1.6882338772306028e-09,1.9648542508289203e-05,7.450464367847094e-10,2.0682699120860558e-09,1.8221426843793655e-09,2.3883542387699337e-05,1.5595966737479991e-09,2.0424070463262395e-09,7.624588173555432e-05,6.730961662870233e-10,2.6530818148669752e-05,0.9998536762383026
rh_chr14_25974508,"{Vv,Vv}",0.9998234454526427,0.9998108344135457,Vv,Vv,chr14,26189262,False,2.5316336370187375e-10,3.6604464630246993e-10,7.394851828832155e-10,4.739697712319042e-10,1.3652341791873156e-05,2.4633513410194577e-10,6.603595890316588e-10,4.690912203503889e-10,2.8541708052109125e-05,5.74396508138525e-10,6.528590514163103e-10,9.522078516527497e-05,2.8813889543819e-10,3.9134988504703305e-05,0.9998234454526427
rh_chr14_26071578,"{Vv,Vv}",0.9998269111084297,0.9998145476161747,Vv,Vv,chr14,26286342,False,2.2721468466808175e-10,3.2908264356116126e-10,7.873999564290576e-10,4.91365092668501e-10,2.2376581459244672e-05,2.3669878671671564e-10,6.01633262802646e-10,4.1874449380170476e-10,1.658961324977608e-05,2.7940295178969526e-10,4.1061832906333927e-10,8.696544864637155e-05,1.291662230675041e-10,4.715333688846374e-05,0.9998269111084297
rh_chr14_26224717,"{Vv,Vv}",0.9998608022794538,0.9998508595851291,Vv,Vv,chr14,26439461,False,1.6926100637859647e-10,4.6038889225775217e-10,7.274710529318061e-10,4.828988758798625e-10,2.3625118959262886e-05,2.803907909046856e-10,9.700265249218862e-10,6.517601742607721e-10,2.206223206880296e-05,3.566293251630686e-10,7.226339643590532e-10,5.745837051778127e-05,2.1228318654521233e-10,3.604696525649873e-05,0.9998608022794538
rh_chr14_26404940,"{Vv,Vv}",0.999907179570341,0.9999005495396511,Vv,Vv,chr14,26618840,False,3.670477540320272e-10,7.690230206316091e-10,1.2184777865186133e-09,9.202203936781667e-10,2.1975660472314964e-05,3.1633804407177513e-10,1.2061861441946016e-09,9.042713247868442e-10,1.727649022753337e-05,5.044979733087065e-10,1.2166332936539491e-09,3.0585564892231326e-05,3.638888243419204e-10,2.2974927482250395e-05,0.999907179570341
rh_chr14_26687062,"{Vv,Vv}",0.9999616229191048,0.9999588816990409,Vv,Vv,chr14,26909664,False,1.5107148411917882e-10,1.1932946898366917e-10,1.4995358656136553e-10,1.6726999260831268e-10,2.1686872620640293e-05,4.803700250881207e-11,9.61050226501106e-11,9.720865108411073e-11,6.679341826584295e-06,5.2440317868530496e-11,1.0392036074898637e-10,3.4710576844501213e-06,5.7854806335237724e-11,6.5387655728314814e-06,0.9999616229191048
rh_chr14_26802285,"{Vv,Vv}",0.9999395152523646,0.9999351949132478,Vv,Vv,chr14,27024496,True,3.766128273678531e-10,2.2092311456667192e-10,2.1999509519887946e-10,2.7456682808910774e-10,3.3204007124631664e-05,8.923693376511074e-11,1.2657807859019578e-10,1.4672124214072278e-10,9.496514341695503e-06,6.725700554384963e-11,1.3805738772459552e-10,7.450477406655969e-06,9.132881231210797e-11,1.0331997485082656e-05,0.9999395152523646
rh_chr14_26877597,"{Vv,Vv}",0.9999430834733632,0.9999390180071749,Vv,Vv,chr14,27099822,False,4.513718378323432e-10,1.990264541163177e-10,2.001201365201073e-10,2.706316790354471e-10,3.627685991386814e-05,1.019998339908849e-10,1.351711017342481e-10,1.5790127689188333e-10,6.816724349765403e-06,6.908101334130744e-11,1.5226308713872137e-10,5.5269456780873616e-06,9.585957692279188e-11,8.294163268972244e-06,0.9999430834733632
rh_chr14_26987507,"{Vv,Vv}",0.9999101319154454,0.9999037127665487,Vv,Vv,chr14,27206340,True,5.954313783418142e-10,4.4980303800038613e-10,4.788050685116606e-10,5.893265081877646e-10,4.1032294300517715e-05,1.9274207352366504e-10,2.0889351306590452e-10,2.51242708626872e-10,1.6625852804231632e-05,1.2333015546370142e-10,2.652075244380014e-10,1.4222280038629566e-05,1.768008569293158e-10,1.7984325828329784e-05,0.9999101319154454
rh_chr14_27088319,"{Vv,Vv}",0.9999051758160659,0.9998984026600706,Vv,Vv,chr14,27304600,False,5.829081337459292e-10,4.95820043180852e-10,5.871165278958984e-10,7.289878021304981e-10,3.909515282936906e-05,2.53698920374874e-10,2.3266829963174166e-10,2.8596529466257884e-10,1.930435173035197e-05,1.3911810200837263e-10,3.493422027743227e-10,1.5864560942529208e-05,2.085636281594459e-10,2.0556254242925494e-05,0.9999051758160659
rh_chr14_27199117,"{Vv,Vv}",0.9999227105351455,0.9999171898590844,Vv,Vv,chr14,27418969,False,3.5282888080858796e-10,5.098208247192321e-10,4.0266406951449287e-10,4.906217893909652e-10,2.677772439254027e-05,3.3631364966503717e-10,1.9444704287364603e-10,2.80032550528914e-10,2.602759710355261e-05,9.816520315077486e-11,2.5459270270887147e-10,1.0209327419311481e-05,1.3648867032151133e-10,1.427175996377834e-05,0.9999227105351455
rh_chr14_27294117,"{Vv,Vv}",0.9999319403586895,0.9999270789557387,Vv,Vv,chr14,27514144,True,2.627104996234423e-10,4.783826653853013e-10,3.582411337886967e-10,4.231389738160403e-10,2.325218042042111e-05,2.1897310271463012e-10,2.385641692779273e-10,2.995109129481596e-10,2.052744794392326e-05,7.765273529055226e-11,2.3159389681940274e-10,1.072058496723091e-05,1.0747209169298924e-10,1.3556731738774259e-05,0.9999319403586895
rh_chr14_27425134,"{Vv,Vv}",0.9999821323296455,0.9999808560674773,Vv,Vv,chr14,27645233,False,6.269377695104648e-11,9.130030339611708e-11,6.089847303306944e-11,7.46317254695683e-11,9.053046838787134e-06,2.321951644110683e-11,3.0941465154319743e-11,4.2288120410051005e-11,3.607260436126263e-06,8.913585725487742e-12,2.9787026203623746e-11,2.022073856951292e-06,1.6370732071952015e-11,3.1848481778739336e-06,0.9999821323296455
rh_chr14_27607541,"{Vv,Vv}",0.9999563458044302,0.9999532276476037,Vv,Vv,chr14,27821111,False,4.694504558619572e-11,1.0045761709860203e-10,3.639320660738596e-11,4.781793326713355e-11,3.099925896397836e-05,1.2710709904469926e-11,1.541697504697642e-11,3.2941111922355955e-11,3.930162816431681e-06,6.9854307564678234e-12,1.8752851029415862e-11,1.6821818800081536e-06,1.546458800489795e-11,7.042258023965377e-06,0.9999563458044302
rh_chr14_27729833,"{Vv,Vv}",0.9999671548394276,0.9999648087565295,Vv,Vv,chr14,27943264,False,2.8735907355732798e-11,3.107128432331671e-11,2.249971832431897e-11,3.687644983923892e-11,2.4451981539347325e-05,3.970930185932744e-12,6.623969524051901e-12,1.1255886893861114e-11,9.442600072675708e-07,2.9514774135151073e-12,9.121889297908427e-12,1.2158694358254246e-06,8.23863553560769e-12,6.232888243869718e-06,0.9999671548394276
rh_chr14_27856994,"{Vv,Vv}",0.9999699577798329,0.9999678119069638,Vv,Vv,chr14,28070314,False,4.860553292597646e-11,4.864411228909405e-11,3.574889812835257e-11,8.545220734898921e-11,2.0230250859459962e-05,1.033750031606548e-11,1.6266600693467982e-11,1.3830145687700316e-11,1.4959969409878315e-06,9.754988070262029e-12,1.5910735264374993e-11,1.91228764108412e-06,1.7952444104494223e-11,6.403382222443452e-06,0.9999699577798329
rh_chr14_27926007,"{Vv,Vv}",0.9999334017517355,0.9999286447340023,Vv,Vv,chr14,28139154,False,1.4049157347306138e-10,1.5887106386373382e-10,1.0433338049435876e-10,1.8867516286197995e-10,3.333935236637124e-05,5.525224235272009e-11,8.61517837608042e-11,6.225410887867338e-11,8.8711144256064e-06,4.46142989879231e-11,7.250499709283482e-11,1.301198309405691e-05,5.362653100298621e-11,1.137483160338002e-05,0.9999334017517355
rh_chr14_28052199,"{Vv,Vv}",0.9998588127893105,0.9998487279885471,Vv,Vv,chr14,28265375,False,8.169479056611001e-10,3.463132420872938e-10,6.051845362053319e-10,8.969668304517925e-10,6.15561187053582e-05,1.4663964083708855e-10,4.533397752193462e-10,2.3252290239373634e-10,1.2935126649132654e-05,4.239037104255704e-10,4.888474112748003e-10,3.80342352468902e-05,2.8971398291985174e-10,2.865702970814205e-05,0.9998588127893105
rh_chr14_28292032,"{Vv,Vv}",0.999610441194407,0.999582615565436,Vv,Vv,chr14,28504114,False,1.096505202819142e-09,9.076756824648146e-10,2.449457162260222e-09,1.5484800624034161e-09,8.621452640678589e-05,2.3634037933928584e-10,9.888188557087785e-10,7.206010949954299e-10,4.511576427268574e-05,1.4453088875473949e-09,2.4562030299628624e-09,0.00021265637543316517,5.768343485230337e-10,4.5559713255659676e-05,0.999610441194407
rh_chr14_28371145,"{Vv,Vv}",0.9995626256741276,0.999531384650851,Vv,Vv,chr14,28581878,False,6.060026194395135e-10,6.271371635895595e-10,1.3350314648905199e-09,1.1916581184606354e-09,8.390690452403355e-05,1.3226382330934565e-10,4.5778818141959407e-10,6.432106857818941e-10,5.3849456677880433e-05,3.2651433229417426e-10,2.0676269143099467e-09,0.00025727741654952646,4.03644261495513e-10,4.233275724335543e-05,0.9995626256741276
rh_chr14_28521701,"{Vv,Vv}",0.9997831315281659,0.9997676409230349,Vv,Vv,chr14,28731776,False,1.931332783377236e-10,2.2064361741068381e-10,4.808640532122719e-10,2.9712527083879093e-10,4.405180664848083e-05,5.495701066309364e-11,2.92722345951997e-10,1.4364872623604896e-10,3.000367418325398e-05,1.765216010005032e-10,4.040765499565678e-10,0.00011822031054965106,6.926156173867101e-11,2.4590347498763993e-05,0.9997831315281659
rh_chr14_28627512,"{Vv,Vv}",0.9998760203159326,0.9998671646242135,Vv,Vv,chr14,28837530,True,2.2392730580189397e-10,2.683960463208797e-10,5.677580576322546e-10,3.8780971691223995e-10,2.569883580183393e-05,8.365019674990006e-11,4.618202094829248e-10,2.0259767709899915e-10,1.9139770202188042e-05,2.7339753748546013e-10,5.170961183474101e-10,6.287064949155444e-05,9.321164668874694e-11,1.6267348907242943e-05,0.9998760203159326
rh_chr14_28696564,"{Vv,Vv}",0.9999523993525921,0.9999489993063486,Vv,Vv,chr14,28906876,False,2.0141344136960735e-10,1.6185342255883264e-10,3.3593287390393397e-10,3.3866813961224003e-10,9.778593553127674e-06,5.4286731117954457e-11,2.7425109990367083e-10,1.3369773774511336e-10,8.103551662673572e-06,1.7057394069590432e-10,3.2819118516346437e-10,2.2829000889998915e-05,7.369784111439906e-11,6.88742873562567e-06,0.9999523993525921
rh_chr14_28947831,"{Vv,Vv}",0.9999307199728492,0.9999257713994814,Vv,Vv,chr14,29156567,False,1.7870914255982947e-09,4.6434885692889825e-10,7.571481633445357e-10,2.30964883625703e-09,1.578074972364871e-05,2.8405885309986477e-10,5.560493899411394e-10,5.589276136335694e-10,1.958464022923733e-05,5.079892264031106e-10,9.274924989391081e-10,1.8352442958662243e-05,7.553688489260311e-10,1.5553286115487092e-05,0.9999307199728492
rh_chr14_29138298,"{Vv,Vv}",0.9999407287036798,0.9999364950396569,Vv,Vv,chr14,29347718,False,4.53443996549477e-09,6.081935500400789e-10,8.831412079381101e-10,6.39502376302491e-09,1.6656980283246634e-05,2.7765234348005725e-10,5.686373508483806e-10,1.0735257403278693e-09,1.0722624506521932e-05,6.802551238196009e-10,1.4284078920258651e-09,1.3469442218167447e-05,1.7158413917468017e-09,1.840408419388933e-05,0.9999407287036798
rh_chr14_29234849,"{Vv,Vv}",0.9999476979548533,0.9999439620944857,Vv,Vv,chr14,29443813,False,7.079591757099468e-09,8.212992491711763e-10,1.2109779478998232e-09,1.2398438031826036e-08,1.2349670877138747e-05,3.592011414695829e-10,7.573330502695758e-10,1.7317014110945353e-09,4.842701929910485e-06,9.65262291480451e-10,2.240668193176397e-09,9.771186619322546e-06,2.729112930399515e-09,2.5308192134425197e-05,0.9999476979548533
rh_chr14_29335601,"{Vv,Vv}",0.9998807715727369,0.9998722552565038,Vv,Vv,chr14,29543220,False,1.6093723063389407e-08,1.5648272204749767e-09,2.31190864535471e-09,3.5093687643594486e-08,3.0169059174240674e-05,7.652453182844729e-10,1.4588572802704096e-09,4.6113051937173395e-09,1.0602194322194725e-05,2.1259134938209774e-09,5.868630941864077e-09,2.7539844625029956e-05,7.3602879356139455e-09,5.0840074754887055e-05,0.9998807715727369
rh_chr14_29446606,"{Vv,Vv}",0.9997734308513235,0.9997572473407038,Vv,Vv,chr14,29655717,False,7.706763581329495e-08,7.202714044032375e-09,1.0575481104834728e-08,9.093708849271274e-08,6.614572750798163e-05,3.702540792638725e-09,6.937487034241949e-09,1.122563801538011e-08,1.901434260892249e-05,1.0392015460467865e-08,1.536299579297944e-08,6.655165044804313e-05,3.0562637628642344e-08,7.459346187733353e-05,0.9997734308513235
rh_chr14_29574449,"{Vv,Vv}",0.9988976278524218,0.9988188869847376,Vv,Vv,chr14,29782845,False,1.0825946359941638e-06,7.904989296344071e-08,1.209452924030359e-07,6.754382836344742e-07,0.00043950280692598055,5.1955764641969735e-08,8.272970373988678e-08,8.031372195007749e-08,0.00012205866969076838,7.828496157719192e-08,1.1579942395234637e-07,0.00017769567320994142,3.009418178743626e-07,0.00036044694425280924,0.9988976278524218
rh_chr14_29774895,"{Vv,Vv}",0.9972934022889709,0.9971000738810403,Vv,Vv,chr14,29982096,False,3.6919463005648604e-06,8.263825157077501e-07,9.323804410036295e-07,2.8806301250457393e-06,0.0008616289880636984,3.980393278830468e-07,5.640630752126616e-07,7.293632820278754e-07,0.0005084832658270516,4.666801519629373e-07,8.157947059922918e-07,0.0005650962302354798,1.2165253962340519e-06,0.0007588674215812315,0.9972934022889709
rh_chr14_29979493,"{Vv,Vv}",0.9950728659641809,0.9947209278187652,Vv,Vv,chr14,30176005,False,8.390009989044633e-06,2.387078445501711e-06,2.5747785887264906e-06,7.116974276166328e-06,0.0014477787040977296,1.1591661328006719e-06,1.770428125483817e-06,2.139870895160025e-06,0.0010382645915639876,1.2703668507586291e-06,2.284661756455713e-06,0.0010979358179561813,2.8868628547330443e-06,0.0013111747242862798,0.9950728659641809
rh_chr14_30126656,"{Vv,Vv}",0.9935404607475509,0.9930790650866617,Vv,Vv,chr14,30323100,False,9.309060619046256e-06,4.097646943803142e-06,4.315356899670964e-06,8.884194644600908e-06,0.0018244203672011497,1.9847162533520314e-06,3.255197960320816e-06,3.757544029868282e-06,0.0014194590979880715,2.1265796573343094e-06,3.932092154015802e-06,0.0014812085502835114,3.844409704257701e-06,0.0016889444381100892,0.9935404607475509
rh_chr14_30203422,"{Vv,Vv}",0.9864083075439346,0.9854374723685013,Vv,Vv,chr14,30399516,False,1.2318049706722679e-05,8.495434698471422e-06,8.766113692585776e-06,1.3493627537024175e-05,0.00360716186674602,4.670558528122228e-06,7.32792650761386e-06,8.027234784002273e-06,0.0031810268711165313,4.864140268498347e-06,8.251984293701979e-06,0.003257277617987196,6.767553009862554e-06,0.003463243477188938,0.9864083075439346
rh_chr15_177997,"{Vv,Vv}",0.9878132774123364,0.9869427972275032,Vv,Vv,chr15,224806,False,5.556818572741214e-06,1.0894592744601975e-05,7.591463095894646e-06,8.323476226381827e-06,0.0011152617925626947,1.4819540405489395e-05,1.2388655658347965e-05,4.1873967993028985e-05,0.004367469350560251,7.362761173990052e-06,9.575462544717701e-06,0.0012491847637736374,8.837922362822972e-06,0.005327582019989053,0.9878132774123364
rh_chr15_482675,"{Vv,Vv}",0.9917449516424465,0.9911553053311927,Vv,Vv,chr15,529374,False,1.1983463844168556e-06,2.84540763033929e-06,2.017368167476342e-06,2.2078986651637545e-06,0.0007398013940155271,5.180330551998694e-06,4.014489194736462e-06,1.3562255098807987e-05,0.003093645874261304,2.451102210347225e-06,3.214878226576915e-06,0.0008890205673331756,2.9524263478080087e-06,0.0034929360194659153,0.9917449516424465
RH59031BB5F65E40CZ0Z,"{Vv,Vv}",0.9924267282873247,0.9918857803078479,Vv,Vv,chr15,634426,True,1.0546886653443199e-06,2.6896816296044398e-06,1.8898868870751611e-06,2.147979752472365e-06,0.0006770108240518821,4.917184116197253e-06,3.883027817494133e-06,1.2863907724801309e-05,0.002868617488146663,2.2826792900481286e-06,3.201587321509491e-06,0.0008329110022067514,2.8626770935891406e-06,0.003156939097971878,0.9924267282873247
RHABFA2EBD5365422Z0Z,"{Vv,Vv}",0.9924621997417921,0.9919237854376344,Vv,Vv,chr15,639768,True,1.0480584078351607e-06,2.682956857958553e-06,1.8845302768479226e-06,2.145739197750671e-06,0.0006735896474005175,4.904617901092376e-06,3.877573104618766e-06,1.283331422616744e-05,0.0028569845048380593,2.2748151152094557e-06,3.2017326234148404e-06,0.0008298307934016494,2.8584595205356585e-06,0.0031396835153362805,0.9924621997417921
RH6D265AA7EAB4ABZ0Z,"{Vv,Vv}",0.9926050884873109,0.9920768805221188,Vv,Vv,chr15,661162,True,1.0217602833535216e-06,2.655387133735373e-06,1.8628186476814566e-06,2.136057434296473e-06,0.0006596631538639485,4.854412059894868e-06,3.855058980784817e-06,1.2709837241097264e-05,0.0028101997021512297,2.243607289829458e-06,3.201562700992698e-06,0.0008172712092271175,2.8414463035294853e-06,0.0030703954993717363,0.9926050884873109
RH37D209FB08574C5Z0Z,"{Vv,Vv}",0.992988658080404,0.99248784794329,Vv,Vv,chr15,717641,True,9.546321319420136e-07,2.57915549194613e-06,1.8045620871676912e-06,2.1063153952773314e-06,0.0006211683664916552,4.723431200013116e-06,3.791982359791641e-06,1.2381035503860337e-05,0.0026851883348864933,2.1637507191144413e-06,3.196638708025079e-06,0.0007823954900069397,2.7961316871046184e-06,0.0028860920929266215,0.992988658080404
rh_chr15_1096801,"{Vv,Vv}",0.9962342372150359,0.9959652541589671,Vv,Vv,chr15,1149664,False,5.246393969762152e-07,1.6467867542116863e-06,1.1771626855397101e-06,1.5159228356935572e-06,0.00024288172090637593,3.7630496519288445e-06,2.9447773874607863e-06,9.220553456680254e-06,0.0016552680510343437,1.645839734138101e-06,2.7765295442110853e-06,0.0004323219690995409,2.4245112744626827e-06,0.001407651271202568,0.9962342372150359
rh_chr15_1547883,"{Vv,Vv}",0.9963815981471296,0.9961231408719246,Vv,Vv,chr15,1601335,False,4.050490785508592e-07,1.290367714645978e-06,1.0570214367234752e-06,1.4324392004393528e-06,0.00020769638948785288,3.3936187081999782e-06,2.7854542971703718e-06,8.217375896134024e-06,0.0017052676340004566,1.546920403738746e-06,2.9810998646224816e-06,0.0004810759022554815,2.489681195724426e-06,0.0011987628993306758,0.9963815981471296
rh_chr15_1928239,"{Vv,Vv}",0.9941612170543619,0.9937441611296735,Vv,Vv,chr15,1982160,False,4.153536670449856e-07,1.4660686089671722e-06,1.1949211638609677e-06,1.5881201069394965e-06,0.00047358092094100204,3.7671213835105377e-06,3.469095723415008e-06,8.869261733538994e-06,0.0022730206134324816,1.7553182402298217e-06,3.5810012086583752e-06,0.0011690888000069045,2.842579183608625e-06,0.0018941437702380056,0.9941612170543619
rh_chr15_2413245,"{Vv,Vv}",0.9915673350600425,0.9909650018500455,Vv,Vv,chr15,2446040,False,4.307653928103528e-07,1.6289901831710656e-06,1.5261402837079493e-06,1.8995858737942944e-06,0.0006203265704116314,4.511616828222153e-06,4.795453287278761e-06,1.0675987149524353e-05,0.002955606898400885,2.347488213262072e-06,5.095283589295389e-06,0.0019712329071155037,3.755513743589708e-06,0.0028488317394848167,0.9915673350600425
RH77CF3788C42740FZ0Z,"{Vv,Vv}",0.9914222612262797,0.9908095655995854,Vv,Vv,chr15,2464146,True,4.315389134126196e-07,1.6793258847020425e-06,1.553128325714108e-06,1.9421062358370853e-06,0.000642203953792662,4.513136140814385e-06,4.916669483577115e-06,1.0774687690830675e-05,0.0029697315193254977,2.382733323567455e-06,5.217657895566762e-06,0.0020327006887561967,3.802806927444375e-06,0.002895888821024474,0.9914222612262797
RH9D5A994245D843BZ0Z,"{Vv,Vv}",0.9913664238578226,0.990749739847667,Vv,Vv,chr15,2471147,True,4.318482309018497e-07,1.6988326332028276e-06,1.5638031440436384e-06,1.9587503676727172e-06,0.0006505922643850491,4.51364686442528e-06,4.9637609463309335e-06,1.0813063257565543e-05,0.0029751269470118095,2.396518652702426e-06,5.265639854232078e-06,0.0020564078495989044,3.8211461846154545e-06,0.0029140220710460337,0.9913664238578226
RH737C093946E1450Z0Z,"{Vv,Vv}",0.9913437503915813,0.9907254468481228,Vv,Vv,chr15,2473995,True,4.3197571172658056e-07,1.7067744309255481e-06,1.568182891827415e-06,1.965552718373549e-06,0.0006539933053779165,4.5138425187525025e-06,4.98295198154836e-06,1.0828707131304375e-05,0.002977311260193608,2.4021521580101847e-06,5.2852633915338975e-06,0.002066042274550418,3.828615431831673e-06,0.0029213887499309516,0.9913437503915813
rh_chr15_2868330,"{Vv,Vv}",0.9881838713893916,0.9873398622029196,Vv,Vv,chr15,2903515,False,4.947289166630514e-07,2.8083097066140126e-06,2.2997039153382424e-06,3.0243755864556346e-06,0.0010938840251828528,4.520242971757724e-06,7.846551789727372e-06,1.311239608194658e-05,0.0032385633096603736,3.7578905022676735e-06,8.605707053887942e-06,0.0034608219816540694,5.283582621720985e-06,0.003971105804964845,0.9881838713893916
rh_chr15_2990680,"{Vv,Vv}",0.98743387326594,0.9865362927849357,Vv,Vv,chr15,3019716,False,5.263560530366169e-07,3.320238428242918e-06,2.5304926687007383e-06,3.3694043505475786e-06,0.0012233807335422786,4.799859831853164e-06,8.600035621124534e-06,1.3833010091285822e-05,0.0033818620325800565,4.007014456736906e-06,9.433043824777145e-06,0.003729769010439177,5.542118864007548e-06,0.00417515338330823,0.98743387326594
rh_chr15_5536174,"{Vv,Vv}",0.9668611039981417,0.964494039998009,Vv,Vv,chr15,6840268,False,8.126757376960663e-06,1.6621643263481004e-05,2.2471410339999364e-05,2.0153172461401536e-05,0.0032611103632638003,1.0669593664198786e-05,2.300599211100375e-05,2.222327745564735e-05,0.0039307780579774226,0.00010330734614519971,0.00011031978070428402,0.015035488007251725,3.702052099757408e-05,0.010537600078845633,0.9668611039981417
rh_chr15_5694415,"{Vv,Vv}",0.9678128211201595,0.9655137369144566,Vv,Vv,chr15,6997518,True,7.888430620028359e-06,1.719623112278481e-05,2.5216394239715886e-05,2.191968133770725e-05,0.003290535985290539,1.0320275433301022e-05,2.5892572617904582e-05,2.4020192365515817e-05,0.003941674476195219,9.641762265672014e-05,0.00010940517637020089,0.014416337865727626,3.5225855821090925e-05,0.010165128120042033,0.9678128211201595
rh_chr15_6458112,"{Vv,Vv}",0.9942517177614052,0.9938411261729342,Vv,Vv,chr15,9549013,False,1.2782010319879593e-07,3.5094709367407585e-07,4.730779941406392e-07,3.666542208319227e-07,0.0008078428214390303,2.5527151414441093e-07,6.532144828786222e-07,5.169982082242382e-07,0.0012098632257521622,6.732786913133694e-07,8.923061873319494e-07,0.0021123418646446044,3.101897625840557e-07,0.001613614568500657,0.9942517177614052
rh_chr15_6901504,"{Vv,Vv}",0.9972225768568507,0.9970241894894829,Vv,Vv,chr15,9934598,True,5.0318551044397524e-08,2.1050359133241084e-07,2.2087493716066384e-07,1.7645333534519398e-07,0.0003670160334696158,1.362969621510016e-07,3.8530515992679144e-07,3.1205399763952167e-07,0.0007751011141721093,2.2960440314176494e-07,3.738437193204399e-07,0.0009163985318401811,1.1968200311086447e-07,0.0007166925270073439,0.9972225768568507
rh_chr15_6996975,"{Vv,Vv}",0.9980210776953167,0.997879726102125,Vv,Vv,chr15,10029977,False,3.880263708742655e-08,1.8741059596684983e-07,1.8767137381404032e-07,1.5073461681319934e-07,0.00024069123629120388,1.1055963050333977e-07,3.4141526228862914e-07,2.7777644347290136e-07,0.0006505950387721062,1.732311617365812e-07,3.1180828495695697e-07,0.0006063421124314004,9.243319247408521e-08,0.0004794220739894279,0.9980210776953167
rh_chr15_8267292,"{Vv,Vv}",0.9997514135909112,0.9997336574188335,Vv,Vv,chr15,11302324,False,1.1703525958556829e-09,3.5173139550375723e-09,4.499368272587252e-09,4.239806417340344e-09,1.2057329791087066e-05,1.9496923975496595e-09,6.233428624266899e-09,5.6214139532597475e-09,1.8417978013333812e-05,6.806209008123212e-09,1.4672290223935797e-08,0.00010278151922480812,2.4561017507009073e-09,0.00011527841608232178,0.9997514135909112
rh_chr15_8357773,"{Vv,Vv}",0.9998280724913003,0.9998157919549646,Vv,Vv,chr15,11391578,False,9.949931716588925e-10,3.1547720562966445e-09,4.60330003256669e-09,4.507538864556189e-09,8.828295457616209e-06,1.5711380663029728e-09,6.0851378240179464e-09,5.623482351862995e-09,1.3163033508363838e-05,5.3951492727072775e-09,1.3826090274765725e-08,7.316643234600456e-05,2.452524837798924e-09,7.672153326097149e-05,0.9998280724913003
rh_chr15_9562659,"{Vv,Vv}",0.9999277536371854,0.9999225931826987,Vv,Vv,chr15,12574688,False,4.288857114108862e-10,4.06905753970309e-10,4.96666218064177e-10,5.446397572869332e-10,2.5955951771486766e-05,2.680556100716639e-10,4.575005652925813e-10,4.6273789408153554e-10,1.227654632982709e-05,3.2376412550313716e-10,5.449971087339222e-10,1.557728263124282e-05,3.369544298094675e-10,1.8432310974740935e-05,0.9999277536371854
RH1666952723F7472Z0Z,"{Vv,Vv}",0.9999302380963979,0.9999252551032835,Vv,Vv,chr15,12579482,True,4.0483463916252453e-10,3.944650022164262e-10,4.807287568122696e-10,5.269851366060056e-10,2.4993750056449373e-05,2.5240741023064965e-10,4.411329387460199e-10,4.4659116763794724e-10,1.1901029912911942e-05,3.051573932964399e-10,5.25694036775202e-10,1.5066014769153629e-05,3.178878956364886e-10,1.779701297910935e-05,0.9999302380963979
RH892396139D3C45FZ0Z,"{Vv,Vv}",0.9999402917288337,0.9999360268523219,Vv,Vv,chr15,12597842,True,3.1672168219091385e-10,3.42061283090473e-10,4.1452757505270274e-10,4.5385229552819486e-10,2.1174891548416572e-05,1.955985574758499e-10,3.751362900330512e-10,3.8105580637614125e-10,1.03276089830359e-05,2.3743759073244323e-10,4.476640774158146e-10,1.2973032953534118e-05,2.482584311352291e-10,1.5229325367768787e-05,0.9999402917288337
rh_chr15_9660835,"{Vv,Vv}",0.9999901815183246,0.999989480198205,Vv,Vv,chr15,12672764,False,3.394281701776676e-11,3.841581360766166e-11,4.6940313538386303e-11,5.162645577675277e-11,3.388973482707005e-06,1.8413813631506184e-11,3.9259053406013925e-11,4.068081051132512e-11,1.681176282465687e-06,2.435462262633638e-11,4.87380920637601e-11,2.2119339867924186e-06,2.6683128676364175e-11,2.5360288684713027e-06,0.9999901815183246
RH436B7AC2E6CE44BZ0Z,"{Vv,Vv}",0.9999891601146976,0.9999883858371761,Vv,Vv,chr15,12680904,True,3.267383072752569e-11,3.8944944440429875e-11,4.733344749369685e-11,5.197032727065514e-11,3.6099177503726193e-06,1.7614451103332835e-11,3.9248018618768554e-11,4.074817052813797e-11,1.9477279478251514e-06,2.335557443861655e-11,4.868179913953729e-11,2.4787753577632633e-06,2.56832250616201e-11,2.8030979926083753e-06,0.9999891601146976
rh_chr15_9799495,"{Vv,Vv}",0.9999961776878238,0.9999959046655255,Vv,Vv,chr15,12814475,False,3.931483640264643e-12,3.047911202135553e-12,4.273912586260058e-12,5.448382025727305e-12,1.2945993996556538e-06,8.853002933944183e-13,2.300956834419646e-12,3.0214593425026154e-12,3.7319138803324623e-07,2.1889106229016675e-12,4.2163866576694644e-12,9.122759923828515e-07,3.5601482220537544e-12,1.242212521332325e-06,0.9999961776878238
rh_chr15_9863712,"{Vv,Vv}",0.9999816144908501,0.9999803012401965,Vv,Vv,chr15,12879602,False,6.640231766288713e-12,5.132796567474423e-12,6.672332235591921e-12,9.444069540858517e-12,6.28134126582295e-06,1.780298503354694e-12,3.486949866250113e-12,5.161946702108255e-12,1.0322031945527593e-06,3.1743974617730097e-12,6.724302495187449e-12,4.526031303831157e-06,6.907692359832268e-12,6.5458782606427885e-06,0.9999816144908501
RH10AAD5E7D52F4A3Z0Z,"{Vv,Vv}",0.9999527760025924,0.9999494028599204,Vv,Vv,chr15,12956456,True,5.903984521587144e-11,5.051014996316335e-11,6.649056668290659e-11,1.0096084889746114e-10,1.455482473695057e-05,1.4728373179553506e-11,3.038573035393807e-11,5.058407172625574e-11,6.692598423463156e-06,2.324874058682538e-11,6.690604129015982e-11,9.691143857576016e-06,6.412316958537201e-11,1.6284903412054233e-05,0.9999527760025924
rh_chr15_9993215,"{Vv,Vv}",0.9999416470597898,0.999937478992632,Vv,Vv,chr15,13008940,False,8.320044379100932e-11,8.163573701190065e-11,1.0032166430986975e-10,1.660197833823452e-10,1.8067640217993523e-05,1.6223157777811582e-11,4.119971617767774e-11,8.036652798948018e-11,8.409517416912593e-06,2.400891764161687e-11,9.897399807372595e-11,1.1072975408952762e-05,9.00800654695224e-11,2.0802025136260052e-05,0.9999416470597898
RHDCBB7A69002D45AZ0Z,"{Vv,Vv}",0.9999243387846,0.9999189344120714,Vv,Vv,chr15,13059420,True,1.417893610470298e-10,1.906418433368472e-10,2.1964645501673726e-10,3.279898986876405e-10,2.2739697601329266e-05,4.63499571004723e-11,1.2809349098575946e-10,2.0275994215251531e-10,1.1422464070797793e-05,6.176832979967967e-11,2.3352673481316043e-10,1.411877570368873e-05,1.716886425724957e-10,2.7378553769516484e-05,0.9999243387846
rh_chr15_10257839,"{Vv,Vv}",0.9999223125451467,0.9999167634412287,Vv,Vv,chr15,13272640,False,1.0864224774256762e-10,1.3511235611909832e-10,1.4999285391320014e-10,2.7279556858896806e-10,2.473778364627271e-05,4.1415332728071073e-11,8.70999862131685e-11,1.6384296009004474e-10,6.301800468722751e-06,5.228061158151138e-11,1.8469520779727713e-10,9.160123547438676e-06,1.9759206628840986e-10,3.748635372165887e-05,0.9999223125451467
RH5C83341A09B940DZ0Z,"{Vv,Vv}",0.9999127962384726,0.9999065673983635,Vv,Vv,chr15,13409200,True,9.38515195850068e-11,1.44298097677997e-10,1.554228794579225e-10,2.590451469372723e-10,2.5522960571020465e-05,4.245737518033524e-11,9.221743742404611e-11,1.815919502816839e-10,1.3554438685398325e-05,4.991168283846305e-11,1.9411657935297352e-10,1.531827344528445e-05,1.3278852022968398e-10,3.2806743124386514e-05,0.9999127962384726
rh_chr15_10407188,"{Vv,Vv}",0.9999142844904354,0.999908161954038,Vv,Vv,chr15,13421734,False,8.17421181167855e-11,1.3668473032084606e-10,1.4682341749597612e-10,2.416060408094568e-10,2.5005663725393367e-05,3.71844158111381e-11,8.86181971942306e-11,1.7094928755905829e-10,1.3627198354538674e-05,4.355643744590874e-11,1.8227182631773255e-10,1.5291123443410736e-05,1.1397735358522088e-10,3.179028062743718e-05,0.9999142844904354
RH731A81C2860E409Z0Z,"{Vv,Vv}",0.9999041462521929,0.999897299555921,Vv,Vv,chr15,13475512,True,1.8296281030390245e-10,3.825388238488097e-10,4.015230971654943e-10,5.848964166179284e-10,2.7325711805407822e-05,9.959230778390491e-11,2.821140888422674e-10,4.5222036895653907e-10,1.7184358931337787e-05,1.1083903684019101e-10,4.719691325084598e-10,1.8608157443151875e-05,2.282754415192196e-10,3.273232269564283e-05,0.9999041462521929
rh_chr15_10773666,"{Vv,Vv}",0.9999886291490918,0.9999878169454555,Vv,Vv,chr15,13785606,False,5.337107601731602e-11,5.83917396800634e-11,5.974026724834735e-11,7.396482155095018e-11,5.009777647675815e-06,1.5702508149279048e-11,3.119269310418353e-11,3.9770086391321454e-11,1.8967699907611703e-06,1.6281476206427526e-11,4.0603248135374326e-11,1.949572127958739e-06,2.3007033306693704e-11,2.5143191168190234e-06,0.9999886291490918
rh_chr15_10851058,"{Vv,Vv}",0.9999680371328327,0.9999657540708922,Vv,Vv,chr15,13863066,False,8.226697715984032e-11,8.959730182967016e-11,9.072992755519187e-11,1.037574202765033e-10,1.5604299495534e-05,2.3948303660981388e-11,4.915555727870367e-11,5.6810783959780116e-11,5.284195946087214e-06,2.433854261817341e-11,5.748201705856252e-11,5.313742642278646e-06,3.008412935828438e-11,5.760020912483368e-06,0.9999680371328327
rh_chr15_10990214,"{Vv,Vv}",0.9999690085517606,0.9999667948768864,Vv,Vv,chr15,14002198,False,3.614744209058686e-11,4.830016890023616e-11,4.834239970117955e-11,5.3698432875085704e-11,2.521566494449086e-05,1.475106591647675e-11,2.929029141674769e-11,3.2332137156882085e-11,1.8544743462570022e-06,1.4692310404193792e-11,3.237030553431518e-11,1.842380505259866e-06,1.7982043448582052e-11,2.078600536691073e-06,0.9999690085517606
rh_chr15_11204418,"{Vv,Vv}",0.9999424096957236,0.999938296102561,Vv,Vv,chr15,14222873,False,1.8394902462237858e-10,1.8678647388564065e-10,1.8564432506438265e-10,2.1461858654614326e-10,2.3226445246159424e-05,3.120336419336717e-11,5.145675036108875e-11,5.900271686520885e-11,1.0744269322798939e-05,3.061952630413779e-11,5.877129964678278e-11,1.0486788268766793e-05,4.407286160943123e-11,1.3131755313848706e-05,0.9999424096957236
rh_chr15_11421844,"{Vv,Vv}",0.9999759435133084,0.9999742251928304,Vv,Vv,chr15,14437113,False,1.393619997663478e-10,1.5446689433546298e-10,1.5653553675205697e-10,2.3988580214878154e-10,5.999554246365073e-06,4.872150667464493e-11,9.01683049109818e-11,1.3478588199973824e-10,4.1900595522172366e-06,5.095888059361276e-11,1.3741796558613334e-10,3.5131758065946394e-06,1.1393943283795844e-10,1.0352430844198124e-05,0.9999759435133084
rh_chr15_11503363,"{Vv,Vv}",0.9999667805932179,0.9999644077784478,Vv,Vv,chr15,14518086,False,1.7698100935009856e-10,2.0197926843937148e-10,2.0635958224010637e-10,2.9968904071187793e-10,6.207893425960855e-06,6.571863978023053e-11,1.3042143299675478e-10,1.789757107221592e-10,4.617142028127053e-06,7.176347604588296e-11,1.8409311428175554e-10,3.771109398563247e-06,1.3658283544474557e-10,1.862160936537343e-05,0.9999667805932179
rh_chr15_11792802,"{Vv,Vv}",0.9996205476616313,0.9995934439231764,Vv,Vv,chr15,14807777,False,6.895081839861711e-09,6.224360871143795e-09,6.62455912849268e-09,8.620661423875114e-09,0.00012190336012550402,3.194497199185545e-09,5.210456389031638e-09,6.2528223903738646e-09,7.223794440859021e-05,3.906043959257021e-09,6.69684505723655e-09,8.145154057928577e-05,5.4347051209110504e-09,0.00010380043322188995,0.9996205476616313
rh_chr15_12253375,"{Vv,Vv}",0.9995133368375113,0.9994785751830478,Vv,Vv,chr15,15266430,False,1.550110119571676e-08,1.410879099508915e-08,1.617235439165985e-08,2.228978344871855e-08,0.0001959228119676177,5.060673446104978e-09,1.2664880802728782e-08,1.3733546417918828e-08,6.827419409792053e-05,7.230710684357634e-09,1.571520561389223e-08,9.378081186429443e-05,1.0140398900095232e-08,0.00012855272711302098,0.9995133368375113
rh_chr15_12844486,"{Vv,Vv}",0.9997106608241114,0.9996899937401194,Vv,Vv,chr15,15877320,False,1.9659630004905523e-09,1.7975400314212106e-09,2.695786933744934e-09,6.813899422809543e-09,0.0001223850092668707,4.943476534166106e-10,1.3913730936627444e-09,2.0198677231644826e-09,9.09003521931458e-06,1.2454755436521034e-09,3.850207799830532e-09,7.509192039603626e-05,6.797565953809799e-09,8.274313897922928e-05,0.9997106608241114
rh_chr15_13063122,"{Vv,Vv}",0.9996812276821875,0.9996584582309151,Vv,Vv,chr15,16094637,False,2.537600930706486e-09,2.5731016796088116e-09,4.729633206344593e-09,1.3879913121715835e-08,9.44618195378971e-05,5.479169330246812e-10,2.0976753906667283e-09,1.7071185483136405e-09,1.3774780176774515e-05,2.1535506047928537e-09,6.531457613140332e-09,5.553737040879973e-05,1.3466823192392318e-08,0.00015494812289784156,0.9996812276821875
RH21D247D6844C40DZ0Z,"{Vv,Vv}",0.9995857997946281,0.999556214065673,Vv,Vv,chr15,16492393,True,5.867063484151709e-09,4.930828080280047e-09,1.0500660415360537e-08,2.0033724045579786e-08,0.00010371495898222976,1.6859269864405626e-09,4.121946038729012e-09,6.751252593131207e-09,5.455982308263113e-05,6.2704557924296825e-09,1.785823923373416e-08,0.00010752572375763767,1.8628023439358743e-08,0.00014830305142922686,0.9995857997946281
rh_chr15_13642456,"{Vv,Vv}",0.9996704462449841,0.9996469066910544,Vv,Vv,chr15,16664885,False,5.308346752147601e-09,3.6031607296210656e-09,1.0383886796846254e-08,2.0162842969916235e-08,7.626758710774036e-05,1.0971960533466192e-09,2.943397370464912e-09,5.454596950981222e-09,4.041196521340833e-05,6.10159435416787e-09,1.993905725432149e-08,9.856012538113397e-05,1.9092379744847294e-08,0.00011421999085460873,0.9996704462449841
rh_chr15_13698923,"{Vv,Vv}",0.9996769741245046,0.9996539008476836,Vv,Vv,chr15,16721438,False,6.75883702543255e-09,4.986133256081268e-09,1.452869156424989e-08,2.5211614497961402e-08,7.268882759739402e-05,1.5056602999636188e-09,4.294433229673483e-09,7.124580608588363e-09,3.8821864802905976e-05,8.431929125615975e-09,2.646737998176949e-08,0.00010225379649767233,2.220458996928029e-08,0.00010913987274783452,0.9996769741245046
RH81A0B633B8474DFZ0Z,"{Vv,Vv}",0.9996067043882043,0.9995786118445046,Vv,Vv,chr15,16758558,True,8.07263434983177e-09,6.183259864686363e-09,1.875246573096496e-08,2.9502326308399918e-08,8.93319240882562e-05,1.9010850382486948e-09,5.76005147020797e-09,8.547739643159268e-09,5.173422764293191e-05,1.1202637079821342e-08,3.290096829946569e-08,0.00012296041692758924,2.498186714723324e-08,0.00012912123810192004,0.9996067043882043
rh_chr15_13822901,"{Vv,Vv}",0.999456791785973,0.9994179911992568,Vv,Vv,chr15,16845038,False,1.2289963974029935e-08,9.764550017267325e-09,3.130249853234064e-08,4.2241086999038874e-08,0.00012464264602501132,3.2343455034023336e-09,9.973451560556329e-09,1.2635038119079499e-08,7.83122068415125e-05,1.9841979246008196e-08,5.177736197135197e-08,0.00016777956603732195,3.365586414659942e-08,0.00017224707898308783,0.999456791785973
rh_chr15_14360708,"{Vv,Vv}",0.9991336283699308,0.9990717446820687,Vv,Vv,chr15,17380574,False,1.9500324950898966e-08,2.4986696828558672e-08,4.187173905379875e-08,4.5614866176461036e-08,0.00019330533686250293,1.2717994804655005e-08,2.601268354449356e-08,2.7432826594040487e-08,0.00013876743398102566,3.160062179751865e-08,6.153657879026317e-08,0.00027157589142276273,3.486488319129866e-08,0.0002623968285871726,0.9991336283699308
RH90AA1A35AA92427Z0Z,"{Vv,Vv}",0.9991254661547576,0.999062999451526,Vv,Vv,chr15,17404614,True,1.9561503588322933e-08,2.5945572411740888e-08,4.2958869467505425e-08,4.652525281548742e-08,0.00019610447830672502,1.2789652785842648e-08,2.7346990296901952e-08,2.8672923282094314e-08,0.0001427213716380104,3.141760654819249e-08,6.227626407853606e-08,0.00027214363351376415,3.450792095675596e-08,0.0002632323592276379,0.9991254661547576
RH5C80D0BF07E54CFZ0Z,"{Vv,Vv}",0.9992268029506481,0.9991715745899802,Vv,Vv,chr15,17828180,True,1.4303637413618963e-08,2.1474912313480055e-08,3.0552606000705005e-08,3.144660103317565e-08,0.00018408000901017855,9.919467592385863e-09,2.378793709133017e-08,2.399166220072878e-08,0.00015073054977829178,1.8598213755601925e-08,3.788656915056159e-08,0.00022119888149151873,1.9429703904034824e-08,0.0002169562177613801,0.9992268029506481
RHD20F05349A47495Z0Z,"{Vv,Vv}",0.9992559073967485,0.9992027579250877,Vv,Vv,chr15,17863211,True,1.3463242463723868e-08,2.0894453562815354e-08,2.94261697492249e-08,3.022532015295403e-08,0.00017789133753199336,9.305117277318137e-09,2.3112717301995336e-08,2.3284988958408336e-08,0.0001461650630268091,1.723217059467588e-08,3.616694590334447e-08,0.00021183877406939493,1.7967327670098878e-08,0.00020797635016956532,0.9992559073967485
RH8921975E0AF24D1Z0Z,"{Vv,Vv}",0.999488785549738,0.9994522702318621,Vv,Vv,chr15,18067344,True,7.412941423292095e-09,1.1709362011872914e-08,1.570706627056779e-08,1.6014796722093423e-08,0.00012599311261042012,4.7176492334514126e-09,1.2669145894218832e-08,1.2726136551264163e-08,0.00010364632684860137,8.116777037949616e-09,1.8312964902648242e-08,0.0001415591828611839,8.409807728851455e-09,0.00013990003129404346,0.999488785549738
rh_chr15_15160259,"{Vv,Vv}",0.9996603983035187,0.9996361410394844,Vv,Vv,chr15,18178276,True,4.5944665763067095e-09,7.089325677493533e-09,9.307391752027043e-09,9.471278747400105e-09,8.649789703733892e-05,2.526898352609676e-09,7.527133364803241e-09,7.559465988315435e-09,6.91825085076086e-05,4.209713393951011e-09,1.0535930232441883e-08,9.216347114131312e-05,4.363887374394624e-09,9.169063430354148e-05,0.9996603983035187
rh_chr15_15294725,"{Vv,Vv}",0.9999109829611512,0.9999046246012334,Vv,Vv,chr15,18312686,False,2.138826628185969e-09,1.71499260822728e-09,2.2055774012386857e-09,2.2496062831071493e-09,2.795818995964504e-05,6.380934174244185e-10,1.695646405832484e-09,1.7073686647877577e-09,1.6681590036900952e-05,1.0293847795612913e-09,2.30838547568661e-09,2.170264202362368e-05,1.071234051535749e-09,2.2657857712901764e-05,0.9999109829611512
rh_chr15_15355400,"{Vv,Vv}",0.9999127722688441,0.9999065417166187,Vv,Vv,chr15,18373292,False,1.950883580332368e-09,1.306993178897093e-09,1.6598670402173885e-09,1.6982333039261663e-09,2.886164181963006e-05,4.635799689756271e-10,1.3042918856741481e-09,1.3181406742696113e-09,1.6599929318911716e-05,7.323777209792757e-10,1.7525497139355978e-09,2.046637227032422e-05,7.680035454825726e-10,2.128683282642475e-05,0.9999127722688441
rh_chr15_15468122,"{Vv,Vv}",0.9999422029222081,0.9999380745595088,Vv,Vv,chr15,18483510,True,7.239862584195826e-10,5.914074837963115e-10,7.284542900399875e-10,7.545513085428979e-10,1.8046010602301314e-05,1.8940909140778292e-10,5.624682845539106e-10,5.75418613299403e-10,1.1753811468054544e-05,2.860334347253999e-10,7.410229642541926e-10,1.3691777509871546e-05,3.1016635222095565e-10,1.4300015293526625e-05,0.9999422029222081
rh_chr15_15543151,"{Vv,Vv}",0.999979670474112,0.9999782183651199,Vv,Vv,chr15,18558320,False,2.888804966320622e-10,2.492750988297416e-10,3.0291672973248626e-10,3.2205881046663517e-10,6.345664110204076e-06,7.658321786228106e-11,2.2858916725491853e-10,2.386873680064975e-10,4.080731419395086e-06,1.1353615450529542e-10,3.02378853643601e-10,4.717573057545759e-06,1.310449374473749e-10,5.18330335007927e-06,0.999979670474112
rh_chr15_15843448,"{Vv,Vv}",0.9999372890830664,0.9999328097318569,Vv,Vv,chr15,18859032,False,1.956821038853214e-10,2.1384958323063606e-10,2.363400139119559e-10,2.887469080094349e-10,1.8258683222877854e-05,9.952180342659886e-11,1.8700624150223259e-10,2.0751204626183125e-10,1.2759396551144714e-05,1.1480838067704706e-10,2.3092959439773337e-10,1.3980304330007135e-05,1.725087160795196e-10,1.7710585924208123e-05,0.9999372890830664
rh_chr15_15944126,"{Vv,Vv}",0.9999742015637516,0.9999723588183053,Vv,Vv,chr15,18959710,False,5.368468924764902e-11,3.3292017596794886e-11,4.966830973251146e-11,1.0377939815197265e-10,9.48278537589263e-06,1.3739527212077345e-11,3.006178119999559e-11,3.285426856709663e-11,2.8784418681538425e-06,1.6361986664214618e-11,4.9414201659630884e-11,4.300283169924149e-06,5.2535521608542766e-11,9.136490442738694e-06,0.9999742015637516
rh_chr15_16000117,"{Vv,Vv}",0.9999949268283703,0.9999945644589682,Vv,Vv,chr15,19016058,False,9.402445041473436e-12,6.789337658544614e-12,9.263274174557957e-12,2.0109003865455654e-11,2.0789616547877944e-06,2.312932175343835e-12,5.2668471181221805e-12,7.569603106890778e-12,5.269582503665173e-07,2.918241530502257e-12,1.036333757049497e-11,7.253553336222555e-07,1.4102163604966842e-11,1.741808293718372e-06,0.9999949268283703
rh_chr15_16066225,"{Vv,Vv}",0.9999923709707264,0.999991826040064,Vv,Vv,chr15,19082162,False,1.0902112257190782e-11,1.3433720497910357e-11,1.536505644458703e-11,2.6265960254719517e-11,2.0203601192545665e-06,4.549857706757493e-12,9.639369199087569e-12,1.4376416856695059e-11,1.2786198289636392e-06,5.2810326634313194e-12,1.6626565260564985e-11,1.4221893107208762e-06,2.0264670211422997e-11,2.907723309938482e-06,0.9999923709707264
rh_chr15_16221824,"{Vv,Vv}",0.9999814158182764,0.9999800883767247,Vv,Vv,chr15,19239210,False,2.1793467775691483e-11,3.4501578687451167e-11,3.6481927954449944e-11,4.351328026935232e-11,2.7880013367567117e-06,1.5796312294822218e-11,3.133172046679479e-11,3.4910339543528135e-11,2.1337753328615427e-06,1.808850503955719e-11,3.6969423428707154e-11,2.330189551243718e-06,7.918218253776953e-11,1.133186293401016e-05,0.9999814158182764
rh_chr15_16450847,"{Vv,Vv}",0.9999909817299297,0.9999903375677819,Vv,Vv,chr15,19477957,False,7.410754100682994e-12,6.961796360882133e-12,1.085144664536676e-11,1.248727020690406e-11,3.923542185099502e-06,2.414149920797924e-12,7.759618139110712e-12,8.318654634111793e-12,6.57792590748958e-07,9.063019749115956e-12,1.3479189596481758e-11,2.3323707765793796e-06,9.160658232846755e-12,2.1044766113111058e-06,0.9999909817299297
rh_chr15_16551845,"{Vv,Vv}",0.9999679164055527,0.9999656247202351,Vv,Vv,chr15,19578822,False,6.563449963010008e-12,9.712802008756789e-12,1.2792674657363602e-11,1.1191412099357794e-11,1.0400214325346028e-05,3.747684162230997e-12,1.0344865294720976e-11,8.789670291350423e-12,1.035988750470577e-06,1.0804392845243494e-11,1.225791759638303e-11,1.3206224858486787e-05,6.184315932700044e-12,7.44107412384562e-06,0.9999679164055527
rh_chr15_16667790,"{Vv,Vv}",0.9999767656205293,0.9999751060219957,Vv,Vv,chr15,19695792,False,2.765658825868277e-11,4.0598635189157156e-11,8.289975797511206e-11,5.6829644243359264e-11,5.289208477697146e-06,1.1572624563997091e-11,5.2480778958800176e-11,3.420541988058391e-11,2.382327367533306e-06,8.058579356004135e-11,8.091300556589538e-11,1.0740026874651763e-05,2.4647155013669136e-11,4.822324361456353e-06,0.9999767656205293
rh_chr15_16737213,"{Vv,Vv}",0.9999680713207535,0.9999657907008073,Vv,Vv,chr15,19765214,True,3.433740240110814e-11,6.04922684416437e-11,1.0933528392743347e-10,7.814609158615769e-11,6.008147316565606e-06,1.9329041380993547e-11,7.745061761176456e-11,5.4685157832118806e-11,4.123632654019443e-06,1.2588869015448528e-10,1.1568368298389537e-10,1.5524868569510697e-05,3.2725355782955026e-11,6.271322632768563e-06,0.9999680713207535
rh_chr15_16810432,"{Vv,Vv}",0.9999712630993013,0.9999692104635372,Vv,Vv,chr15,19832824,False,3.570577889348099e-11,7.628408120605655e-11,1.0887844554012326e-10,9.0704453793538e-11,3.7902788240339167e-06,2.446140969297124e-11,8.31012426311722e-11,7.100180226719995e-11,2.896882132380015e-06,1.5606621101371755e-10,1.287952311774387e-10,1.7284152086055293e-05,3.429644407860418e-11,4.764778361193064e-06,0.9999712630993013
rh_chr15_17076337,"{Vv,Vv}",0.9999863314851366,0.9999853551626464,Vv,Vv,chr15,20099972,False,3.980036312102006e-11,7.291620808035531e-11,1.0543886957579185e-10,7.854558774225861e-11,2.507121605812583e-06,4.6994807563405026e-11,1.1269590690045408e-10,7.90813869577771e-11,3.615708995492311e-06,6.93476860862699e-11,1.1551023387712165e-10,4.318034463619753e-06,4.494547268443612e-11,3.2268845219562066e-06,0.9999863314851366
rh_chr15_17146098,"{Vv,Vv}",0.9999766292025707,0.9999749598598972,Vv,Vv,chr15,20404669,False,7.681776469759741e-11,6.100823130076043e-11,6.110210753783887e-11,1.034696201654744e-10,2.968808992836083e-06,1.0828127837708617e-10,1.2080315311017947e-10,9.100002252229321e-11,9.358128221001437e-06,3.383379154281038e-11,9.422266551060933e-11,4.769657646861343e-06,6.542984056950115e-11,6.273386600161589e-06,0.9999766292025707
rh_chr15_17224145,"{Vv,Vv}",0.9999734260559701,0.9999715279171107,Vv,Vv,chr15,20482528,False,1.2603478473360754e-10,1.5417004680401763e-10,1.185553474724395e-10,2.260893678595696e-10,7.14979727403928e-06,1.3196677001883066e-10,1.992029958430251e-10,1.8532003468708444e-10,6.614936939097808e-06,5.899261995996917e-11,1.543519099013244e-10,4.329344780741045e-06,1.2133970323104877e-10,8.478389012524878e-06,0.9999734260559701
rh_chr15_17313670,"{Vv,Vv}",0.9999351260215014,0.9999304921658944,Vv,Vv,chr15,20571933,False,3.608375167930027e-10,3.555617178206532e-10,2.9434992402997046e-10,6.52931275084629e-10,2.448137614642853e-05,2.1835864671825066e-10,3.9928062506362734e-10,3.8563405602439677e-10,9.942755515180756e-06,1.4175082888526225e-10,3.293798204780427e-10,8.423433671508466e-06,3.046344812067216e-10,2.20229704465605e-05,0.9999351260215014
rh_chr15_17418514,"{Vv,Vv}",0.9998641062789733,0.9998543995846142,Vv,Vv,chr15,20676403,True,8.991730687561062e-10,1.4274750689403776e-09,1.3427429330981461e-09,1.9530928934750414e-09,4.3150466957409736e-05,5.361174503065398e-10,1.1224616646420185e-09,1.399245614136284e-09,2.767753712699307e-05,4.585986431974601e-10,1.3201902434892048e-09,2.652326355321543e-05,7.718284711380924e-10,3.8531222463095296e-05,0.9998641062789733
rh_chr15_17991582,"{Vv,Vv}",0.9999652111827522,0.9999627262672345,Vv,Vv,chr15,21245150,False,8.051488843462604e-11,6.73885749581929e-11,6.796299744177664e-11,8.90301060816096e-11,2.321916592177617e-05,1.921704322433511e-11,3.5764854143880667e-11,4.335188542509773e-11,2.103950661595187e-06,2.024031625973058e-11,4.496685151065579e-11,2.928919455554269e-06,3.071773743043482e-11,6.536282053607744e-06,0.9999652111827522
rh_chr15_18072427,"{Vv,Vv}",0.9999777039897361,0.9999761114175744,Vv,Vv,chr15,21325942,False,6.899269785657256e-11,3.112045768638067e-11,3.0862263766921815e-11,4.2968746839402634e-11,1.6887781273477007e-05,6.85969986069827e-12,1.4491312047549294e-11,1.891736491377163e-11,1.2829458131418641e-06,7.878710391124766e-12,2.0251104224319012e-11,1.461961196778202e-06,1.2103975686747772e-11,2.663067534169304e-06,0.9999777039897361
rh_chr15_18166857,"{Vv,Vv}",0.9999900755636589,0.9999893666753489,Vv,Vv,chr15,21420306,False,2.0821389077902096e-11,1.702234260751689e-11,1.7534539718415057e-11,2.0180596939374195e-11,6.204516115661388e-06,2.8077074229828975e-12,5.316693306074587e-12,6.610181472241095e-12,1.021329055353067e-06,3.130572507432451e-12,7.092150683679069e-12,1.2579558495955733e-06,4.427206284956452e-12,1.4405303770041824e-06,0.9999900755636589
rh_chr15_18318476,"{Vv,Vv}",0.9999731742015038,0.9999712580730398,Vv,Vv,chr15,21567912,True,3.454225233231501e-11,5.233159004314355e-11,5.0788301243610004e-11,5.462419868221e-11,7.886616753874294e-06,2.4407461098533998e-11,3.546657155742205e-11,3.822060416315402e-11,6.146819817841661e-06,2.15023464366354e-11,3.7268352817039155e-11,5.7980331154992134e-06,2.622046994568015e-11,6.993953436914746e-06,0.9999731742015038
rh_chr15_18408364,"{Vv,Vv}",0.9999895709124577,0.9999888259776332,Vv,Vv,chr15,21657178,False,1.2028742334247393e-11,2.0589489916674226e-11,1.8276064584085753e-11,1.79312889379066e-11,2.2578568420004544e-06,1.239070757765102e-11,1.623423830775585e-11,1.6433815599397025e-11,2.5885082752122736e-06,8.676327299102287e-12,1.4176160203899752e-11,1.8845688641007542e-06,9.253583974577321e-12,3.698007570629991e-06,0.9999895709124577
rh_chr15_18480191,"{Vv,Vv}",0.9999709163545691,0.999968838951324,Vv,Vv,chr15,21728990,False,1.2243634701606161e-11,2.400008056843854e-11,1.9881299458969157e-11,2.0887989128705314e-11,6.569060121478198e-06,1.980223966915833e-11,2.1381549944561743e-11,2.357050425686925e-11,8.54701640656224e-06,1.0798934269085155e-11,1.8777801595219445e-11,6.5226232528043985e-06,1.1297092298893545e-11,7.444763008827486e-06,0.9999709163545691
rh_chr15_18688959,"{Vv,Vv}",0.999930368898972,0.9999253952488986,Vv,Vv,chr15,21937864,True,1.635742380906758e-10,3.162279020509163e-10,2.97973962443316e-10,2.3252406084753084e-10,1.4519966959256282e-05,4.4378616309720987e-10,3.6755533707639283e-10,3.2022438953985744e-10,2.480626772266599e-05,2.410094972049174e-10,2.7552982727388603e-10,1.6240986881161634e-05,1.4934686615806258e-10,1.4061071712694232e-05,0.999930368898972
rh_chr15_18821643,"{Vv,Vv}",0.9999613367066065,0.9999585750427926,Vv,Vv,chr15,22069186,False,1.4325717753273474e-10,2.387137357799436e-10,2.958436497584978e-10,1.4721596777950832e-10,5.389077314371673e-06,5.575625853038419e-10,3.522663167508405e-10,2.4015801404197826e-10,2.0951486629782535e-05,2.7706243399311085e-10,2.3583223375626465e-10,8.229521110034536e-06,1.2088439550055724e-10,4.090599542910467e-06,0.9999613367066065
rh_chr15_18931494,"{Vv,Vv}",0.9998914117779524,0.9998836554763776,Vv,Vv,chr15,22169100,False,5.029534578887658e-10,9.169976668086356e-10,9.269815744953163e-10,4.169260064163452e-10,2.1657820644868096e-05,1.9554619053252903e-09,1.4093174134038626e-09,9.287360224093284e-10,3.632034399748882e-05,1.0201573379372594e-09,7.095430026585425e-10,3.551120733857295e-05,4.2353996854361364e-10,1.5089639452405353e-05,0.9998914117779524
rh_chr15_19173163,"{Vv,Vv}",0.9996545203985603,0.9996298432841717,Vv,Vv,chr15,22411438,False,2.361700856910428e-08,3.2662460540597007e-08,4.389573121003534e-08,1.8619144353031936e-08,7.326118961492753e-05,6.604490687544332e-08,5.34388787464697e-08,3.4691014550346946e-08,9.106488021544938e-05,5.3178189730339546e-08,3.420770927103283e-08,0.00013722801925948358,2.1599116943590906e-08,4.3543558189081186e-05,0.9996545203985603
rh_chr15_19261933,"{Vv,Vv}",0.9995742801139161,0.9995438715506244,Vv,Vv,chr15,22500184,False,3.699265691162411e-08,5.467265945087541e-08,8.215382672424214e-08,3.9283381695435226e-08,8.650529800993975e-05,9.275458118192988e-08,9.394507626855419e-08,7.557510068374843e-08,9.727122030416156e-05,8.775514236162638e-08,7.126051632876219e-08,0.0001784843527821683,3.6970717409313425e-08,6.278765132862016e-05,0.9995742801139161
rh_chr15_19600528,"{Vv,Vv}",0.9986127571790886,0.9985136684061664,Vv,Vv,chr15,22846419,False,2.952148128838867e-07,3.938904602131722e-07,5.735758683362812e-07,4.3531229770084466e-07,0.0002176949336184443,5.938977042380365e-07,8.11112623593613e-07,7.330885098634527e-07,0.0004098773186108604,5.320033302854407e-07,8.341597973476622e-07,0.0003930947267884992,5.597925279684628e-07,0.00036081379396124904,0.9986127571790886
rh_chr15_19956945,"{Vv,Vv}",0.9770329276219423,0.975392422452081,Vv,Vv,chr15,23199034,False,6.977782705586638e-06,8.016618435051836e-06,9.819881560866385e-06,9.885439194414592e-06,0.0033135708695323338,1.5762340836163267e-05,1.5702475916945352e-05,1.8863290949106007e-05,0.00725848894407706,1.071826833969209e-05,1.747281930584584e-05,0.0054592975761423405,1.7619211547559264e-05,0.0068048768595147515,0.9770329276219423
rh_chr15_20158207,"{Vv,Vv}",0.9614392802303299,0.9586849431039248,Vv,Vv,chr15,23400348,False,1.6176989107703717e-05,2.7519092114486867e-05,2.956160114423777e-05,2.8508114798703664e-05,0.005366031050175206,5.1042364565263256e-05,5.509037844600635e-05,6.206276253249077e-05,0.012999708149652693,2.506306014080011e-05,5.099038217015044e-05,0.008951969811081506,3.8125952454044635e-05,0.010858870061286802,0.9614392802303299
rh_chr16_3648,"{Vv,Vv}",0.9977795456706594,0.9976209417899923,Vv,Vv,chr16,8077,False,1.2333202025095582e-06,2.1308480105172884e-06,1.981333360480819e-06,2.0352898153465413e-06,0.00032238232190160814,2.700939026695812e-06,2.098066946547365e-06,2.240576383188299e-06,0.0011917116571074525,1.1930296475164274e-06,2.0139111753830837e-06,0.00031566063308850306,1.3177551983539507e-06,0.00037175464747641555,0.9977795456706594
rh_chr16_226853,"{Vv,Vv}",0.9998805111496903,0.9998719762318111,Vv,Vv,chr16,234046,False,2.3331128668116127e-08,3.949777114473532e-08,3.768364055856128e-08,2.8919584731175764e-08,1.9654371909064043e-05,3.2456218865434427e-08,2.265428183782172e-08,2.5788598764245334e-08,4.446039883423885e-05,1.4150892129634911e-08,2.2922649174158527e-08,1.236447470079182e-05,1.543415812937474e-08,4.2746765941534116e-05,0.9998805111496903
rh_chr16_335665,"{Vv,Vv}",0.9999529639007022,0.9999496041793238,Vv,Vv,chr16,342828,False,2.2720842919791663e-09,1.5264889986925368e-08,1.5431861299541973e-08,4.709601357362318e-09,1.5905650395889582e-05,3.973691689101832e-09,2.7959080930182833e-09,3.917458376999582e-09,1.5299999339833403e-05,1.658159904253754e-09,3.5379789373087324e-09,5.356391886436492e-06,1.909530655397144e-09,1.0418586511091461e-05,0.9999529639007022
rh_chr16_388379,"{Vv,Vv}",0.9999787899648588,0.9999772749623487,Vv,Vv,chr16,395500,False,1.4265615602508132e-09,8.762107650668423e-09,8.976863677798591e-09,2.781856979091762e-09,7.694545149695705e-06,1.9931748088822215e-09,1.5330696362048128e-09,2.134733214306747e-09,7.026739533907054e-06,8.726530989963556e-10,1.9511070569419046e-09,2.2833141799176705e-06,1.002221276683776e-09,4.1740019287345575e-06,0.9999787899648588
rh_chr16_596324,"{Vv,Vv}",0.9999764598629814,0.999974778424623,Vv,Vv,chr16,598758,False,2.826293489723463e-10,1.0332664519817947e-09,1.0436968053343544e-09,3.746490065485381e-10,1.3994883148792888e-05,1.8967047435196044e-10,1.6196566611863156e-10,2.1596096394728764e-10,3.5362319316514908e-06,9.013928706034593e-11,1.930735760378487e-10,2.7939306903951724e-06,1.0745412913367996e-10,3.2113987419965854e-06,0.9999764598629814
rh_chr16_843485,"{Vv,Vv}",0.9999687844742033,0.9999665547937893,Vv,Vv,chr16,836694,True,6.239576828940189e-11,1.4835975781615985e-10,1.4760088350336842e-10,1.0282188214872877e-10,9.540588697471947e-06,4.307595321877225e-11,6.111104784364668e-11,6.961230912168787e-11,6.958524164324143e-06,3.455574260643012e-11,6.619328245417754e-11,6.7629776330741086e-06,4.3242714030993495e-11,7.952656332396912e-06,0.9999687844742033
rh_chr16_911072,"{Vv,Vv}",0.9999926660659224,0.9999921422134883,Vv,Vv,chr16,904327,False,1.0855087950088429e-11,2.2732952107693332e-11,2.2525630065354625e-11,1.7646255514890607e-11,1.776198444311161e-06,8.010088679810813e-12,1.1571750578650565e-11,1.3079201559741069e-11,1.4096270706057691e-06,6.684657545280464e-12,1.255942409311657e-11,1.367833411970367e-06,8.979000823550364e-12,2.7801405066084954e-06,0.9999926660659224
rh_chr16_976496,"{Vv,Vv}",0.9999851328197229,0.9999840708782746,Vv,Vv,chr16,965223,True,1.1601773420549495e-11,2.381476448189008e-11,2.3608373599877268e-11,2.3248930946526247e-11,3.59115097514571e-06,1.006607198323912e-11,1.6912746384254732e-11,2.0295803523815297e-11,3.4809458238375994e-06,9.258387028179363e-12,1.9903288762214137e-11,3.417701064935567e-06,1.2338692156927309e-11,4.377211364264979e-06,0.9999851328197229
rh_chr16_1067628,"{Vv,Vv}",0.9999911157239134,0.9999904811327643,Vv,Vv,chr16,1055527,False,6.029431811647751e-12,1.0961217155433344e-11,1.0975812265677422e-11,1.1559348702527533e-11,1.9934895082085773e-06,6.263829453405931e-12,1.0241227247515628e-11,1.1542398069591485e-11,2.2634287292504856e-06,6.162008712942755e-12,1.1528191264518783e-11,2.168082676879273e-06,7.452745399790798e-12,2.459182456091316e-06,0.9999911157239134
rh_chr16_1148011,"{Vv,Vv}",0.999956817318354,0.9999537328410936,Vv,Vv,chr16,1136010,False,1.0193070987074277e-11,1.7012979499075176e-11,1.702307029951333e-11,1.7529541584316672e-11,9.59597762490454e-06,1.2196252032911237e-11,1.853434120575397e-11,1.9230233663160096e-11,1.1063691407561811e-05,1.2332005549768758e-11,1.9285393854491123e-11,1.1144712721842289e-05,1.2968338449327683e-11,1.1378143586504e-05,0.999956817318354
rh_chr16_1341063,"{Vv,Vv}",0.9998571793905797,0.9998469779184783,Vv,Vv,chr16,1330638,False,2.1547282148187308e-10,3.938849167698752e-10,3.975594194428831e-10,4.0138465578449186e-10,3.0108483611788714e-05,2.85507791266944e-10,4.830403260609256e-10,4.807660168400488e-10,3.698718413739036e-05,2.965968749142243e-10,4.890996788324717e-10,3.778944649248195e-05,2.958885304572342e-10,3.793175597751352e-05,0.9998571793905797
rh_chr16_1727633,"{Vv,Vv}",0.9997354654124484,0.9997165700847661,Vv,Vv,chr16,1714826,False,1.6010657707254776e-09,2.994634998408797e-09,3.0283170425833353e-09,3.092047931483362e-09,4.541010688763464e-05,2.391417750524962e-09,4.746608839707388e-09,4.6252086667733075e-09,7.08937409689841e-05,2.570016883410429e-09,4.795175411901016e-09,7.410483269582006e-05,2.511624461489613e-09,7.409355088142627e-05,0.9997354654124484
rh_chr16_1806434,"{Vv,Vv}",0.9997271313183493,0.9997076406982315,Vv,Vv,chr16,1793398,True,1.7592524675421095e-09,4.012418057674467e-09,4.076926676616257e-09,4.142605040301914e-09,5.301161486190644e-05,2.4768570750424174e-09,5.775018783250651e-09,5.669901341173771e-09,7.098581289688633e-05,2.6296864312534804e-09,5.843312938985048e-09,7.36397612413823e-05,2.6221954240267204e-09,7.519248447616846e-05,0.9997271313183493
rh_chr16_2212134,"{Vv,Vv}",0.9999191196206481,0.9999133424506943,Vv,Vv,chr16,2183364,False,6.671472377521217e-10,8.619273668286496e-10,8.405110791481042e-10,1.0851561794119916e-09,3.230925739797869e-05,4.731701696098384e-10,9.732959419451905e-10,9.626802503571657e-10,1.3127511291937455e-05,4.201166565080677e-10,9.249588426741184e-10,1.3046887177089707e-05,4.745508503494524e-10,2.2389039970410403e-05,0.9999191196206481
rh_chr16_2376878,"{Vv,Vv}",0.9999349239928154,0.9999302757065879,Vv,Vv,chr16,2348051,False,5.020644619336775e-10,7.787743424559584e-10,7.140584215972783e-10,8.794368737545559e-10,2.3861944317808503e-05,2.969160977418555e-10,6.449904363950696e-10,7.060088847918342e-10,1.4225003409283107e-05,2.473242441276691e-10,6.446727961644069e-10,1.1576357650167898e-05,3.0302418566113205e-10,1.5406984536620966e-05,0.9999349239928154
rh_chr16_3007610,"{Vv,Vv}",0.9998395391659002,0.9998280776777502,Vv,Vv,chr16,2984418,True,1.389742690997287e-09,1.1880734772373049e-09,1.179208156200584e-09,1.3898847926655732e-09,8.418057413028362e-05,3.989745600484201e-10,6.197387964412902e-10,6.485887371845735e-10,2.5123096626629342e-05,4.055228478458583e-10,6.465760282481055e-10,2.5589614304906e-05,4.2871661647594277e-10,2.5559254011343498e-05,0.9998395391659002
rh_chr16_3077015,"{Vv,Vv}",0.999891020250703,0.9998832359828961,Vv,Vv,chr16,3053057,False,4.99449179231689e-10,5.104846425768459e-10,5.11552299828863e-10,7.484572831691441e-10,7.533269340536908e-05,1.6076373973749416e-10,2.877825532775378e-10,3.1450725787534956e-10,1.0828878699876198e-05,1.6342822650599687e-10,3.1516420923810003e-10,1.1626707310139902e-05,1.8829416138976256e-10,1.1187769998024529e-05,0.999891020250703
rh_chr16_3142469,"{Vv,Vv}",0.9998023354365405,0.9997882165391505,Vv,Vv,chr16,3117908,False,2.7967324282139296e-10,4.922913822127031e-10,4.979763791831474e-10,8.899997521249042e-10,0.0001398707240863561,1.7499826437809223e-10,3.8880950104328596e-10,4.27585857553774e-10,1.8818799061615454e-05,1.793766049333265e-10,4.3267889443049834e-10,1.9512772281052692e-05,2.1404927840228134e-10,1.945829059130114e-05,0.9998023354365405
rh_chr16_4758085,"{Vv,Vv}",0.9999647113410816,0.9999621907225874,Vv,Vv,chr16,3875176,False,1.7431594054426712e-10,2.1778175622340897e-10,2.1811162310257846e-10,2.1991314879218436e-10,2.052802177596596e-05,5.231869641720928e-11,9.202920654665478e-11,9.238023400611431e-11,4.906300392354634e-06,5.240544136745098e-11,9.262418455402957e-11,4.915766065038164e-06,5.300127134331992e-11,4.937305803552992e-06,0.9999647113410816
rh_chr16_4903556,"{Vv,Vv}",0.9999926526749325,0.9999921278659991,Vv,Vv,chr16,4034839,False,1.557356655581108e-11,2.205078091382559e-11,2.1925894876817666e-11,2.2944798900497344e-11,3.2514868534758273e-06,5.015524252532911e-12,1.0125978904311713e-11,1.0542231719040928e-11,1.3549909748676946e-06,4.9231440978634966e-12,1.0444275186074365e-11,1.3381382609947703e-06,5.578235842452753e-12,1.4025798537965318e-06,0.9999926526749325
rh_chr16_5070029,"{Vv,Vv}",0.999994536070564,0.99999414578989,Vv,Vv,chr16,4197185,False,1.2437116426270963e-11,1.3646471471303408e-11,1.3297338042423339e-11,1.7891710046734888e-11,1.9854331345652575e-06,5.302710066921658e-12,8.691942499409716e-12,1.1713459991039876e-11,1.0867567243100088e-06,4.927542660934223e-12,1.0870567689440439e-11,9.42412618542658e-07,1.0250372891372906e-11,1.4492179294009305e-06,0.999994536070564
rh_chr16_5309992,"{Vv,Vv}",0.9999602123103573,0.9999573703325256,Vv,Vv,chr16,4436690,False,1.6579028490695948e-10,8.872649925730985e-11,8.00336504129619e-11,1.9978665297365847e-10,1.4468869090260017e-05,4.347929354683601e-11,4.037119827162326e-11,1.1952595684585873e-10,4.623635160428051e-06,3.123349217281326e-11,7.781021753177915e-11,4.107635185379582e-06,1.9076347959003025e-10,1.6586512685879e-05,0.9999602123103573
rh_chr16_5362647,"{Vv,Vv}",0.9999536174654869,0.9999503044273075,Vv,Vv,chr16,4489018,False,1.853907289316379e-10,1.3989874862555863e-10,1.0881845337084089e-10,3.0715554812781123e-10,1.4602002760521451e-05,4.384247240334119e-11,4.970771000696709e-11,1.61050651137211e-10,5.705623755640425e-06,3.433773434857158e-11,9.14749738518521e-11,3.1926204290671066e-06,2.2785113468534648e-10,2.28809380397048e-05,0.9999536174654869
rh_chr16_5479328,"{Vv,Vv}",0.9999325673814633,0.9999277507658535,Vv,Vv,chr16,4605316,False,3.279307307496129e-10,3.28154851129204e-10,3.131543163156776e-10,6.796387208281042e-10,1.6270910279326883e-05,7.318159616833439e-11,1.3331834058632644e-10,3.1470990046135e-10,6.226777372376728e-06,7.575478321324695e-11,2.2291596403620514e-10,5.269518518187178e-06,4.2149042550354996e-10,3.966252211717581e-05,0.9999325673814633
rh_chr16_6018898,"{Vv,Vv}",0.9996910210863241,0.9996689511639187,Vv,Vv,chr16,5145068,False,7.656253272543447e-09,5.784086646332832e-09,8.398831081755913e-09,1.078613539677792e-08,0.00016092326930297214,6.438621301183539e-10,1.4222850619866928e-09,1.8503383397240756e-09,2.334597098627101e-05,2.1598302306298384e-09,2.547669233366727e-09,5.44550097162132e-05,1.7662586360194745e-09,7.0211648120379e-05,0.9996910210863241
rh_chr16_6070066,"{Vv,Vv}",0.9997595251566984,0.9997423483821769,Vv,Vv,chr16,5196185,False,5.999650490330989e-09,5.1195841029303166e-09,7.37196159418036e-09,9.236153831751429e-09,0.000111756856433409,5.481641157166444e-10,1.3608677048379095e-09,1.726869442287454e-09,1.5352012417506766e-05,2.0096265178093937e-09,2.4058820841415917e-09,4.963032834473048e-05,1.3940278236891525e-09,6.369847331818807e-05,0.9997595251566984
rh_chr16_6589347,"{Vv,Vv}",0.9998382235182068,0.9998266680552216,Vv,Vv,chr16,5686660,False,4.67600325146405e-09,6.074693921581702e-09,7.583195014193925e-09,7.718778537741644e-09,3.39641985517979e-05,2.019305983430426e-09,3.815381667758076e-09,4.06526455268699e-09,1.794118378347866e-05,1.275069992122209e-08,5.866592697449182e-09,8.319316846536223e-05,2.6130241553776445e-09,2.6620748052773638e-05,0.9998382235182068
rh_chr16_6693016,"{Vv,Vv}",0.9996180231854354,0.9995907391272522,Vv,Vv,chr16,5789856,False,8.222545455970019e-09,1.2774363193159998e-08,1.4594721196039735e-08,1.4638651572061185e-08,6.094105791202061e-05,5.1697956120263975e-09,9.766533244083703e-09,9.906849051979825e-09,4.744631026684346e-05,3.0689885892938386e-08,1.3176670006795382e-08,0.00021698694256628122,5.510317070607644e-09,5.647805348715299e-05,0.9996180231854354
rh_chr16_8776259,"{Vv,Vv}",0.9968743616063811,0.9966511017211226,Vv,Vv,chr16,7870672,True,4.709854709078475e-07,7.543591750314093e-07,7.095549559629811e-07,6.54055746939279e-07,0.0008181297266010834,8.92275186257028e-07,7.499949483783068e-07,6.91699733975252e-07,0.0008751726860297423,4.356858646901706e-07,6.614722335052799e-07,0.0007411723891623505,3.917785975845744e-07,0.0006847517299124949,0.9968743616063811
rh_chr16_8807936,"{Vv,Vv}",0.9969024702094949,0.9966812180816016,Vv,Vv,chr16,7889198,True,4.66799413012939e-07,7.609189490362712e-07,7.147674632943149e-07,6.594421110889977e-07,0.0008117522273633728,8.922233819109608e-07,7.557352291662266e-07,6.976269305346306e-07,0.0008694417977661366,4.31647364681448e-07,6.664844388964018e-07,0.0007327399191838575,3.881590432698735e-07,0.0006771620418669315,0.9969024702094949
rh_chr16_9592553,"{Vv,Vv}",0.9990001042735592,0.9989286831502421,Vv,Vv,chr16,8688868,False,2.2632453795449062e-07,5.441023187521059e-07,4.541176572250967e-07,4.27284698317442e-07,0.00031659171204852617,8.891111188516166e-07,5.05803622926713e-07,4.7740083761155e-07,0.00040284226238678655,2.217527115549739e-07,4.257581258519455e-07,0.00014811780200034598,1.9979014922612585e-07,0.00012797250422683337,0.9990001042735592
rh_chr16_9817859,"{Vv,Vv}",0.9979969528369147,0.9978538780395515,Vv,Vv,chr16,8913440,False,3.2957067987070956e-07,8.112433540002472e-07,6.874440566530513e-07,6.524178601684236e-07,0.0004599929356596166,1.2027772624525486e-06,6.78342592292111e-07,6.425373352610958e-07,0.0009553154967841061,2.8784728528663783e-07,5.886832192264586e-07,0.00030118380108381805,2.6018850755816484e-07,0.0002804138774050129,0.9979969528369147
rh_chr16_11108000,"{Vv,Vv}",0.9943620978530653,0.9939593905568557,Vv,Vv,chr16,13778439,False,9.734497986264485e-07,1.8540362808971666e-06,1.6114262190419045e-06,1.423864090991218e-06,0.001091730977265642,2.1735682904504396e-06,2.2955581508574905e-06,2.001643791382543e-06,0.0019733456229193203,1.5562785448705645e-06,1.7018988445893416e-06,0.0013923330588731134,1.1616540983922793e-06,0.001163739109766476,0.9943620978530653
rh_chr16_10292798,"{Vv,Vv}",0.9971704813838153,0.9969683729112306,Vv,Vv,chr16,14300158,False,4.44390761011453e-07,8.338589961673758e-07,8.856515820233906e-07,7.448304346191722e-07,0.0004563224239013916,8.582224330273997e-07,1.1989124362342058e-06,1.0012064195010671e-06,0.0010517398273748883,8.994119829703817e-07,9.890521892990188e-07,0.0007654817847600487,6.134369736916016e-07,0.0005475056059398665,0.9971704813838153
rh_chr16_12037326,"{Vv,Vv}",0.994524457567384,0.9941333473936257,Vv,Vv,chr16,15380477,False,6.878146630669855e-07,1.1866781592170728e-06,1.7047386213863264e-06,1.4136412834886114e-06,0.0010154316168035423,8.137183128730164e-07,1.933054697232082e-06,1.6190332788199015e-06,0.0012081460322348558,1.6512743092552282e-06,1.992683888765427e-06,0.001854915883358283,1.0908297892780038e-06,0.0013829554332159297,0.994524457567384
rh_chr16_12698705,"{Vv,Vv}",0.9939221864306125,0.9934880568899419,Vv,Vv,chr16,16039938,False,6.603980522617532e-07,1.0871283138149353e-06,2.1913212570908972e-06,1.7729529927521949e-06,0.0010964424336225404,5.70293082247898e-07,2.0703949158969588e-06,1.6989370092057247e-06,0.0010578023827589316,1.872295826625648e-06,2.6281301430693894e-06,0.002235196958421502,1.1726253523516064e-06,0.001672647317639272,0.9939221864306125
rh_chr16_12729188,"{Vv,Vv}",0.9938813458325646,0.9934442991063193,Vv,Vv,chr16,16070603,False,6.560422789536555e-07,1.084559416047731e-06,2.2190657654539972e-06,1.7938925602331647e-06,0.0011028095639797285,5.583310770552549e-07,2.0797791926979783e-06,1.7056729497358817e-06,0.0010535215474403762,1.8772179684677875e-06,2.6632729617699246e-06,0.002256962466525673,1.1718608162701515e-06,0.0016895508945029012,0.9938813458325646
rh_chr16_13500169,"{Vv,Vv}",0.9946970436412584,0.9943182610442055,Vv,Vv,chr16,16840661,True,6.348574926334191e-07,7.031548609027741e-07,1.8591708778842038e-06,1.14760390134189e-06,0.001223028214736182,2.1546523007682959e-07,1.1586792542369701e-06,6.761320838403095e-07,0.0008111387381416298,1.1767325076686029e-06,1.5471662727685924e-06,0.0020156182821780082,4.971738896214496e-07,0.001243554987314813,0.9946970436412584
rh_chr16_13647716,"{Vv,Vv}",0.9950353170597596,0.9946806968497424,Vv,Vv,chr16,16988211,False,5.983268105334154e-07,6.146699761600263e-07,1.7689226073439007e-06,1.018858483365337e-06,0.001199742653589111,1.4842409648629145e-07,9.912642760302661e-07,5.180269057814499e-07,0.0007180519409027057,1.0140932572694585e-06,1.341894542194994e-06,0.0019253624143155544,3.7591161508534663e-07,0.0011131355388628856,0.9950353170597596
rh_chr16_14056705,"{Vv,Vv}",0.9961954138399541,0.9959236576856652,Vv,Vv,chr16,17385062,False,4.857940726060814e-07,3.9949960624942537e-07,1.1324672021523217e-06,6.40110195374517e-07,0.0010915472377165765,5.6844504358581834e-08,3.501285729385794e-07,1.9988003686661318e-07,0.0005444648906608753,3.4262040605348745e-07,4.868727877125257e-07,0.0013677999139030674,1.330556349739412e-07,0.0007965468447461416,0.9961954138399541
rh_chr16_14617522,"{Vv,Vv}",0.997179258947454,0.9969777774437006,Vv,Vv,chr16,17904582,True,3.761666573305379e-07,2.760952277476849e-07,8.088807367864786e-07,4.259218740876872e-07,0.000908758407237806,5.733793760566658e-08,2.636922481675817e-07,1.7045190396382504e-07,0.00040662592846107444,2.3481951031337707e-07,3.523538911734459e-07,0.0009582642127104443,9.452900777656495e-08,0.0005440322551417376,0.997179258947454
rh_chr16_14911808,"{Vv,Vv}",0.9980574517812071,0.9979186983370076,Vv,Vv,chr16,18199391,False,2.955451587285227e-07,1.6626864020574897e-07,6.121806340845201e-07,2.801139597152411e-07,0.0007256093327785858,3.915450991283819e-08,1.6524265233084114e-07,1.1449181939551717e-07,0.0002460971334344098,1.507912783891228e-07,2.3236876194050816e-07,0.0006485606542443141,5.676165175162259e-08,0.00032016817926915054,0.9980574517812071
rh_chr16_14964416,"{Vv,Vv}",0.9981939921864406,0.9980649916283292,Vv,Vv,chr16,18251942,False,2.8380798512346436e-07,1.5417182117401836e-07,5.919180303361494e-07,2.6416218742418335e-07,0.0007011845405717323,3.68504333606295e-08,1.5657781319795395e-07,1.1128421957888617e-07,0.00021214146790874707,1.3933425211801957e-07,2.2111115685430728e-07,0.00060427840962954,5.2295982759055236e-08,0.00028639188156759804,0.9981939921864406
rh_chr16_15611288,"{Vv,Vv}",0.9997049313719104,0.9996838550413326,Vv,Vv,chr16,18898672,False,4.7152492682429004e-08,2.489835313353983e-08,5.955670440720025e-08,3.604368083578686e-08,0.00011943935123216963,5.890938092556342e-09,2.054806021725133e-08,1.552289498664602e-08,3.9827271513740415e-05,1.6634889068930576e-08,2.7595539398222637e-08,8.149003523926709e-05,9.460285759019709e-09,5.4048666265926505e-05,0.9997049313719104
rh_chr16_15708354,"{Vv,Vv}",0.9996569080707609,0.9996324015043867,Vv,Vv,chr16,18994366,False,4.2975167152337376e-08,2.3875882878064234e-08,5.3731956537894635e-08,3.384724090850646e-08,0.00013277473234355966,5.45169750948322e-09,1.958310428268304e-08,1.508140266746812e-08,5.259058513297057e-05,1.4586591956149972e-08,2.603122629286519e-08,8.858727469095366e-05,8.82103621532199e-09,6.889535176515857e-05,0.9996569080707609
rh_chr16_15813994,"{Vv,Vv}",0.9996108627855302,0.999583067270211,Vv,Vv,chr16,19100007,True,3.907151339797185e-08,2.3117943611860202e-08,4.826061725379755e-08,3.19659762477954e-08,0.00014713901355422576,5.12184117020255e-09,1.8971181406272692e-08,1.509807296620624e-08,6.405018333795191e-05,1.2642539975739717e-08,2.4863188356810574e-08,9.438218014205038e-05,8.31802899937543e-09,8.333840653214846e-05,0.9996108627855302
rh_chr16_16216489,"{Vv,Vv}",0.9996975653793825,0.9996759629064812,Vv,Vv,chr16,19502801,False,2.3674254881584462e-08,7.73027860955402e-09,1.2540614013115768e-08,1.1312433793616473e-08,0.00013695221640273587,2.238444811423294e-09,6.814497470037105e-09,6.9597524867158165e-09,4.17917175260285e-05,3.927646915342961e-09,9.618850560911145e-09,5.0821400232951775e-05,4.3580426860606985e-09,7.27801116395385e-05,0.9996975653793825
rh_chr16_16435327,"{Vv,Vv}",0.9998576636687283,0.9998474967879232,Vv,Vv,chr16,19720640,False,8.321100827624085e-09,4.178527640356619e-09,5.763237050907305e-09,5.944007466290535e-09,4.337824573641841e-05,1.0630246090755394e-09,3.1148026849029046e-09,3.423947787896723e-09,1.7319462928126515e-05,1.6490524270720644e-09,4.384309772107139e-09,1.980937430330463e-05,1.8913461852921577e-09,6.178951494733823e-05,0.9998576636687283
rh_chr16_17156812,"{Vv,Vv}",0.999714731215224,0.9996943548734544,Vv,Vv,chr16,20429765,True,4.490178441173025e-09,6.118930734339528e-09,6.362074247920331e-09,7.466618312740875e-09,7.297799849507272e-05,3.2913899851222577e-09,5.45289588222388e-09,6.549890628935177e-09,6.566177116831758e-05,3.425928164030211e-09,6.7415398392503005e-09,6.664793958660691e-05,4.331441683577051e-09,7.992684463804248e-05,0.999714731215224
rh_chr16_17330464,"{Vv,Vv}",0.9998759246947692,0.999867062172967,Vv,Vv,chr16,20603053,False,2.384524848199838e-09,4.128794845604373e-09,4.257046532226749e-09,4.928347850839548e-09,3.1226801721419316e-05,1.8191586229321092e-09,3.77036330635717e-09,4.429800380473131e-09,2.8347355493339157e-05,1.8965156296157595e-09,4.545425470232003e-09,2.8981147138467272e-05,2.450560773965991e-09,3.548539033939532e-05,0.9998759246947692
rh_chr16_18232369,"{Vv,Vv}",0.9997989306606168,0.9997845685649466,Vv,Vv,chr16,21537656,False,3.809367265517971e-09,5.4634952860660695e-09,5.585785780518445e-09,5.870264226164403e-09,4.455639519770751e-05,3.2162464485433983e-09,5.222599396223577e-09,5.4820081494513965e-09,3.90787372212853e-05,3.2994447739140188e-09,5.974253319484661e-09,4.4146805865979695e-05,3.6319291053613294e-09,7.323984570450607e-05,0.9997989306606168
rh_chr16_19027656,"{Vv,Vv}",0.9994803105019733,0.9994431898235429,Vv,Vv,chr16,22456750,False,3.337712688501423e-09,3.904348382804473e-09,3.342577112219134e-09,4.1998365281943e-09,0.00017575722153768822,1.984805759990926e-09,2.5508480820201916e-09,2.9775476304389416e-09,0.00011824491197520121,1.5802794100380603e-09,2.7594504772902073e-09,0.00010133277608115992,2.059779263544756e-09,0.00012432589124728585,0.9994803105019733
rh_chr16_19266135,"{Vv,Vv}",0.9995116050345105,0.9994767196798328,Vv,Vv,chr16,22695070,True,5.776571353452072e-09,1.033457393875179e-08,7.858752535166538e-09,1.0703459447419218e-08,0.00019013297492990986,3.066714386572072e-09,5.595774153948686e-09,6.571777195295032e-09,0.00010755978921262816,2.2209150363327337e-09,5.878551339049588e-09,8.184420742926758e-05,2.9976204625278915e-09,0.00010879698920780521,0.9995116050345105
rh_chr16_19529525,"{Vv,Vv}",0.9997139863657057,0.9996935568203991,Vv,Vv,chr16,22956795,False,2.2179601943346058e-09,7.326236929134838e-09,2.874335620869823e-09,7.5872973937974e-09,0.00016429492297332046,1.1558604754392024e-09,1.6463031973021432e-09,2.359521335074392e-09,5.375104570003993e-05,8.248995936336636e-10,1.9922446982209206e-09,1.8235198293417484e-05,9.039356992750584e-10,4.9703578732228585e-05,0.9997139863657057
rh_chr16_19830398,"{Vv,Vv}",0.9997349652128712,0.9997160341566477,Vv,Vv,chr16,23275440,False,2.4337514993464337e-09,4.428141822606979e-09,2.8138521822029366e-09,4.216328379090622e-09,0.0001719929609650221,5.151563839215411e-10,6.736279940536744e-10,9.454174742147833e-10,2.6097041592317282e-05,6.319969330578539e-10,1.4880057181903198e-09,2.7189391228692126e-05,7.949691131106439e-10,3.9736452095304126e-05,0.9997349652128712
rh_chr16_19924082,"{Vv,Vv}",0.9997800780905874,0.9997643693827722,Vv,Vv,chr16,23368766,False,9.772903483406217e-10,4.2065111790593005e-09,1.3111936677257235e-09,2.07138809957796e-09,0.00016639548041949993,2.949959260122069e-10,5.039977993215498e-10,7.223955268128231e-10,1.9630688140835377e-05,3.3261704378745316e-10,8.699591952551618e-10,1.2760826964727289e-05,4.234194636894509e-10,2.1123200119292954e-05,0.9997800780905874
rh_chr16_20248493,"{Vv,Vv}",0.9998397361594806,0.9998282887423007,Vv,Vv,chr16,23695259,True,2.9862202576051487e-09,1.9538696136781315e-09,1.8614043090200894e-09,2.3159772472058063e-09,0.00012239512272208867,9.410792660736815e-11,1.7410821193276946e-10,2.2179564460072564e-10,1.2366443256952298e-05,1.2787023765832148e-10,2.786015513482883e-10,1.0941821881720125e-05,2.0560822531136216e-10,1.4550233095433576e-05,0.9998397361594806
rh_chr16_20304713,"{Vv,Vv}",0.9998766790974927,0.9998678704615993,Vv,Vv,chr16,23750596,False,2.66600936710162e-09,1.4277901914070143e-09,1.5832934773700043e-09,2.0159285620317486e-09,0.00010838279409019461,3.5459029282706624e-11,8.082613812692524e-11,1.0684325306650908e-10,4.379748229060248e-06,8.239658587473306e-11,1.8529185249347e-10,3.865314692560325e-06,1.4639187614733283e-10,6.68471526521188e-06,0.9998766790974927
rh_chr16_20476615,"{Vv,Vv}",0.9995497361165246,0.9995175744105621,Vv,Vv,chr16,23922341,False,5.247060523060959e-09,1.3113587752932036e-09,2.8063889304079124e-09,3.823361760018149e-09,0.00039967579518065813,5.719027230903883e-11,1.293857109866472e-10,1.5762686809432468e-10,5.6458568796499245e-06,2.7278862212551126e-10,5.229973401421604e-10,1.822467232396558e-05,5.100050229233102e-10,2.6702720927268525e-05,0.9995497361165246
rh_chr16_20666264,"{Vv,Vv}",0.9992031473258486,0.9991462292776949,Vv,Vv,chr16,24102024,False,3.5864283044378487e-09,4.321361426730116e-10,2.362362096374038e-09,3.92099653816937e-09,0.0007397035553660459,5.16936009048552e-11,1.6355025293044849e-10,2.1321530053922954e-10,4.051952898400488e-06,5.540434867772835e-10,1.116132007612994e-09,2.083908244004653e-05,9.559806248370055e-10,3.224472690855311e-05,0.9992031473258486
rh_chr16_20724188,"{Vv,Vv}",0.9991607866059918,0.9991008427921341,Vv,Vv,chr16,24159874,False,9.911668745252295e-09,1.7630976462505209e-09,8.397662999080844e-09,1.179292977128414e-08,0.0007386421971112974,7.247497094060063e-11,2.1668518273637828e-10,2.7008257438243037e-10,6.879644828360348e-06,8.100571734383673e-10,1.6748776867341275e-09,3.7561453251452736e-05,1.353511604744879e-09,5.609383576873329e-05,0.9991607866059918
rh_chr16_20813029,"{Vv,Vv}",0.9991192247389536,0.9990563122203074,Vv,Vv,chr16,24254516,True,1.729238246738897e-08,4.3298288457935655e-09,1.3753607624044487e-08,1.9894550539445796e-08,0.0007314639168635892,1.4360008096249588e-10,5.129218347393453e-10,5.83571290418704e-10,1.3316446253487656e-05,1.097171694612561e-09,2.42096338424694e-09,5.31578202905322e-05,1.8876650668425347e-09,8.277516137587082e-05,0.9991192247389536
rh_chr16_20908774,"{Vv,Vv}",0.9991005895490588,0.9990363459454201,Vv,Vv,chr16,24350048,False,2.11778281711016e-08,4.46819227395909e-09,1.6389647969371967e-08,2.501424520566669e-08,0.0007187034457322497,2.0093085123161432e-10,6.984274195460823e-10,6.784399141932284e-10,1.3800143518817253e-05,1.2766090428530746e-09,2.9859155316419768e-09,6.297862672845267e-05,2.2670610831767727e-09,0.00010385307766415569,0.9991005895490588
rh_chr16_20978919,"{Vv,Vv}",0.9990587554088738,0.9989915236523648,Vv,Vv,chr16,24419136,False,2.3490145362204507e-08,6.678699221646499e-09,2.1913287311337708e-08,2.725346495556484e-08,0.0007177835036154444,2.6744097411234515e-10,9.492919191768974e-10,1.2027730751095031e-09,2.2803874162600713e-05,1.615169193442942e-09,4.115163102408678e-09,8.598051071127507e-05,2.2847700200427357e-09,0.00011458693243173609,0.9990587554088738
rh_chr16_21094017,"{Vv,Vv}",0.9988677729854546,0.9987868996272727,Vv,Vv,chr16,24534286,False,5.858875290566125e-08,2.942728401807562e-08,8.018397596300495e-08,7.171660468531902e-08,0.0007724204507947904,2.2003272584181294e-09,6.500556113008424e-09,8.559140221885726e-09,4.708334290677706e-05,9.479990251539427e-09,2.1495055087159448e-08,0.00015555917026419895,8.006733795807114e-09,0.00015686789215931676,0.9988677729854546
rh_chr16_21189350,"{Vv,Vv}",0.9987344257325786,0.99864402757062,Vv,Vv,chr16,24630691,False,8.586402081385943e-08,4.837000710376981e-08,1.330783412840573e-07,1.1046051796393494e-07,0.0008118085824138449,4.384877336717698e-09,1.3274450759601554e-08,1.674709809363455e-08,6.053554948341655e-05,1.7964000337957363e-08,4.1006946454917666e-08,0.00020719293578018533,1.3155806110203757e-08,0.00018555289367763934,0.9987344257325786
rh_chr16_22246438,"{Vv,Vv}",0.9990488407076668,0.9989809007582143,Vv,Vv,chr16,26272149,False,1.2879446394419624e-08,2.2182094549483005e-08,1.0425826694533542e-08,1.0136721834601578e-08,0.0008645481153810653,2.8052778732117093e-09,4.93530207086697e-09,3.3032951220519796e-09,3.402546514573544e-05,2.317279497282828e-09,2.817761261117189e-09,2.167659638679082e-05,1.8406975525046102e-09,3.083547171676839e-05,0.9990488407076668
rh_chr16_22482333,"{Vv,Vv}",0.9991628067858724,0.9991030072705777,Vv,Vv,chr16,26506001,False,1.4682589581451416e-08,5.403541860626359e-08,1.3203160503441686e-08,1.4105783622190074e-08,0.0007235868790547049,4.352718525028239e-10,3.499945315941523e-09,1.1430752469439087e-09,6.78191779988855e-05,1.1293229678983423e-09,9.958693948089681e-10,2.654343687197653e-05,1.064305006611579e-09,1.913942545990343e-05,0.9991628067858724
rh_chr16_22580044,"{Vv,Vv}",0.9992296658678549,0.9991746420012731,Vv,Vv,chr16,26603620,False,1.6137904878647408e-08,3.819412773558703e-08,8.321012290512498e-09,1.81441001179048e-08,0.000696308559696271,6.490776145977406e-10,3.195349263469482e-09,1.74793592315613e-09,3.679041658740069e-05,8.784744802536094e-10,1.0162170518738304e-09,1.617431176630334e-05,1.0133738424353425e-09,2.0971546521944412e-05,0.9992296658678549
rh_chr16_22676335,"{Vv,Vv}",0.9992452688910453,0.9991913595261199,Vv,Vv,chr16,26698771,False,2.64903298295743e-08,3.9142487730168527e-08,8.649744612070017e-09,3.3632750248189634e-08,0.0007067933928725211,1.4652144403158406e-09,4.9075562204268745e-09,3.96999787658802e-09,1.5844347673786258e-05,1.2189362492463797e-09,1.9261301186167265e-09,7.792229128946357e-06,1.6883701288127898e-09,2.4178047762103996e-05,0.9992452688910453
rh_chr16_22751612,"{Vv,Vv}",0.9991618514434151,0.9991019836893733,Vv,Vv,chr16,26773609,False,3.719745660035814e-08,6.18355422106698e-08,1.817142961305431e-08,9.791803825033346e-08,0.0007361829161550905,2.593991829920191e-09,7.40504612159237e-09,6.984414918850297e-09,2.0728735709554966e-05,1.9661219004119364e-09,3.5074606439176115e-09,1.3812310817080137e-05,3.385232615453023e-09,6.71836291684995e-05,0.9991618514434151
rh_chr16_22811338,"{Vv,Vv}",0.9990638952905077,0.9989970306684011,Vv,Vv,chr16,26833237,False,4.520771970826326e-08,8.245463831148521e-08,2.61186877110737e-08,1.5790537443244647e-07,0.0007793291995409238,3.947203918820721e-09,1.0962343904270377e-08,1.130725652546397e-08,2.4234689257729226e-05,2.9878928313097016e-09,5.978784687857109e-09,1.9008519368713498e-05,5.7997092572327306e-09,0.00011317963171365752,0.9990638952905077
rh_chr16_22877339,"{Vv,Vv}",0.9987025378282582,0.9986098619588482,Vv,Vv,chr16,26900049,False,9.991691737022602e-08,2.0148173333369706e-07,7.59894919765618e-08,2.3619982330481487e-07,0.0009213447325767788,1.1557510620027073e-08,2.7421152051320128e-08,4.612976188351818e-08,9.304331536722696e-05,1.040537941081545e-08,2.9016234300172484e-08,9.057218460328882e-05,2.8882225607173518e-08,0.00019173493896455226,0.9987025378282582
rh_chr16_23084690,"{Vv,Vv}",0.9919165323175866,0.9913391417688427,Vv,Vv,chr16,27107422,False,1.674706486702568e-06,3.449045516166251e-06,1.6146271805386796e-06,2.02948859817818e-06,0.003900319193341025,9.382480323582076e-07,1.9268781345568918e-06,1.3656118475056715e-06,0.0011446618127637835,1.0704777862444813e-06,1.3399095648977662e-06,0.0020736380619275556,1.1251888680840766e-06,0.0009483144323658208,0.9919165323175866
rh_chr16_23164495,"{Vv,Vv}",0.9840489903089565,0.982909632473882,Vv,Vv,chr16,27187136,True,7.112126354714297e-06,1.0008141793216142e-05,9.108029916166952e-06,8.407090401420256e-06,0.005838448489371629,3.6589951929450397e-06,6.693205070348343e-06,5.025819132380018e-06,0.003107397872199102,4.706025746474662e-06,5.916484375644457e-06,0.004028076602904292,3.6485077399815224e-06,0.002912802300845098,0.9840489903089565
rh_chr16_23327502,"{Vv,Vv}",0.9682300236650554,0.9659607396411308,Vv,Vv,chr16,27349525,True,2.5305323428934858e-05,3.4398553627174464e-05,3.535691323151365e-05,3.24368102416983e-05,0.009711256720527764,1.644947788175114e-05,2.751845867001473e-05,2.3651342032898533e-05,0.007029648389274038,1.9315816430623943e-05,2.6364470790977136e-05,0.007933654988303599,1.6046316359947213e-05,0.006838572754143554,0.9682300236650554
rh_chr16_23486995,"{Vv,Vv}",0.9530428145341934,0.9496887298580643,Vv,Vv,chr16,27508272,False,5.042960302879293e-05,7.328652769202612e-05,7.600763988981969e-05,7.098301632513317e-05,0.013398483306553546,3.6450546982391745e-05,6.302587999883235e-05,5.707286169837662e-05,0.010764299745342765,4.104209614354353e-05,6.15142431335409e-05,0.011652314574286445,3.567497893388743e-05,0.010576600445797623,0.9530428145341934
rh_chr17_141521,"{Vv,Vv}",0.9869981137029703,0.9860694075388967,Vv,Vv,chr17,478332,False,3.4029136105761053e-06,1.2102177379064154e-05,1.1654108860561518e-05,5.073817169677781e-06,0.0054162617352741345,9.73336370313914e-06,1.0184330150761345e-05,4.99868006962892e-06,0.0037571343858408984,6.07936906965185e-06,4.533961302397928e-06,0.002419788384469033,2.90503960175774e-06,0.0013380340305284284,0.9869981137029703
rh_chr17_203321,"{Vv,Vv}",0.9916336863663585,0.9910360925353842,Vv,Vv,chr17,540280,True,1.7221216740756333e-06,6.520066844457013e-06,6.237606513568763e-06,2.768727004796947e-06,0.0034944703889586708,4.761165862401847e-06,5.391962294263329e-06,2.70481521267699e-06,0.0024374164421719934,3.0204111613399965e-06,2.463773489919277e-06,0.001529294157263537,1.458475018274082e-06,0.0008680835201715224,0.9916336863663585
rh_chr17_287812,"{Vv,Vv}",0.9980103985845998,0.9978682841977855,Vv,Vv,chr17,624747,False,3.6047595484451604e-07,9.870204812085576e-07,9.237887526093701e-07,4.6660922573789864e-07,0.0008614090124230575,7.583916160382233e-07,6.709895083068851e-07,4.0495759988006434e-07,0.0006179950057589171,6.493674868802589e-07,4.1108897686141604e-07,0.00029474943808664895,3.016978003507765e-07,0.0002095135717289173,0.9980103985845998
rh_chr17_394787,"{Vv,Vv}",0.9989814479090219,0.9989086941882377,Vv,Vv,chr17,731472,False,2.1342761207118104e-07,4.550195117726377e-07,4.6611126840448134e-07,2.535010812135931e-07,0.0004590294451464985,3.0544487956843087e-07,2.5636589295792956e-07,1.870443283394899e-07,0.000340938420420905,4.537798684416788e-07,2.393952862452108e-07,0.00010465804072173311,1.7940124470388342e-07,0.00011091669371520768,0.9989814479090219
rh_chr17_565468,"{Vv,Vv}",0.9990653095173868,0.9989985459114858,Vv,Vv,chr17,900832,True,1.179531891609477e-07,2.3482093308675174e-07,2.4869625231804203e-07,1.3640055514530795e-07,0.00044700903860496135,1.3360490960235713e-07,1.2578215091006932e-07,1.0024980667184327e-07,0.00024127212392728155,3.6896833041149446e-07,1.607220916344078e-07,9.681896908850482e-05,9.942142840167654e-08,0.00014786373134502176,0.9990653095173868
rh_chr17_640103,"{Vv,Vv}",0.9991252872830708,0.9990628078032902,Vv,Vv,chr17,974828,False,7.929455903568081e-08,1.5656861870860544e-07,1.7202890272697198e-07,9.055960776754845e-08,0.00043599515801590657,8.228685226242025e-08,8.626621135323816e-08,6.79390698153862e-08,0.00019199121032325466,3.4265272836785107e-07,1.3305201234486185e-07,8.738138661947894e-05,6.859106903342468e-08,0.00015806572233918427,0.9991252872830708
rh_chr17_765729,"{Vv,Vv}",0.9992583616017159,0.9992053874304099,Vv,Vv,chr17,1089590,False,2.1309247470933575e-08,4.073754802532522e-08,3.994508599151451e-08,1.7390395566050416e-08,0.00041214543988486534,2.3603392061322716e-08,2.649581873891875e-08,1.7462745142304348e-08,0.00010873789251008115,1.0646241145450287e-07,3.123262812232955e-08,5.578402301245585e-05,1.2958762278638315e-08,0.00016463344484181076,0.9992583616017159
rh_chr17_888795,"{Vv,Vv}",0.9994439890576348,0.9994042739903229,Vv,Vv,chr17,1212881,False,1.9457597265590243e-08,2.329897389872486e-08,2.353098079639515e-08,1.3141711515695519e-08,0.0003297071503836813,1.0630246805337432e-08,1.4277552724273577e-08,1.0293423946375472e-08,7.158428152352416e-05,5.7134567950803535e-08,1.9783540001573952e-08,4.34987540271431e-05,1.0059976728732669e-08,0.00011101914785927722,0.9994439890576348
rh_chr17_1026884,"{Vv,Vv}",0.9996992489686337,0.9996777667521075,Vv,Vv,chr17,1351247,False,1.5868619068634903e-08,5.010088562392219e-09,6.165874862846499e-09,5.249236918326641e-09,0.0002259061559788087,2.2695253234829734e-09,3.6457070617236342e-09,2.953414373308612e-09,1.8010286844511074e-05,2.4661582945668126e-08,9.46727869903247e-09,1.7595368037525203e-05,7.877557432627103e-09,3.91560516201642e-05,0.9996992489686337
rh_chr17_1114348,"{Vv,Vv}",0.9997726642173884,0.9997564259472019,Vv,Vv,chr17,1438618,False,1.431838651511902e-08,3.402440511231102e-09,4.378652047446152e-09,5.491330658735514e-09,0.0001613530128215368,1.07600744084578e-09,2.0674351097985083e-09,1.8067469335408671e-09,1.2519604097340707e-05,1.8284990795542818e-08,8.030911770778458e-09,1.8828368958851386e-05,7.988226209076242e-09,3.456795160582891e-05,0.9997726642173884
rh_chr17_1237387,"{Vv,Vv}",0.9998585028261272,0.9998483958851363,Vv,Vv,chr17,1561951,False,1.2927181954190606e-08,1.2834137343604984e-09,2.4403987348881422e-09,5.939235213286332e-09,0.00011480922060854827,3.2608820798008486e-10,8.098078247229853e-10,8.619521627942897e-10,4.1621882575366926e-06,1.0860258133755436e-08,5.347875297957291e-09,8.351942961703341e-06,7.992030644137879e-09,1.4125033803088966e-05,0.9998585028261272
rh_chr17_1413957,"{Vv,Vv}",0.9998798840824373,0.99987130437404,Vv,Vv,chr17,1739838,False,1.4807024647113802e-08,1.4405549447147552e-09,4.078618622547997e-09,1.7184896679987133e-08,7.206553801048211e-05,1.592349562655607e-10,5.068918128798489e-10,7.177828704934091e-10,5.384781370297111e-06,8.417035963511262e-09,5.566578933780951e-09,1.850835821597967e-05,1.2061512134624673e-08,2.4092299834348433e-05,0.9998798840824373
rh_chr17_1629617,"{Vv,Vv}",0.9993318693288947,0.9992841457095301,Vv,Vv,chr17,1955090,True,5.238129209241653e-08,6.86921243914104e-09,2.293344934645936e-08,1.2043680447514608e-07,0.00021240136737562471,1.4587214988843957e-09,4.180021293334469e-09,6.505952234535688e-09,4.744970412432527e-05,2.6721845806685925e-08,4.0168202746899304e-08,0.00017931190454868775,1.4444201872843926e-07,0.00022854159753596235,0.9993318693288947
rh_chr17_1756458,"{Vv,Vv}",0.9990702751910762,0.999003866276153,Vv,Vv,chr17,2079722,False,8.291135602553133e-08,1.1177952113507382e-08,4.309282237457898e-08,2.494499244111594e-07,0.0002797513571659065,2.1181911010294127e-09,7.487347675160939e-09,1.1926557560784005e-08,5.734902523939242e-05,4.296295103231872e-08,8.877332525906011e-08,0.0002586111283592609,2.744245612778331e-07,0.00033319897317041,0.9990702751910762
rh_chr17_1846156,"{Vv,Vv}",0.9989605629341332,0.9988863174294283,Vv,Vv,chr17,2169425,False,8.576567720866717e-08,1.6032315600345555e-08,5.241808364525685e-08,2.8695483672101533e-07,0.0002979831819682893,2.5100494044204315e-09,9.813236871447465e-09,1.7744693825230868e-08,6.079359936198369e-05,5.537277199079798e-08,1.1937915824687116e-07,0.0003059099749354667,3.152180804604948e-07,0.0003737891006971466,0.9989605629341332
rh_chr17_2051197,"{Vv,Vv}",0.9986820619068646,0.9985879234716406,Vv,Vv,chr17,2374459,False,9.655629264993503e-08,2.5481531222272045e-08,8.805977014353036e-08,3.9686506625376485e-07,0.00038114775182711177,3.3540967779038345e-09,1.8988139590939397e-08,2.8846732965521495e-08,7.36190601682914e-05,6.199515468248366e-08,2.4504775172533007e-07,0.00033380622680937274,4.575451866346386e-07,0.0005279423146079255,0.9986820619068646
rh_chr17_2143741,"{Vv,Vv}",0.9986158984255376,0.9985170340273617,Vv,Vv,chr17,2448792,False,9.884748592101718e-08,2.7903871950356284e-08,9.973894798724433e-08,4.4226298619863724e-07,0.0004014492464879452,3.374873516165737e-09,2.1205265065388914e-08,3.114487745308369e-08,7.060876118907945e-05,6.350979715936852e-08,2.9508132103819435e-07,0.000337551360944423,5.118895743056278e-07,0.0005728972468403692,0.9986158984255376
rh_chr17_2242880,"{Vv,Vv}",0.9987002231495495,0.9986073819459459,Vv,Vv,chr17,2558287,True,9.457042530609633e-08,2.830643575453985e-08,9.520094929565077e-08,4.1245781312007574e-07,0.00039027888223930964,3.34209041159812e-09,2.011564535296085e-08,3.0499876036283605e-08,6.033913015780928e-05,4.977958975290246e-08,2.4771814222279654e-07,0.00027451272642301986,4.6220259754628415e-07,0.0005732019180656342,0.9987002231495495
rh_chr17_2331425,"{Vv,Vv}",0.9987910991147255,0.9987047490514916,Vv,Vv,chr17,2646738,False,9.063762585885351e-08,2.760426613121853e-08,8.997648494779492e-08,3.888590218306474e-07,0.0003755906670826815,3.2762906325882123e-09,1.8652144214716225e-08,2.8026080285015646e-08,4.614204571609737e-05,4.0419760192465854e-08,2.1053712941838832e-07,0.0002179905258176499,4.2384409967314143e-07,0.0005678558137548431,0.9987910991147255
rh_chr17_2386884,"{Vv,Vv}",0.9987737776513134,0.998686190340693,Vv,Vv,chr17,2703524,True,9.250103764335393e-08,3.197571502977974e-08,9.44791028417385e-08,3.874061310997797e-07,0.0003826128000692209,3.4045483113029384e-09,1.9634312026666813e-08,3.340870164825059e-08,5.481516352208019e-05,3.8026204274658266e-08,2.0641608232594079e-07,0.00021452697834539367,4.0769895507112207e-07,0.0005729524559596451,0.9987737776513134
rh_chr17_2443257,"{Vv,Vv}",0.9987649647598196,0.9986767479569495,Vv,Vv,chr17,2758406,False,9.412833141725518e-08,3.6091201951876565e-08,9.846720681702895e-08,3.8581994445132304e-07,0.0003874398340805654,3.5424318018207803e-09,2.041346101437952e-08,3.814499792495025e-08,6.115572666956626e-05,3.5701497365056694e-08,2.0214359133791187e-07,0.00020918465598034568,3.9232861687403893e-07,0.0005759482421690396,0.9987649647598196
rh_chr17_2504924,"{Vv,Vv}",0.9987470722094013,0.9986575773672157,Vv,Vv,chr17,2819806,False,9.429736631943482e-08,4.2897955322274987e-08,1.0487834712075622e-07,3.812611500857742e-07,0.0003859287554999272,4.6433768060574105e-09,2.522929190437398e-08,4.715342996896199e-08,7.377017256721385e-05,3.722875929665245e-08,2.0461168510758663e-07,0.00021336646016973374,3.7629914444324966e-07,0.000578543901855521,0.9987470722094013
rh_chr17_3018336,"{Vv,Vv}",0.998198174263618,0.998069472425305,Vv,Vv,chr17,3308036,True,1.0932476118527435e-07,9.979450299336442e-08,1.524465063329062e-07,3.6431860184822946e-07,0.0004961843158288455,2.7950118802486915e-08,7.038624411393225e-08,1.2850208348386548e-07,0.0002491209315812215,5.973305378415653e-08,2.391194856129307e-07,0.00035937187857755537,3.056612068823684e-07,0.000695591373829263,0.998198174263618
rh_chr17_3492286,"{Vv,Vv}",0.9982590325342959,0.998134677715317,Vv,Vv,chr17,3776222,True,8.307979283621957e-08,1.0289470814765537e-07,1.3642053851608624e-07,2.712267949765128e-07,0.0004558656527105389,2.984365186173151e-08,7.976892657577561e-08,1.3523297550635285e-07,0.0002681468698161697,5.123858939630446e-08,1.9961729488072105e-07,0.00035169721501554215,2.0287219438867074e-07,0.0006639655326947285,0.9982590325342959
rh_chr17_3672966,"{Vv,Vv}",0.9984351360600351,0.9983233600643233,Vv,Vv,chr17,3956380,True,6.587629767559583e-08,9.401059499004423e-08,1.2107937181460187e-07,2.2999124244793753e-07,0.0004023710111215463,2.4524011012402467e-08,7.448608080436536e-08,1.2365388598739074e-07,0.00023667301699520425,4.129100805661252e-08,1.7469395975749143e-07,0.000310330006093387,1.5857077291426414e-07,0.0006143817285292488,0.9984351360600351
rh_chr17_4131742,"{Vv,Vv}",0.9992721251938864,0.9992201341363068,Vv,Vv,chr17,4416418,True,1.0129244456561705e-08,8.928393235502337e-09,1.328978508369306e-08,3.3861504198475096e-08,0.00016939595707368457,1.8888100162394226e-09,6.161254125376086e-09,1.4916538312581904e-08,5.811049085578652e-05,5.4649730850447955e-09,2.6849830146428502e-08,0.00010735878533823655,2.962108256445385e-08,0.00039285846143071053,0.9992721251938864
rh_chr17_4205195,"{Vv,Vv}",0.9994576367604264,0.9994188965290283,Vv,Vv,chr17,4490224,False,5.276470827358062e-09,3.264552576666776e-09,5.695997771470924e-09,1.57794727305917e-08,0.00011925014070630266,7.051717600693828e-10,2.0511524817164773e-09,4.3911534051871664e-09,1.6421637555160708e-05,2.857899713163014e-09,1.3176581187694623e-08,6.188149469484554e-05,1.3961125290531295e-08,0.0003447428070394253,0.9994576367604264
rh_chr17_4287538,"{Vv,Vv}",0.9995359836057653,0.9995028395776058,Vv,Vv,chr17,4563028,False,3.0285630779324606e-09,1.2576789815325756e-09,2.488707776800724e-09,8.343216156453919e-09,0.0001096477510896311,4.033677069473018e-10,1.290429741158715e-09,1.6532018551033497e-09,7.979628014338854e-06,1.8673578098456316e-09,5.2051966453594844e-09,3.0217348335951215e-05,3.7727013742762695e-09,0.0003161423563736302,0.9995359836057653
rh_chr17_4418396,"{Vv,Vv}",0.9996043217765729,0.9995760590463281,Vv,Vv,chr17,4694148,True,1.872510623725516e-09,1.2021508689243916e-09,2.2349175229620205e-09,6.192783559550665e-09,8.959476930690534e-05,2.637469601067702e-10,9.564083336343417e-10,2.3863175055094403e-09,1.823761627382682e-05,1.2656705496158118e-09,5.0051375958196004e-09,3.9840386213265285e-05,3.44772046763589e-09,0.0002479806242691954,0.9996043217765729
rh_chr17_4524306,"{Vv,Vv}",0.9996916136363193,0.9996695860389135,Vv,Vv,chr17,4800022,False,7.2514748210542e-10,5.3531406254649e-10,1.3003859082447811e-09,2.7853241880657352e-09,6.537573206509789e-05,9.895943693418272e-11,5.484283942654085e-10,1.2161697918998548e-09,1.830318404189436e-05,7.162962607938992e-10,3.0342592708882217e-09,3.945043951540843e-05,1.7979387168101233e-09,0.00018524424983475053,0.9996916136363193
rh_chr17_4615128,"{Vv,Vv}",0.9997574838795458,0.9997401612995134,Vv,Vv,chr17,4890425,False,2.0952813552749547e-10,2.2960924766602048e-10,4.074104450030605e-10,8.995797354129108e-10,4.92529821606096e-05,4.556327029328055e-11,2.0140801949801567e-10,4.922242143437112e-10,1.853633588722965e-05,1.9198724020395121e-10,9.548371899372938e-10,3.2626961703959776e-05,6.296040690827966e-10,0.00014209557895095563,0.9997574838795458
rh_chr17_4713215,"{Vv,Vv}",0.9997813713587073,0.9997657550271863,Vv,Vv,chr17,4988624,True,3.761100839379903e-10,6.986716402878039e-10,7.994298270684953e-10,1.6875855511183933e-09,4.260711646610807e-05,1.8058433541323807e-10,5.319615651693173e-10,1.2887906423060356e-09,2.219785916165789e-05,2.945168415440275e-10,1.6584465216196647e-09,3.186748839331859e-05,1.2267726384001869e-09,0.00012194743440201859,0.9997813713587073
rh_chr17_4889129,"{Vv,Vv}",0.9998860148483515,0.9998778730518052,Vv,Vv,chr17,5165118,False,2.1997231922551657e-10,6.11622056084648e-10,3.67819501368138e-10,6.150994530765297e-10,1.5208638007620289e-05,2.1952883937296535e-10,4.0714274037526817e-10,6.200423211387062e-10,1.3203643663408496e-05,1.4991838113342072e-10,6.791890838428549e-10,1.4980480054530879e-05,8.200102818243475e-10,7.05876795779531e-05,0.9998860148483515
rh_chr17_4966290,"{Vv,Vv}",0.9998823878651956,0.9998739869984238,Vv,Vv,chr17,5241972,True,1.9785156204632605e-10,7.146432192400818e-10,3.566014252452597e-10,7.461181363395655e-10,2.0509698076256037e-05,2.7036040699081826e-10,4.991373901425002e-10,8.446907535947775e-10,2.4278390271042646e-05,1.493551489141046e-10,7.548841016561159e-10,1.8204588140511723e-05,6.847251508891973e-10,5.4614239949377183e-05,0.9998823878651956
rh_chr17_5060931,"{Vv,Vv}",0.9998954210341162,0.9998879511079817,Vv,Vv,chr17,5325484,False,1.293542193621375e-10,8.190079077111829e-10,2.6408492264790593e-10,5.75319394627374e-10,2.2004338272238662e-05,2.918721301669048e-10,5.491881701422426e-10,6.683287454539368e-10,3.206605096001841e-05,1.0810014496271263e-10,5.70908814351716e-10,1.7436212128639728e-05,4.54034964586397e-10,3.30679343234666e-05,0.9998954210341162
rh_chr17_5258199,"{Vv,Vv}",0.9998973738800517,0.9998900434429125,Vv,Vv,chr17,5524899,False,5.660013876049369e-11,1.8062638140157801e-10,1.0280390391766363e-10,1.5886633497119535e-10,2.2765218151448193e-05,9.782059912545035e-11,1.4898859650727413e-10,1.9286986614600362e-10,3.078081801885603e-05,4.9049836636140494e-11,1.5004016332557524e-10,2.049079094172283e-05,1.069913519839686e-10,2.8588048179094196e-05,0.9998973738800517
rh_chr17_5357866,"{Vv,Vv}",0.9998920601346384,0.9998843501442554,Vv,Vv,chr17,5624308,True,1.5203941887628806e-10,4.4290374543364424e-10,3.258856324617895e-10,4.104786230934993e-10,2.4111695252840695e-05,2.417180332072096e-10,4.0782496417889925e-10,4.89333742747763e-10,3.2825837905769886e-05,1.3600718906962217e-10,3.8663384811078253e-10,2.243051243603865e-05,2.1022254022804397e-10,2.8568616719293833e-05,0.9998920601346384
rh_chr17_5447096,"{Vv,Vv}",0.9999082084607669,0.9999016519222502,Vv,Vv,chr17,5712269,True,1.5035148144446299e-10,4.86650705347052e-10,3.7031158472091465e-10,4.540623349033931e-10,2.0085843822954004e-05,2.5096292625678744e-10,4.554357880652739e-10,5.387810970584502e-10,2.9432973279659e-05,1.3333923562270475e-10,4.240638100798063e-10,1.8926052580083165e-05,2.0078144089456764e-10,2.334320481005173e-05,0.9999082084607669
rh_chr17_5583408,"{Vv,Vv}",0.9999704847700313,0.9999683765393192,Vv,Vv,chr17,5846306,False,5.0320334867403504e-11,1.3809294062486855e-10,1.0224950792807954e-10,1.5205487289441517e-10,4.525375799740051e-06,9.789885381782144e-11,1.216103907646093e-10,1.6657353641209399e-10,1.4864390151136472e-05,3.572537792578928e-11,1.204650093678274e-10,4.15407252654073e-06,7.923991538990381e-11,5.970327260572216e-06,0.9999704847700313
rh_chr17_5707009,"{Vv,Vv}",0.9999707998030114,0.999968714074655,Vv,Vv,chr17,5971354,False,3.752341637223426e-11,1.2476069233789555e-10,6.694390885533187e-11,1.1635153157316767e-10,6.1006748068055836e-06,7.026815286883417e-11,9.478471649543364e-11,1.5797174381124904e-10,1.063484052937694e-05,2.7126572998945332e-11,7.410120764042302e-11,3.2566232628532305e-06,6.739517137953084e-11,9.207221162438528e-06,0.9999707998030114
rh_chr17_5893163,"{Vv,Vv}",0.9999904069660027,0.9999897217492887,Vv,Vv,chr17,6157608,False,1.4253286103492014e-11,3.2883793184895675e-11,2.2509152337879938e-11,3.115249753487984e-11,1.937534607806467e-06,1.866866000127622e-11,2.788737133781633e-11,3.728131045151188e-11,2.3143320448719546e-06,1.0930025762877847e-11,2.5354131236270124e-11,1.5868541635947764e-06,1.9075453917890084e-11,3.7540731853535154e-06,0.9999904069660027
rh_chr17_5999935,"{Vv,Vv}",0.9999754418361014,0.9999736876815373,Vv,Vv,chr17,6264130,True,2.4832520371552242e-11,5.034932697716152e-11,4.365479212756804e-11,5.4491259368281204e-11,6.1538223208571956e-06,2.5513988915268552e-11,4.639146783304366e-11,5.736603897597082e-11,5.956069587846666e-06,2.1514581712495976e-11,5.0094719771255625e-11,5.648649379203574e-06,2.8938178725206356e-11,6.799219463772409e-06,0.9999754418361014
rh_chr17_6121150,"{Vv,Vv}",0.9999931891521765,0.9999927026630463,Vv,Vv,chr17,6385478,False,5.7480884427925575e-12,1.2281279528909099e-11,1.1965299566735965e-11,1.338115291994983e-11,2.2584973126784912e-06,5.2084145155527135e-12,1.1826553858927086e-11,1.3454742148123757e-11,1.4047424835531309e-06,5.042177888201917e-12,1.2949638804516853e-11,1.5740323411166705e-06,6.283116657108754e-12,1.5734775456761038e-06,0.9999931891521765
rh_chr17_6207888,"{Vv,Vv}",0.9999982893520513,0.9999981671629121,Vv,Vv,chr17,6472224,False,1.0748390399505803e-12,2.0677298624878335e-12,2.2666242555758467e-12,2.5516388417495475e-12,5.090687143421965e-07,8.669447316018928e-13,2.0253946342064717e-12,2.3008928360396457e-12,2.9685965467861526e-07,1.1406098435132234e-12,2.6562046786764178e-12,4.14796514521057e-07,1.5900491213485485e-12,4.899045242102038e-07,0.9999982893520513
rh_chr17_6279609,"{Vv,Vv}",0.9999963200334562,0.9999960571787031,Vv,Vv,chr17,6543768,False,1.475107041195802e-12,2.504507947225523e-12,2.8964190605494125e-12,3.1989705041667268e-12,6.392976854836571e-07,1.2296980832729615e-12,2.5839805719592893e-12,2.837366786778065e-12,5.128943025425851e-07,1.9884238882806004e-12,4.070565021717387e-12,9.924436782544509e-07,2.9817683213286125e-12,1.5353051108078008e-06,0.9999963200334562
rh_chr17_6429775,"{Vv,Vv}",0.9999841330017311,0.9999829996447118,Vv,Vv,chr17,6693360,False,9.161391521727814e-12,1.307868708663005e-11,1.3310447680020624e-11,1.4089002860502414e-11,2.108220214145994e-06,7.33262739482131e-12,1.2408204258039164e-11,1.3133033085756947e-11,1.8252725822267024e-06,1.57545686269598e-11,3.7282829998949976e-11,4.952276571314911e-06,2.9482341547286906e-11,6.981063868096961e-06,0.9999841330017311
rh_chr17_6553174,"{Vv,Vv}",0.9999945344387549,0.9999941440415231,Vv,Vv,chr17,6816566,False,4.8201541336845694e-12,5.59639145925139e-12,5.143975154142221e-12,6.150731324208574e-12,2.3035488304557524e-06,2.3552803009999154e-12,4.910544310370018e-12,5.8434125279646225e-12,1.2257637198108333e-06,3.34386885475191e-12,8.43843057951677e-12,8.745684086456979e-07,5.032432483462292e-12,1.0616286509674659e-06,0.9999945344387549
rh_chr17_6623514,"{Vv,Vv}",0.9999966708353963,0.9999964330379246,Vv,Vv,chr17,6886348,False,4.27734281692656e-12,6.820117820776631e-12,6.376680023801192e-12,7.26217830683114e-12,1.0522041148087565e-06,2.5987257329007237e-12,5.191857448083332e-12,5.896054322482768e-12,7.814877136328736e-07,2.7468471627704547e-12,6.4766293547956354e-12,7.061611551564114e-07,3.9054049419888676e-12,7.892600681981708e-07,0.9999966708353963
rh_chr17_6745403,"{Vv,Vv}",0.999991719459862,0.9999911279927093,Vv,Vv,chr17,7007848,False,1.4058023213774955e-11,2.226790042197885e-11,2.214697218374597e-11,2.5655337936535875e-11,2.0496975928788032e-06,1.1448541688100892e-11,2.0294667425436254e-11,2.2576451731955194e-11,1.8898610473835252e-06,1.1695803606328588e-11,2.2865818762359777e-11,1.9678967694475856e-06,1.7059029847617394e-11,2.3728946596675077e-06,0.999991719459862
rh_chr17_6981014,"{Vv,Vv}",0.9999821563899788,0.9999808818464059,Vv,Vv,chr17,7245432,False,5.1023769418424595e-11,4.9922292905388806e-11,5.4527499479561846e-11,1.0720569331153018e-10,4.331352943691386e-06,2.46569892460217e-11,4.404579406135963e-11,6.868714053730524e-11,3.2514326339258053e-06,3.038736892577665e-11,7.53646299344317e-11,3.483763745270671e-06,1.1630037315317479e-10,6.776438576834295e-06,0.9999821563899788
rh_chr17_7134878,"{Vv,Vv}",0.9999796998139899,0.9999782498007035,Vv,Vv,chr17,7388117,False,6.714192893309402e-11,2.905789655771763e-11,4.225546411485264e-11,1.8408632356874544e-10,4.667150742827617e-06,1.03931819053649e-11,2.1738761455210887e-11,5.873874376937604e-11,1.201656835429624e-06,2.289759388417096e-11,7.94452194038276e-11,1.9277374576727322e-06,2.1507640019189467e-10,1.2502910142581118e-05,0.9999796998139899
rh_chr17_7192642,"{Vv,Vv}",0.9999406217673747,0.9999363804650444,Vv,Vv,chr17,7445854,False,1.1664578680723676e-10,4.0275175229774614e-11,6.643526845468525e-11,3.4286680228989245e-10,1.3951115435194131e-05,1.573236960118598e-11,3.46506781867381e-11,7.931371463512368e-11,2.451134866697639e-06,3.8187461737036053e-11,1.221981002635522e-10,4.858828727205091e-06,3.9466903679712447e-10,3.81159026217663e-05,0.9999406217673747
rh_chr17_7292907,"{Vv,Vv}",0.9998722095670127,0.9998630816789422,Vv,Vv,chr17,7550518,True,2.690871598914074e-10,1.6217223898495547e-10,2.9431799952013563e-10,8.354115613396257e-10,2.677501221540273e-05,5.179807429507669e-11,1.0878868666945832e-10,3.4605406380643067e-10,7.315873059215738e-06,1.451210061590908e-10,5.80469554498822e-10,1.7954873893203046e-05,8.099934033139811e-10,7.574107060570122e-05,0.9998722095670127
rh_chr17_7355598,"{Vv,Vv}",0.9998445682584985,0.9998334659912484,Vv,Vv,chr17,7613160,False,3.255798689968384e-10,2.2307876969548247e-10,4.461834594215619e-10,1.1012666062302572e-09,3.1116013265576705e-05,6.732847793245777e-11,1.523041534838219e-10,4.6019859825003463e-10,6.859061747573049e-06,1.9511532764284302e-10,8.753489810151042e-10,2.2449273067666055e-05,9.407472940396128e-10,9.500260626914877e-05,0.9998445682584985
rh_chr17_7609398,"{Vv,Vv}",0.9996668523701732,0.9996430561108999,Vv,Vv,chr17,7876153,False,5.296318595055357e-10,2.3243244113121005e-10,3.888260616082151e-10,1.031349947422481e-09,5.5488019778218507e-05,7.74743872035991e-11,1.8327740623999366e-10,2.6636295057582856e-10,1.5070887243363914e-05,1.5352832068004276e-10,4.437098701937041e-10,2.586791281979123e-05,5.805878391197068e-10,0.0002367169228043936,0.9996668523701732
rh_chr17_7695724,"{Vv,Vv}",0.9996750642042257,0.9996518545045275,Vv,Vv,chr17,7962660,False,1.1154278652489374e-09,4.984899597224668e-10,8.165299414410325e-10,4.59326045191676e-09,6.766324160979407e-05,1.5376800064699827e-10,4.413077933205339e-10,1.1243126043826467e-09,1.4884885801353007e-05,2.7358058188716433e-10,1.6758049053196983e-09,2.630483601527176e-05,2.37075491634459e-09,0.00021606976911089926,0.9996750642042257
rh_chr17_7780366,"{Vv,Vv}",0.999690867990176,0.9996687871323314,Vv,Vv,chr17,8047420,True,1.3323536091823061e-09,1.1222176698945147e-09,1.5149196552051455e-09,6.173550756151203e-09,7.003441166873445e-05,2.397499004725551e-10,7.679804704060273e-10,2.8041501747640804e-09,2.1038287646950964e-05,4.214134961926431e-10,3.501439311424348e-09,3.335636701287224e-05,2.9346031787370886e-09,0.00018468213111728302,0.999690867990176
rh_chr17_8069497,"{Vv,Vv}",0.9998820063508619,0.9998735782330663,Vv,Vv,chr17,8335582,False,3.6629240881262505e-10,2.5853438466398655e-10,3.7230737855741417e-10,8.933438384263265e-10,4.368740379024357e-05,5.209153145394786e-11,1.704851189365838e-10,4.354149322560366e-10,7.120508715756685e-06,1.0662303609207745e-10,6.146329703304651e-10,2.2647037702013463e-05,3.56049580435839e-10,4.453507315490049e-05,0.9998820063508619
rh_chr17_8226581,"{Vv,Vv}",0.9999377788272011,0.9999333344577155,Vv,Vv,chr17,8492134,False,4.2323803136616663e-10,2.002853493011761e-10,2.8650420249605476e-10,4.830709339314226e-10,3.674178551983668e-05,4.898026965152022e-11,1.6796385315690045e-10,3.1135375306779237e-10,4.124746810042749e-06,9.784240345497838e-11,4.0870958414312545e-10,8.013121260818284e-06,2.2244347520284666e-10,1.3338868816341062e-05,0.9999377788272011
rh_chr17_8307596,"{Vv,Vv}",0.9999299315799359,0.9999249266927885,Vv,Vv,chr17,8577148,False,4.399705158059428e-10,4.2136349005407767e-10,5.064743898938269e-10,6.840322800124554e-10,3.337101760318248e-05,7.030612906097941e-11,2.298241565728069e-10,3.636824196078274e-10,8.926371604988382e-06,1.1532869872871446e-10,4.5603407142579174e-10,1.1765099876220558e-05,2.1969338664954127e-10,1.6002424270165123e-05,0.9999299315799359
rh_chr17_8539748,"{Vv,Vv}",0.9999881419763695,0.9999872949746816,Vv,Vv,chr17,8807341,False,5.92778529684939e-11,5.0562565041845495e-11,5.640755811180128e-11,8.087239557203016e-11,5.864759529618983e-06,1.0202304143027858e-11,2.1677424914422514e-11,3.701623090661764e-11,1.2398684376835665e-06,1.2585686188744156e-11,4.2545977821058754e-11,1.518932877998464e-06,3.386016218673956e-11,3.23405777701129e-06,0.9999881419763695
rh_chr17_8608505,"{Vv,Vv}",0.9999748060780844,0.9999730065122333,Vv,Vv,chr17,8876472,True,5.0069273965684085e-11,4.780600570744688e-11,5.2995449634431465e-11,7.243797058625627e-11,1.0684570522010121e-05,1.0754288017919513e-11,2.260702250679133e-11,3.6522909865904613e-11,2.9858296575641538e-06,1.2418784466499053e-11,4.120887401702735e-11,3.2165839558150267e-06,3.210723789401496e-11,8.30655885233732e-06,0.9999748060780844
rh_chr17_8686547,"{Vv,Vv}",0.9999741979550714,0.9999723549518622,Vv,Vv,chr17,8954501,False,1.7109739176025793e-11,2.5069105493968126e-11,2.962411009484158e-11,3.076175935256985e-11,1.2526172233628245e-05,8.459168172772402e-12,1.7555405949831418e-11,2.110417026353297e-11,1.3346056349924295e-06,9.16991271056266e-12,2.496521863332009e-11,1.5116523775807093e-06,1.2696199694310688e-11,1.0429418167673216e-05,0.9999741979550714
rh_chr17_8750761,"{Vv,Vv}",0.9999572271883106,0.9999541719874756,Vv,Vv,chr17,9018745,False,6.541479760163594e-11,1.0080167946243356e-10,1.0497857792901741e-10,1.4359121957035425e-10,1.5601133851980235e-05,2.6130318433531638e-11,4.854095981640928e-11,8.891928644246088e-11,6.564280305561428e-06,2.7154957556727743e-11,9.257389810641521e-11,6.707015811546969e-06,5.5995901247629796e-11,1.3899627618655496e-05,0.9999572271883106
rh_chr17_8934947,"{Vv,Vv}",0.9999659825248216,0.999963552705166,Vv,Vv,chr17,9201879,True,4.629766107693914e-11,8.456709192074664e-11,8.541826892764759e-11,1.0523783208477692e-10,1.010769793917819e-05,2.8899662603906872e-11,5.92938466568583e-11,7.92528916619581e-11,7.169456795117364e-06,2.921572203372479e-11,8.003221389891386e-11,7.215068926771757e-06,4.2355074409363636e-11,9.524610947093823e-06,0.9999659825248216
rh_chr17_9005479,"{Vv,Vv}",0.9999919179220684,0.9999913406307877,Vv,Vv,chr17,9272420,False,1.1534071635143099e-11,2.380825579556527e-11,2.398005172759212e-11,2.8651814864838623e-11,2.362124925284197e-06,7.340291415480439e-12,1.7722412416130598e-11,2.2339548758124516e-11,1.7526300171568194e-06,7.404514561151154e-12,2.2498011529188812e-11,1.7611516660588999e-06,1.0295924455798745e-11,2.2059957481089276e-06,0.9999919179220684
rh_chr17_9197188,"{Vv,Vv}",0.9999958658641465,0.9999955705687283,Vv,Vv,chr17,9464089,False,5.86206974235208e-12,7.340780796968875e-12,7.321009893355644e-12,7.990060422924153e-12,1.3120796091611092e-06,3.045033693856382e-12,5.512972261455665e-12,5.863873682989184e-12,9.275587752051832e-07,3.0249192355715738e-12,5.858033943495613e-12,9.259400067373903e-07,3.3306162637565064e-12,9.685023130418853e-07,0.9999958658641465
rh_chr17_9353710,"{Vv,Vv}",0.9999904721260156,0.9999897915635881,Vv,Vv,chr17,9621809,False,3.5010443937352916e-11,2.864623520601369e-11,2.818114550448388e-11,3.3744860478126045e-11,5.109832822186516e-06,8.20114760188353e-12,1.3997650704033403e-11,1.493589473480669e-11,1.4386701945194705e-06,7.856549463826307e-12,1.4774833047819844e-11,1.414870362238933e-06,9.465868645517161e-12,1.564305790813902e-06,0.9999904721260156
rh_chr17_9692661,"{Vv,Vv}",0.9998629209178712,0.999853129554862,Vv,Vv,chr17,9962126,False,4.6161068698079893e-10,2.439191917967919e-10,1.9374152263874802e-10,8.328113191580383e-10,0.00011780082043119656,6.792338124947828e-11,8.200286944493983e-11,1.235660991515848e-10,5.428604256965699e-06,4.147065383531367e-11,1.1378623339549393e-10,4.694185932030513e-06,1.222655562456153e-10,9.153188411070105e-06,0.9998629209178712
rh_chr17_9938493,"{Vv,Vv}",0.9997890124825811,0.9997739419456226,Vv,Vv,chr17,10210980,False,9.581640386194003e-10,5.526579101669408e-10,4.853673368088193e-10,5.216626744847043e-09,0.00015873573030558187,5.543004220430521e-11,7.50852728064541e-11,2.3126825022058167e-10,1.7148262158693797e-05,3.962243977955547e-11,2.1210815242348194e-10,2.789165866174983e-06,2.974144935975137e-10,3.2306235343750366e-05,0.9997890124825811
rh_chr17_10013916,"{Vv,Vv}",0.9996573059119845,0.9996328277628406,Vv,Vv,chr17,10286394,False,2.713773880944233e-09,1.911798925804958e-09,1.6113308084127276e-09,1.9296143829798347e-08,0.00017839677456371483,1.4856605459932412e-10,2.359770933210088e-10,5.285797038736247e-10,2.0268107451430416e-05,7.635855739530931e-11,3.5492045901304354e-10,9.201915226123746e-06,4.4976254818612376e-10,0.00013479996356228964,0.9996573059119845
rh_chr17_10298694,"{Vv,Vv}",0.9996420984848928,0.9996165340909566,Vv,Vv,chr17,10571245,False,2.816834775166426e-09,2.8389888547216255e-09,2.8949208729423403e-09,9.227328129626381e-09,0.00017561911669747348,5.279567017246462e-10,8.510631790575661e-10,2.0750489321645143e-09,1.2964056293368348e-05,4.2751183909126913e-10,1.874514309551825e-09,1.0600907688358302e-05,1.6730319537024728e-09,0.0001586922272284483,0.9996420984848928
rh_chr17_10369486,"{Vv,Vv}",0.9995779442182247,0.9995477973766693,Vv,Vv,chr17,10642186,True,5.6224426327278165e-09,6.517850709159013e-09,7.136827090539512e-09,1.552951209621576e-08,0.00018592635034573733,9.133516924316024e-10,1.6051843484665072e-09,5.440173789059412e-09,3.389577143687764e-05,8.244097271526378e-10,5.325227432673197e-09,3.228407504608864e-05,3.978817922574589e-09,0.00016989669114912142,0.9995779442182247
rh_chr17_10746329,"{Vv,Vv}",0.9994534857606696,0.9994144490292889,Vv,Vv,chr17,11018810,False,1.626104722347204e-08,2.1206827256535664e-08,2.6866490257618597e-08,3.637092931942191e-08,0.0001870367621100528,5.0251105099519026e-09,1.0116493683576575e-08,1.9158142056855847e-08,9.060494348915082e-05,5.595480212501656e-09,1.9872684742780824e-08,9.301527781752267e-05,1.1662760535364012e-08,0.00017568511994795158,0.9994534857606696
rh_chr17_11268517,"{Vv,Vv}",0.9998743096134902,0.9998653317287395,Vv,Vv,chr17,11533530,False,1.437069043011299e-08,9.124277015179692e-09,2.744099741827817e-08,2.0471575330210626e-08,4.208254614139804e-05,2.360430014555264e-09,5.899235227897665e-09,6.820458076874229e-09,1.9317726232626494e-05,4.148530527222775e-09,9.036634973204819e-09,2.7303927058521837e-05,4.7203940628304904e-09,3.688179385410947e-05,0.9998743096134902
rh_chr17_11747237,"{Vv,Vv}",0.9996200300135735,0.9995928893002572,Vv,Vv,chr17,12023856,True,5.34353408972476e-08,1.8687093201608258e-08,1.0374914971110403e-07,5.404827334780335e-08,0.00011996642708746763,5.874765637302274e-09,1.6031881630364433e-08,1.1630873337699e-08,7.078479801028526e-05,1.6275204389843897e-08,2.0532366627590575e-08,0.0001034952067670118,1.0300000490773655e-08,8.54129896125923e-05,0.9996200300135735
rh_chr17_11961661,"{Vv,Vv}",0.9997027395771839,0.9996815066898399,Vv,Vv,chr17,12238505,False,7.516718515893365e-08,2.4224122560088544e-08,1.7575785021542966e-07,8.277895189995847e-08,0.0001056987359259447,5.925623597579053e-09,2.2219901400032523e-08,1.3450135832485649e-08,4.4622756570927476e-05,2.031212090397829e-08,2.7627666874878772e-08,8.837951145585426e-05,1.1259147741804788e-08,5.810069615716041e-05,0.9997027395771839
rh_chr17_12164305,"{Vv,Vv}",0.9994801436651927,0.9994430110698493,Vv,Vv,chr17,12428871,False,1.2483820015465478e-07,3.684513882520657e-08,3.151377232149231e-07,1.4037123789262298e-07,0.00019268756438218734,8.255009386450887e-09,3.600650741822893e-08,1.9999745087232666e-08,7.58238772057676e-05,3.190023769864308e-08,4.419735817996869e-08,0.0001588873939353795,1.6507157034011186e-08,9.16834409690907e-05,0.9994801436651927
rh_chr17_12220808,"{Vv,Vv}",0.9994780799279837,0.9994407999228396,Vv,Vv,chr17,12485625,True,1.2656006560738442e-07,4.209905678980683e-08,3.1365126346711266e-07,1.4331675013671697e-07,0.00019103827095674848,9.114521250675252e-09,4.0081634411127105e-08,2.2447372774556208e-08,8.165965545979538e-05,3.348793558052484e-08,4.8497183509530654e-08,0.0001569089486314298,1.7601886857724963e-08,9.151633929806102e-05,0.9994780799279837
rh_chr17_12330680,"{Vv,Vv}",0.9994978080313742,0.9994619371764724,Vv,Vv,chr17,12596313,False,1.308412791166984e-07,5.235260938704506e-08,3.1171739088722333e-07,1.496304385675526e-07,0.00018193214698040576,1.1037295773817341e-08,4.810371552298948e-08,2.7309972366147725e-08,8.70646505210113e-05,3.6679107407831804e-08,5.686201998475517e-08,0.000147136290853359,2.0008565912907187e-08,8.521433787610101e-05,0.9994978080313742
rh_chr17_12396147,"{Vv,Vv}",0.9995056210204752,0.9994703082362235,Vv,Vv,chr17,12658978,False,1.3460956568500237e-07,6.236535423856796e-08,3.159107936469422e-07,1.562725525897039e-07,0.00017553382729116235,1.4222457227789146e-08,5.724084087141247e-08,3.274251559116144e-08,9.469488970882476e-05,3.9641131450487925e-08,6.383553182510277e-08,0.00014243234332756804,2.2013093165447097e-08,8.081906536089424e-05,0.9995056210204752
rh_chr17_12640993,"{Vv,Vv}",0.998940826573399,0.9988651713286418,Vv,Vv,chr17,12899735,False,1.77987704837365e-07,1.3035446978900948e-07,3.6728425690710127e-07,2.099600991238672e-07,0.00031879156818532894,5.360866544604842e-08,1.2290505552169957e-07,7.414188692123584e-08,0.0002950101310408488,6.742335662672321e-08,1.1194251207003883e-07,0.00027560018959104884,4.3013300931834576e-08,0.00016841291647556913,0.998940826573399
rh_chr17_13928628,"{Vv,Vv}",0.9967257015762547,0.9964918231174158,Vv,Vv,chr17,14925010,False,2.3662941508270708e-06,8.987873253721693e-07,1.6443969821217637e-06,1.6375752718255318e-06,0.0012733472613845128,5.032164645755524e-07,8.174583605712908e-07,7.831668349421689e-07,0.000600229906139774,5.352630740220406e-07,9.386870053209897e-07,0.0006943937108765891,5.443363954408635e-07,0.0006956583634794365,0.9967257015762547
rh_chr17_13991916,"{Vv,Vv}",0.9968491003290484,0.9966240360668376,Vv,Vv,chr17,14988356,False,2.2850702820443396e-06,9.640994007500902e-07,1.6879963723848638e-06,1.681306065215268e-06,0.0012103331186103883,4.989020918983058e-07,8.538268376078212e-07,8.208269399696628e-07,0.0005888861490300302,5.29368771046361e-07,9.75939245158551e-07,0.0006693169979087569,5.384425587095774e-07,0.0006715276268376884,0.9968491003290484
rh_chr17_15046000,"{Vv,Vv}",0.999131397217087,0.9990693541611646,Vv,Vv,chr17,16800074,False,1.4655083138818201e-07,1.5655980226983975e-07,1.7579198303445998e-07,1.6697884265364321e-07,0.00018243597707055372,1.1967767070610465e-07,1.2668858012794548e-07,1.3893825013430584e-07,0.0003815085373600826,6.121799854316432e-08,1.2585213532367262e-07,0.0001358680063036682,6.965349704714756e-08,0.0001675023525875019,0.999131397217087
rh_chr17_15672031,"{Vv,Vv}",0.9992923452879946,0.9992417985228513,Vv,Vv,chr17,17498422,False,6.953258979330683e-08,7.331698113414336e-08,9.753830460719006e-08,7.365328243288223e-08,0.00014351335837828333,7.063752952476202e-08,6.768671508704604e-08,8.258112578217693e-08,0.00030672523387691804,2.508448676149114e-08,6.603721313710776e-08,0.00010945315740817749,3.225883351531419e-08,0.00014730463528020972,0.9992923452879946
rh_chr17_16303050,"{Vv,Vv}",0.9997212736106457,0.9997013645828347,Vv,Vv,chr17,18124112,False,5.6000323623813923e-08,3.566103611046965e-08,1.1035246260437062e-07,4.7448239685367566e-08,0.000168167253027258,2.3719178625292476e-08,3.136547806149444e-08,3.239986377094157e-08,2.9789988223324785e-05,1.817960072573225e-08,6.33680060208267e-08,2.9627517858875664e-05,2.351021738647907e-08,5.06996258383402e-05,0.9997212736106457
rh_chr17_16552770,"{Vv,Vv}",0.9992388808909028,0.9991845152402531,Vv,Vv,chr17,18367924,False,1.3657910086426264e-07,7.165809688510377e-08,2.960697008444666e-07,1.1165190471602086e-07,0.0005712391342826466,4.427549259749853e-08,6.986623646506224e-08,6.676306139238757e-08,3.219954955106685e-05,4.986191459459205e-08,1.6729895862180654e-07,7.065292316190365e-05,5.6800087798651236e-08,8.59566775467416e-05,0.9992388808909028
rh_chr17_16814803,"{Vv,Vv}",0.9966454657877194,0.996405856201128,Vv,Vv,chr17,18663079,True,2.398159256501838e-06,9.977495759124696e-07,5.512226405604888e-06,1.7286392720913438e-06,0.001415548728110392,4.7255263514283555e-07,7.327061865969955e-07,6.252199338899665e-07,0.0002989355468698662,8.230771023542887e-07,2.0600675300880064e-06,0.0009870984950837345,7.667614669774884e-07,0.0006368342828514166,0.9966454657877194
rh_chr17_17076170,"{Vv,Vv}",0.9945690061806922,0.9941810780507416,Vv,Vv,chr17,18924898,True,5.549531001672913e-06,2.694118738067763e-06,1.5980150122882786e-05,4.740624440921574e-06,0.0021054517600051295,1.20344414965553e-06,2.353205603471587e-06,1.9431586215107164e-06,0.000473996298352836,2.097015543576761e-06,6.798722553193732e-06,0.0017409340965354747,1.93354752206261e-06,0.0010653181461174259,0.9945690061806922
rh_chr17_17142778,"{Vv,Vv}",0.9940765183391035,0.9936534125061823,Vv,Vv,chr17,18991246,True,6.439953734608833e-06,3.2505601366224456e-06,1.9590969183552007e-05,5.7447010421581855e-06,0.002271375210955415,1.4173853276551978e-06,2.915160002612704e-06,2.4006257254660858e-06,0.0005092012739305127,2.4560163626437664e-06,8.48995878160882e-06,0.001923039513323407,2.2697217542430434e-06,0.0011648906106360355,0.9940765183391035
rh_chr17_17291745,"{Vv,Vv}",0.993003359939226,0.9925035999348849,Vv,Vv,chr17,19142469,False,8.786652623089098e-06,4.645319715612748e-06,2.901066604119401e-05,8.299511265421795e-06,0.0026367227365455895,2.0019486042856724e-06,4.355241477014567e-06,3.5782471494860844e-06,0.0005757944691784078,3.4149917216380465e-06,1.293793328325658e-05,0.002325287618504266,3.178125138401474e-06,0.00137862659952638,0.993003359939226
rh_chr17_17582924,"{Vv,Vv}",0.9906498102465536,0.9899819395498789,Vv,Vv,chr17,19428449,False,1.5801944019062736e-05,1.322201986252268e-05,4.0729583604731364e-05,1.8353912401015806e-05,0.0031748490055967965,4.743800105424878e-06,1.2499419748002723e-05,9.25652347467846e-06,0.0011592195791898206,1.0172873372252393e-05,2.234643627479024e-05,0.0028368072115182593,7.469067645918454e-06,0.002024718376633057,0.9906498102465536
rh_chr17_17744746,"{Vv,Vv}",0.9894647270324375,0.9887122075347544,Vv,Vv,chr17,19585948,False,2.0066717127737236e-05,1.921258528836931e-05,4.837244520898528e-05,2.5128459500646714e-05,0.0034417826398720256,6.759323139269117e-06,1.8261266465417457e-05,1.3723990551800446e-05,0.0014493578823015086,1.4302731249092043e-05,2.8777561383822518e-05,0.0030887039787702046,1.0304123648081735e-05,0.002350519263055542,0.9894647270324375
rh_chr17_17955492,"{Vv,Vv}",0.9878077936646807,0.9869369217835865,Vv,Vv,chr17,19796194,False,2.66012647991623e-05,2.867546640637735e-05,6.0009238673768826e-05,3.562445013017438e-05,0.003817633688879859,1.0342551442582824e-05,2.742430369110894e-05,2.119341798225104e-05,0.0018453850461576623,2.0657201467329292e-05,3.882318577071722e-05,0.0034411636486799957,1.4968588582837196e-05,0.0028037042826555563,0.9878077936646807
rh_chr17_18015932,"{Vv,Vv}",0.981821309668052,0.9805228317871986,Vv,Vv,chr17,19857074,True,3.0351110226860244e-05,3.387881708910861e-05,6.623401714017596e-05,4.152046525231176e-05,0.005297320790468262,1.2664542601805103e-05,3.2345005134359574e-05,2.564769443654868e-05,0.003338476604671259,2.4159993227552108e-05,4.440280792719505e-05,0.0049234133981675525,1.8000852039732172e-05,0.00429027423356514,0.981821309668052
rh_chr18_70737,"{Vv,Vv}",0.9918882562207401,0.9913088459507929,Vv,Vv,chr18,80452,False,5.605963661522585e-06,9.117318318068216e-06,8.436371132212929e-06,8.840648193577966e-06,0.0013328573616264129,1.0300289730274963e-05,1.1784538455402717e-05,1.294978416608812e-05,0.0024892405338766774,8.024985586648058e-06,1.163907019415205e-05,0.00196030891799668,9.650919095800275e-06,0.00223298707722634,0.9918882562207401
rh_chr18_227536,"{Vv,Vv}",0.9964350808249024,0.9961804437409668,Vv,Vv,chr18,236372,False,2.305664615218694e-06,3.584653390632273e-06,3.427171374025169e-06,3.585590821774176e-06,0.0005504538462022233,4.017524512530352e-06,4.624620194211816e-06,5.062427597591931e-06,0.0012564538658462953,3.305686293485891e-06,4.705506068537023e-06,0.0008087463376190413,3.947488628803314e-06,0.000910698791933195,0.9964350808249024
rh_chr18_474745,"{Vv,Vv}",0.9982050468614024,0.9980768359229312,Vv,Vv,chr18,479114,False,4.6452096285009616e-07,7.116238435749553e-07,6.778412629136525e-07,7.116107207324713e-07,0.00028689787337314945,7.967884502365791e-07,9.107526558323174e-07,9.934793341571546e-07,0.0006281785293312023,6.576959397557675e-07,9.219717881164693e-07,0.0004156247186777113,7.848550516052221e-07,0.0004566208772057832,0.9982050468614024
rh_chr18_582430,"{Vv,Vv}",0.9989363089437782,0.9988603310111909,Vv,Vv,chr18,586397,False,7.308317597756748e-08,1.1752451302230736e-07,1.1086974087341572e-07,1.181484342508435e-07,0.00017438940211334693,1.1965205238067767e-07,1.4654996288062383e-07,1.618165894516455e-07,0.0003692287542238031,9.894292179275487e-08,1.4869748928769042e-07,0.00024758076099921347,1.1932580276562942e-07,0.0002712775282027449,0.9989363089437782
rh_chr18_721947,"{Vv,Vv}",0.9994596134605267,0.9994210144219929,Vv,Vv,chr18,725878,False,2.3905885846275394e-08,4.029299280208026e-08,3.677474555647995e-08,4.0714776777920875e-08,9.284396828046039e-05,3.570630209297577e-08,4.724270012845818e-08,5.385097621376311e-08,0.00018328471742404704,2.9296617891102805e-08,4.789092478641183e-08,0.0001262718404043348,3.6410981081108737e-08,0.00013759392646129652,0.9994596134605267
rh_chr18_823493,"{Vv,Vv}",0.9998732829328614,0.99986423171378,Vv,Vv,chr18,827425,False,6.717557302763299e-09,8.51841360543384e-09,6.524962699112904e-09,9.13352117096105e-09,2.4986697727119476e-05,7.295197550119483e-09,7.062173332040769e-09,1.0376447863202867e-08,3.9965494463734925e-05,5.556993813515433e-09,7.381056969526916e-09,2.965912744695626e-05,8.269765374697909e-09,3.202891141107271e-05,0.9998732829328614
rh_chr18_904255,"{Vv,Vv}",0.999869634230801,0.9998603223901439,Vv,Vv,chr18,908274,True,5.170450996320491e-09,6.726011668085408e-09,4.8224877156608625e-09,7.2955350960060266e-09,3.078889407082475e-05,5.069585978891601e-09,4.958986896728847e-09,7.972426102800541e-09,3.8724781056697425e-05,4.03602242537927e-09,5.170478108903047e-09,2.70591048137955e-05,5.934544311446898e-09,3.373583272839766e-05,0.999869634230801
rh_chr18_983057,"{Vv,Vv}",0.9998819731255046,0.9998735426344693,Vv,Vv,chr18,986912,False,3.899050598026358e-09,5.189992149250754e-09,3.374958890224005e-09,5.751415787675044e-09,3.2458293557581164e-05,3.3178628819675847e-09,3.223022154020148e-09,5.974406676555272e-09,3.355231302804104e-05,2.9551138745482772e-09,3.348745092384478e-09,2.055214226188081e-05,4.0835403248057505e-09,3.142300753946915e-05,0.9998819731255046
rh_chr18_1143128,"{Vv,Vv}",0.9999451565969274,0.9999412392109936,Vv,Vv,chr18,1177528,False,1.382286067964902e-09,1.1050681884554803e-09,1.6571984905507827e-09,1.3792519214905108e-09,2.0113295745121943e-05,5.891056795444178e-10,8.020227443077576e-10,1.0060163923187277e-09,8.917973873072574e-06,1.5599523932683195e-09,9.424143330717368e-10,1.625642225575199e-05,8.356953561285655e-10,9.544452187147403e-06,0.9999451565969274
rh_chr18_1355284,"{Vv,Vv}",0.9996797777643295,0.9996569047474959,Vv,Vv,chr18,1389558,False,2.3584457877651837e-09,1.229886010204354e-09,5.250270472636571e-09,1.837382177440791e-09,0.000121266251255296,7.135749968905191e-10,1.2506434763482074e-09,1.2581666256229745e-09,3.331308807406459e-05,5.156857150669312e-09,1.78152050465072e-09,0.00012554813949923778,1.0366232239692065e-09,4.007288347147678e-05,0.9996797777643295
rh_chr18_1535599,"{Vv,Vv}",0.9997148591780807,0.999694491976515,Vv,Vv,chr18,1569640,True,2.3020864375216264e-09,2.5202394302994747e-09,5.440823043829529e-09,3.1137600097448256e-09,9.581169041026216e-05,7.930106245723592e-10,2.5517362886521257e-09,1.7352109212701495e-09,3.970282790435534e-05,3.5466624715669488e-09,3.11358890313048e-09,9.789193234506594e-05,1.2093896348941004e-09,5.170804475187598e-05,0.9997148591780807
rh_chr18_1680517,"{Vv,Vv}",0.9998026330792501,0.9997885354420537,Vv,Vv,chr18,1713866,False,1.4509193613937981e-09,1.985006007926762e-09,3.6056861075525285e-09,2.4100492085793317e-09,6.062746282334668e-05,5.408798057851429e-10,1.9686277471753934e-09,1.3887745362174006e-09,2.975578954481095e-05,1.895321253310247e-09,2.379238520623076e-09,6.0957817908746346e-05,9.218808359918019e-10,4.60073040896672e-05,0.9998026330792501
rh_chr18_1782705,"{Vv,Vv}",0.9998970127403073,0.9998896565074721,Vv,Vv,chr18,1816134,False,8.839721406938047e-10,1.3154655438916472e-09,2.2200557176862363e-09,1.4866269477650669e-09,2.770765616372839e-05,3.307432757936509e-10,1.263890114255191e-09,8.688083195148689e-10,1.4588400253184439e-05,1.0267184227736676e-09,1.422423019406051e-09,2.680435724299581e-05,5.796666137370487e-10,3.387544766267561e-05,0.9998970127403073
rh_chr18_2022059,"{Vv,Vv}",0.9999301264059843,0.9999251354349832,Vv,Vv,chr18,2052544,False,2.2518909158845642e-10,3.175422560973333e-10,4.5098523993684725e-10,4.6253894165726775e-10,1.9596678472975176e-05,5.906938356945826e-11,1.9821177314165015e-10,2.3706560747803475e-10,1.2744025449970997e-05,1.1650374535179526e-10,3.1676245822729864e-10,1.654668856225325e-05,1.5746167926785417e-10,2.0983660200205992e-05,0.9999301264059843
rh_chr18_2200869,"{Vv,Vv}",0.999991975454839,0.9999914022730417,Vv,Vv,chr18,2223976,False,8.67982106867133e-12,1.4407563308882079e-11,1.735141282922155e-11,2.5790406559879496e-11,1.8476375557652357e-06,4.1746367006810215e-12,1.1395461508820259e-11,1.7951578587320552e-11,1.411021112155672e-06,5.654231178614507e-12,2.0800434246443048e-11,1.6102824197903825e-06,1.3557297497316681e-11,3.155464310422041e-06,0.999991975454839
rh_chr18_2286800,"{Vv,Vv}",0.9999889653917352,0.9999881772054305,Vv,Vv,chr18,2309950,False,9.152438901398576e-12,1.7169207095563544e-11,1.852105645686501e-11,3.1190107626497195e-11,1.9277775866190813e-06,6.286674137957515e-12,1.5126809094686906e-11,2.5577285069197145e-11,1.741846046346449e-06,6.898932954463566e-12,2.7287950072465764e-11,1.7050747700268706e-06,1.7684175687667584e-11,5.659734967182576e-06,0.9999889653917352
rh_chr18_2662553,"{Vv,Vv}",0.9999840399099219,0.9999828999034878,Vv,Vv,chr18,2685550,False,7.650041713525513e-11,4.1469224385509235e-11,4.348558581785977e-11,9.106752221962322e-11,6.396177590540757e-06,1.686071387579773e-11,2.77524851530263e-11,4.226380998257287e-11,1.732214400326125e-06,2.0465000517606094e-11,4.4415195857556015e-11,1.9157105515238166e-06,6.037153416143225e-11,5.915522884161673e-06,0.9999840399099219
rh_chr18_2813601,"{Vv,Vv}",0.9999405041160434,0.9999362544100465,Vv,Vv,chr18,2836492,False,2.9879725233926325e-10,1.1010360924605424e-10,1.2064249502297862e-10,3.7910809567955595e-10,2.7072206239315544e-05,4.221851611440179e-11,8.667061020096949e-11,1.1397227515584814e-10,4.3307264291322065e-06,5.841469006219435e-11,1.2449023507124756e-10,5.6948954007715044e-06,2.002294286611559e-10,2.2396521240118474e-05,0.9999405041160434
rh_chr18_3084390,"{Vv,Vv}",0.9999217042625301,0.9999161117098537,Vv,Vv,chr18,3105950,False,6.946008862646218e-11,6.19491309823894e-11,6.926632778851774e-11,1.1327184523658286e-10,3.134474168401455e-05,1.846273782826137e-11,3.4782668630958576e-11,5.7383524043127916e-11,2.226610419826996e-06,2.4268227568764896e-11,6.388406431548715e-11,1.1555774172179742e-05,5.940880077902823e-11,3.3168039056486837e-05,0.9999217042625301
rh_chr18_3190122,"{Vv,Vv}",0.9999423809161887,0.9999382652673451,Vv,Vv,chr18,3209604,False,1.0537036378006349e-10,1.1427017369126315e-10,1.4090260492679948e-10,2.3530909960600075e-10,2.2814231225064485e-05,1.650185971105161e-11,5.3545313095014076e-11,1.1382242750173008e-10,3.986652706198925e-06,3.1369732798510504e-11,1.3892308166000378e-10,8.206848417074695e-06,9.987549616649129e-11,2.2610301572832823e-05,0.9999423809161887
rh_chr18_3299536,"{Vv,Vv}",0.9999717327190589,0.9999697136275632,Vv,Vv,chr18,3318809,False,2.9863169238019245e-11,2.952069265166624e-11,3.202801056108552e-11,7.133229823248235e-11,1.3918332026880687e-05,3.038671722171223e-12,9.354581418589746e-12,2.6750689209650747e-11,1.2521451125319553e-06,6.622593928877626e-12,2.9570009325071214e-11,1.5429497994299044e-06,3.2678466289490264e-11,1.1553583243073288e-05,0.9999717327190589
rh_chr18_3402250,"{Vv,Vv}",0.999977030659124,0.9999753899919186,Vv,Vv,chr18,3421764,False,3.68048002046928e-11,2.249058801513255e-11,3.3812637768999915e-11,9.21672451382314e-11,9.620580808565735e-06,3.6392686907374595e-12,8.140542142652239e-12,1.8218762708927895e-11,1.4135059122693503e-06,1.1533275772387167e-11,2.486523399378057e-11,1.5033441377040216e-06,4.7044067622688435e-11,1.043161130103601e-05,0.999977030659124
rh_chr18_3488083,"{Vv,Vv}",0.9999856475405456,0.9999846223648703,Vv,Vv,chr18,3503112,False,3.590028038898799e-11,2.195148533099842e-11,5.885316028671143e-11,7.516914497982503e-11,5.852993918075853e-06,3.391183380400038e-12,8.464533528694479e-12,1.9254028597092234e-11,1.451743438896274e-06,2.6299728641064177e-11,4.7119927755056135e-11,1.9469868141105352e-06,3.11410055145947e-11,5.10040773876596e-06,0.9999856475405456
rh_chr18_3555950,"{Vv,Vv}",0.9999617027583769,0.9999589672411181,Vv,Vv,chr18,3570866,False,1.2830232757539644e-10,9.125399573928406e-11,2.878787155271994e-10,2.1677488552604488e-10,1.366352783812383e-05,2.3661681789189506e-11,5.952109933498815e-11,7.877843942478447e-11,5.805038928122094e-06,2.405426184839985e-10,2.2618972012930373e-10,8.532108688838522e-06,8.685029653827439e-11,1.0295126414171752e-05,0.9999617027583769
rh_chr18_3752475,"{Vv,Vv}",0.9999608433191426,0.999958046413367,Vv,Vv,chr18,3755238,False,1.8638308720254816e-10,2.071296768555628e-10,3.055954519536674e-10,3.0738229722149814e-10,1.8920267668727276e-05,5.26890517645407e-11,1.4421410507590617e-10,1.5988553176101254e-10,2.959747826902491e-06,1.5030786261116104e-10,2.392345876965053e-10,8.395835896357416e-06,1.2213225795511898e-10,8.878954511459226e-06,0.9999608433191426
rh_chr18_3952793,"{Vv,Vv}",0.9996985756643524,0.9996770453546633,Vv,Vv,chr18,3952729,False,1.8316328060733698e-09,2.589552893419965e-09,2.941856613121772e-09,3.102638343880266e-09,0.00016265259732473996,9.990407801273615e-10,2.1266688757090664e-09,2.2141659349771092e-09,1.590275076653258e-05,1.347065813925382e-09,2.5343765664650146e-09,6.793160006923102e-05,1.5160795295162145e-09,5.491618440896034e-05,0.9996985756643524
rh_chr18_6012983,"{Vv,Vv}",0.9994140021246778,0.9993721451335833,Vv,Vv,chr18,5999836,False,1.254004950743891e-08,2.0243021252955926e-08,4.296935764102387e-08,7.74040433024812e-08,8.530250024143788e-05,1.6434230829994384e-08,4.372388755333973e-08,5.568683890222648e-08,6.595335149848163e-05,1.5340204481081997e-08,3.233134460189241e-08,0.0001007151496441149,7.071845851880025e-08,0.0003336394825016684,0.9994140021246778
rh_chr18_6135846,"{Vv,Vv}",0.9994594572080792,0.9994208470086563,Vv,Vv,chr18,6122188,False,7.95322407830855e-09,1.6675298647874108e-08,4.159212002696168e-08,7.240194838774945e-08,6.141263172624555e-05,1.3631965677378587e-08,4.408247091644269e-08,4.962897164909371e-08,4.2672749731546865e-05,1.0086133027283056e-08,2.0317740857427574e-08,8.18865478897005e-05,5.4824138447570746e-08,0.0003542396685615733,0.9994594572080792
rh_chr18_6229663,"{Vv,Vv}",0.9993842995434673,0.9993403209394293,Vv,Vv,chr18,6216018,False,6.884195847700656e-09,1.7542452134673985e-08,4.627133702795456e-08,8.255293916580719e-08,6.678523580327314e-05,1.3087264400582145e-08,4.804467482681124e-08,6.278105618768968e-08,5.8026234810254536e-05,7.435524270360919e-09,2.154020926548478e-08,0.00011763202183181058,4.418208969198857e-08,0.0003729066423445146,0.9993842995434673
rh_chr18_6710920,"{Vv,Vv}",0.9999268074927559,0.9999215794565242,Vv,Vv,chr18,6674269,False,7.389567199489531e-10,9.13536209370099e-10,2.3144824865282318e-09,2.7856104160757523e-09,1.0848322352279084e-05,5.21754928306376e-10,1.8971054892412457e-09,1.9971161115490447e-09,1.0633857733241576e-05,1.0669882483108514e-09,1.7612032339927222e-09,1.6384599639361735e-05,1.4781872377776533e-09,3.531025257813472e-05,0.9999268074927559
rh_chr18_6936362,"{Vv,Vv}",0.9998738312105382,0.999864819154148,Vv,Vv,chr18,6918018,False,1.3577710501721293e-09,1.0606683905162553e-09,2.055784166746694e-09,1.606277726487104e-09,3.9596420020899576e-05,6.008068257469381e-10,1.5292605664448373e-09,1.2271812913480377e-09,1.738555776031568e-05,1.8955102677100555e-09,1.6031463541361664e-09,5.00660473324886e-05,9.314952220143981e-10,1.9106896446285994e-05,0.9998738312105382
rh_chr18_7076548,"{Vv,Vv}",0.9997070392583767,0.9996861134911179,Vv,Vv,chr18,7058074,False,1.9941444721239345e-09,2.939774410096761e-09,4.3409597737840096e-09,2.6217377691951246e-09,4.964832829537346e-05,9.688608436579744e-10,1.998215780008001e-09,1.4022346325935392e-09,4.911525432675736e-05,3.4987243526869108e-09,1.6267422679602403e-09,0.0001600381882584932,1.0506233318381334e-09,3.413652872505299e-05,0.9997070392583767
rh_chr18_7128961,"{Vv,Vv}",0.9996626795209965,0.9996385852010677,Vv,Vv,chr18,7110264,False,1.6923818059789205e-09,3.173090490084637e-09,5.3464382929185385e-09,2.46190184844938e-09,4.606759344649392e-05,9.217346628227677e-10,2.1363610027400984e-09,1.2084624866718174e-09,5.5464239718490924e-05,3.9989815747494415e-09,1.4204527259634828e-09,0.00020174789265117393,8.781923436245041e-10,3.4017515190101175e-05,0.9996626795209965
rh_chr18_7185348,"{Vv,Vv}",0.999694926318119,0.9996731353408418,Vv,Vv,chr18,7166606,False,1.417635203711099e-09,2.881885747323587e-09,5.182134784840258e-09,2.2979312404251376e-09,4.10986563927008e-05,8.866447546281575e-10,2.17115031295938e-09,1.3432118101493944e-09,4.1722944497798844e-05,4.483116734144178e-09,2.01671199697023e-09,0.00019045187528755054,7.859301044918766e-10,3.177673935030533e-05,0.999694926318119
rh_chr18_7445887,"{Vv,Vv}",0.9998227689002873,0.9998101095360221,Vv,Vv,chr18,7427146,False,5.550358406171537e-10,9.45943116600721e-10,2.5368807899505698e-09,1.1227237026344188e-09,3.0251908292579745e-05,3.078110388641034e-10,1.6798584468130635e-09,8.080384839093141e-10,2.6092490030353955e-05,1.9009627463719863e-09,2.1277168157335187e-09,9.187493318439111e-05,4.909969618741614e-10,2.899929223735019e-05,0.9998227689002873
rh_chr18_7569505,"{Vv,Vv}",0.999929452420977,0.9999244133081896,Vv,Vv,chr18,7552498,False,2.88180136720322e-10,4.018646007225627e-10,1.015018064586337e-09,4.8441551395654e-10,1.5668210528056427e-05,1.1466956212102117e-10,6.038521649349192e-10,3.032890720249406e-10,1.0479334299969992e-05,6.192855301245779e-10,7.566179384358125e-10,3.2345441137183385e-05,1.851440177149593e-10,1.2049820721202094e-05,0.999929452420977
rh_chr18_7653397,"{Vv,Vv}",0.9999581776373646,0.9999551903257478,Vv,Vv,chr18,7636422,False,1.9985525700449918e-10,2.347466236302407e-10,5.645137885562864e-10,2.9670637153651323e-10,1.2797850565334295e-05,5.585844358143035e-11,2.785938289970135e-10,1.5299664352313375e-10,5.78447794765819e-06,2.8621699667308655e-10,3.704084163813532e-10,1.5993352935475886e-05,1.007046037924171e-10,7.244140585975859e-06,0.9999581776373646
rh_chr18_7809270,"{Vv,Vv}",0.9998644179208933,0.9998547334866714,Vv,Vv,chr18,7779620,True,7.857283834799882e-10,6.97643385493704e-10,1.0963556622165304e-09,8.747679808635544e-10,5.587615985124598e-05,1.9388632020032496e-10,5.417830883223793e-10,4.4111599279484435e-10,2.0780840009663723e-05,4.418001186859705e-10,7.136833105629909e-10,3.2220791859307936e-05,3.3496415362775317e-10,2.6698165658035823e-05,0.9998644179208933
rh_chr18_7997064,"{Vv,Vv}",0.9998203961097586,0.9998075672604556,Vv,Vv,chr18,7967286,False,1.0981636276041132e-09,8.731031021397692e-10,1.134202308760549e-09,1.3595584504463036e-09,9.287813318367486e-05,1.2357542264591986e-10,3.83167665173539e-10,5.124113894086693e-10,2.0587180994060445e-05,2.5890449191330153e-10,7.123936863184964e-10,3.3721036562761476e-05,3.987333220780944e-10,3.241068528743683e-05,0.9998203961097586
rh_chr18_8237032,"{Vv,Vv}",0.9997980145953382,0.9997835870664338,Vv,Vv,chr18,8205577,False,9.375170654437586e-10,8.566264887809064e-10,9.017642151034836e-10,9.315594291828595e-10,0.00014417300039792864,1.4505169105824495e-10,3.4631332192934053e-10,3.5215548502866393e-10,7.924454298873252e-06,2.1370946926198772e-10,4.1510775061858746e-10,2.8193267904576933e-05,2.2685213153597376e-10,2.1689355403385112e-05,0.9997980145953382
rh_chr18_8343849,"{Vv,Vv}",0.9997230881729711,0.9997033087567547,Vv,Vv,chr18,8311356,True,2.9921616761716987e-09,2.4523837100713736e-09,2.9326636761083025e-09,2.811776589986672e-09,0.00018009571256769071,3.1888414738547003e-10,8.317232096345181e-10,7.638495129126086e-10,2.283728715137877e-05,5.54972252533431e-10,1.0351185472067358e-09,3.98738962663248e-05,4.995674709641454e-10,3.408973794278868e-05,0.9997230881729711
rh_chr18_8494785,"{Vv,Vv}",0.9996656098387293,0.99964172482721,Vv,Vv,chr18,8461917,True,4.630045470258992e-09,4.001932446674527e-09,4.696900268291016e-09,4.489706808271641e-09,0.0002192628793285877,5.392731493780224e-10,1.3899073171355441e-09,1.284404640715917e-09,3.163900685513292e-05,8.28247826631989e-10,1.6341602984472651e-09,4.412026913063537e-05,7.372274566276472e-10,3.93437741506556e-05,0.9996656098387293
rh_chr18_8594348,"{Vv,Vv}",0.9996593595432632,0.9996350280820677,Vv,Vv,chr18,8561738,True,4.4143467922898375e-09,4.158594045214392e-09,4.794414431725524e-09,4.598630694556773e-09,0.00023747158041262717,5.594292125432214e-10,1.539620962730477e-09,1.4381703810726018e-09,2.9426754316890426e-05,8.122250477276146e-10,1.760314207624099e-09,3.8918451215615546e-05,7.276183231461566e-10,3.479886742755097e-05,0.9996593595432632
rh_chr18_8759038,"{Vv,Vv}",0.9997050369671628,0.9996839681791031,Vv,Vv,chr18,8727380,False,1.2845384114654612e-09,1.7221931594208468e-09,1.933905711039838e-09,1.8751415057528698e-09,0.00025406150203126626,4.3354335803650857e-10,1.0455647726911728e-09,9.998055214105793e-10,1.1592427576610438e-05,5.68406803739023e-10,1.1619285996360502e-09,1.6172889650170156e-05,5.322775408283223e-10,1.3124656273683228e-05,0.9997050369671628
rh_chr18_8998759,"{Vv,Vv}",0.9996088929372133,0.9995809567184428,Vv,Vv,chr18,8966638,True,6.6927540293444565e-09,8.90507449120682e-09,9.137036389161495e-09,9.064156341014595e-09,0.00022507925995368696,1.5058697578339898e-09,2.614174567703324e-09,2.520882555761072e-09,5.3787134401275704e-05,1.6672648765657478e-09,2.725784159452888e-09,5.702544649451864e-05,1.6031431776551965e-09,5.5168785796908876e-05,0.9996088929372133
rh_chr18_9059804,"{Vv,Vv}",0.9996078049362382,0.9995797910031125,Vv,Vv,chr18,9027542,True,6.965540476922396e-09,9.935363824436569e-09,1.016077229390436e-08,1.0093516935248388e-08,0.00021199899967148098,1.6343702045103924e-09,3.2060838372864157e-09,3.1135347111537922e-09,5.8632917628673693e-05,1.7880565325756344e-09,3.315685417005868e-09,6.153320764165954e-05,1.727852300155522e-09,5.997799804351827e-05,0.9996078049362382
rh_chr18_9339521,"{Vv,Vv}",0.9997254749506469,0.9997058660185503,Vv,Vv,chr18,9308198,False,3.774835387034691e-09,5.870129054876036e-09,5.960049275758045e-09,5.968115925578093e-09,0.00012164314215482982,1.2070064982102416e-09,2.5445740845763648e-09,2.5207873805588828e-09,5.010207361553334e-05,1.2695135505099874e-09,2.604762525762214e-09,5.1459436500131704e-05,1.2654862269183476e-09,5.128741182263903e-05,0.9997254749506469
rh_chr18_9478149,"{Vv,Vv}",0.999830814490899,0.9998187298116774,Vv,Vv,chr18,9452806,False,1.6177529091407664e-09,2.847880592587676e-09,2.885853390293508e-09,2.9116006244185945e-09,6.921672574804076e-05,5.738539728330542e-10,1.381548659470745e-09,1.38308851451799e-09,3.2691376400106595e-05,5.983632077693672e-10,1.4188998141952013e-09,3.338900800947619e-05,6.111693261512381e-10,3.387216893242686e-05,0.999830814490899
rh_chr18_9598522,"{Vv,Vv}",0.9999592361007614,0.999956324393673,Vv,Vv,chr18,9573214,False,3.557499974827907e-10,5.433024013556923e-10,5.504762228281239e-10,5.715823347606263e-10,1.5566589755872772e-05,1.3470995993182312e-10,2.833751311876225e-10,2.924153785489412e-10,7.953717692528859e-06,1.399721604575945e-10,2.9903916016009984e-10,8.106618821890157e-06,1.5114660787086366e-10,9.133651198907701e-06,0.9999592361007614
rh_chr18_9651215,"{Vv,Vv}",0.9999471976473354,0.9999434260507165,Vv,Vv,chr18,9614374,False,3.657556177872974e-10,5.831873658075961e-10,5.902682581748134e-10,6.145010379611261e-10,1.793865852173596e-05,1.5196299629298353e-10,3.2632144671582694e-10,3.390721418926649e-10,1.1154915722755252e-05,1.5704770323330346e-10,3.455829076643025e-10,1.1298048459161562e-05,1.7156252876469388e-10,1.24070846989349e-05,0.9999471976473354
rh_chr18_9885500,"{Vv,Vv}",0.9998798737932424,0.9998712933499025,Vv,Vv,chr18,9848594,True,3.670205532766917e-10,5.581950364818161e-10,5.631911595024408e-10,5.929823896076479e-10,3.251599113999445e-05,2.663422912857759e-10,4.457351797898207e-10,4.689645508626962e-10,2.829381196101357e-05,2.7005640135847943e-10,4.730504509648728e-10,2.8445499746187432e-05,3.03024741937601e-10,3.086659534762401e-05,0.9998798737932424
rh_chr18_9976929,"{Vv,Vv}",0.999891315998318,0.9998835528553408,Vv,Vv,chr18,9939970,False,1.782616266607075e-10,3.331348376545374e-10,3.3757207662464956e-10,3.5891278376505766e-10,2.878530465022337e-05,1.3143069680206782e-10,2.8111564305080223e-10,2.9813711953560473e-10,2.5548392017076386e-05,1.3412625618279956e-10,3.013731446983509e-10,2.5703890322758217e-05,1.574974214707665e-10,2.8643903130328006e-05,0.999891315998318
rh_chr18_10227176,"{Vv,Vv}",0.9999250685729164,0.9999197163281247,Vv,Vv,chr18,10190212,True,2.550802950992791e-10,4.353208889141471e-10,4.5881697831128055e-10,5.101511676061921e-10,1.880871109130151e-05,1.713070167492269e-10,3.923445959123592e-10,4.3117517079094265e-10,1.6608257721598475e-05,1.839587412798718e-10,4.47040259968333e-10,1.6852609546690463e-05,2.498843967505422e-10,2.2658313644511427e-05,0.9999250685729164
rh_chr18_10304487,"{Vv,Vv}",0.9999675737786479,0.9999652576199799,Vv,Vv,chr18,10267554,False,1.9914739994689914e-10,3.1871849722943283e-10,3.5011129724015557e-10,3.8131150352281216e-10,7.710848994472436e-06,1.095304248330969e-10,2.814220125921071e-10,2.970047668092951e-10,5.822509811758357e-06,1.2437317029733947e-10,3.1773980959649867e-10,6.0947856241384365e-06,1.6396800024106826e-10,1.2795533594879497e-05,0.9999675737786479
rh_chr18_10584610,"{Vv,Vv}",0.9999639808349287,0.9999614080374236,Vv,Vv,chr18,10536568,False,3.7392633149525046e-10,1.9777430566805526e-10,3.298843302831367e-10,4.300883225702725e-10,1.3869027775173644e-05,7.840433660671015e-11,1.775817159636432e-10,1.858522549190561e-10,4.763970804008005e-06,1.371270845262801e-10,2.7520687708463257e-10,6.278235882324446e-06,1.8491754891544324e-10,1.1105559846826693e-05,0.9999639808349287
rh_chr18_10762383,"{Vv,Vv}",0.9999718989046558,0.9999698916835598,Vv,Vv,chr18,10713250,False,7.992315893220301e-10,2.6561445233194984e-10,7.164016301537876e-10,8.030506192309362e-10,1.2123966064410054e-05,8.372588274843826e-11,2.047439693707626e-10,2.040620080385603e-10,2.3051516035179923e-06,2.0695402246845627e-10,4.659451061001175e-10,7.50031400039148e-06,2.834730710697872e-10,6.167630473537413e-06,0.9999718989046558
rh_chr18_10907482,"{Vv,Vv}",0.9998436202936696,0.999832450314646,Vv,Vv,chr18,10857078,False,3.494593993413751e-09,9.255726717909933e-10,3.0265159398084466e-09,2.9731397220001483e-09,6.749883330929095e-05,4.1381871157409675e-10,8.307325518309375e-10,7.627605979296188e-10,1.025097851116569e-05,9.19543856668658e-10,1.8935417093798135e-09,5.08517225165455e-05,1.1807498505608454e-09,2.7761751023803088e-05,0.9998436202936696
rh_chr18_11045227,"{Vv,Vv}",0.9994319716912741,0.9993913982406508,Vv,Vv,chr18,10994144,False,1.3517519830305265e-08,3.088275614903644e-09,1.2597796502940805e-08,1.173876000333087e-08,0.00025169433865824615,1.6566177382502126e-09,3.1518306439463933e-09,2.9290157585380646e-09,3.1824573265027e-05,3.004416705831668e-09,7.680761391838758e-09,0.0001873101596653994,4.376062225555386e-09,9.713549608084529e-05,0.9994319716912741
rh_chr18_11215764,"{Vv,Vv}",0.998516824714362,0.9984108836225307,Vv,Vv,chr18,11164730,True,4.463819888350346e-08,1.4925385388911594e-08,6.664662626696756e-08,4.02269986298136e-08,0.0005350231323665044,7.690891464842641e-09,1.227474624915689e-08,1.659487142432949e-08,0.00011047231227350955,9.553213680707422e-09,3.952217683839888e-08,0.0006598660381553115,1.1967302864041715e-08,0.00017754976243096514,0.998516824714362
rh_chr18_11286900,"{Vv,Vv}",0.9981619716754667,0.9980306839380001,Vv,Vv,chr18,11235232,False,5.9015812828551426e-08,2.1230908874498917e-08,1.0130368144680461e-07,5.6117333076125924e-08,0.0006464335546116021,1.0783971245717639e-08,1.7124312731130787e-08,2.5201256557804092e-08,0.0001366846003401034,1.0132504228928714e-08,5.84302310796831e-08,0.0008500017396834509,1.5128178631510478e-08,0.00020453396170746883,0.9981619716754667
rh_chr18_11350114,"{Vv,Vv}",0.9981301651264567,0.9979966054926321,Vv,Vv,chr18,11298336,False,6.915330580051118e-08,4.7486631233205096e-08,1.425688075209436e-07,8.106231519281123e-08,0.0006407343029793794,1.476378925062249e-08,5.1344505053227304e-08,3.7443074572767216e-08,0.0001691186947804932,2.7093449275874492e-08,9.016524114190475e-08,0.0008323097759644313,1.9326763316358023e-08,0.00022709169193664477,0.9981301651264567
rh_chr18_11419262,"{Vv,Vv}",0.9980734603205661,0.9979358503434637,Vv,Vv,chr18,11367452,True,8.185098378871118e-08,7.695350265150858e-08,1.9317989352407656e-07,1.1136756040602176e-07,0.0006488881925299885,1.8834684921170067e-08,8.808774638384584e-08,5.211764790627401e-08,0.00019625818989241908,4.6689675068207635e-08,1.2749466763695319e-07,0.0008286414003199691,2.460976762815795e-08,0.0002519307105616143,0.9980734603205661
rh_chr18_11482876,"{Vv,Vv}",0.9980323091982342,0.9978917598552509,Vv,Vv,chr18,11431078,False,9.261400115351989e-08,1.0428673093793472e-07,2.3823735104096582e-07,1.3936993541108077e-07,0.0006536657650569671,2.281040309975346e-08,1.215138650927309e-07,6.69280161660705e-08,0.0002184240313791034,6.311307011765295e-08,1.613703022203989e-07,0.0008225708692527091,2.9554509181706168e-08,0.0002719903378926633,0.9980323091982342
rh_chr18_11553491,"{Vv,Vv}",0.9979991549654039,0.9978562374629327,Vv,Vv,chr18,11501376,True,1.0348593897424563e-07,1.3449430918751038e-07,2.861922089492749e-07,1.7020336879808163e-07,0.0006559036133037085,2.7389079295088173e-08,1.5782738891818287e-07,8.445242417118015e-08,0.00023977596220980688,7.952436321152652e-08,1.9807938441525184e-07,0.0008128609503274547,3.505079689913731e-08,0.00029102780949231586,0.9979991549654039
rh_chr18_11614594,"{Vv,Vv}",0.9979808252062534,0.9978365984352715,Vv,Vv,chr18,11562540,False,1.1201380119748247e-07,1.6076711894658346e-07,3.265035522083695e-07,1.9694340030010323e-07,0.0006552537131707717,3.1389392165533415e-08,1.8893052599686086e-07,1.0059349169773362e-07,0.0002556724283834599,9.230861359335581e-08,2.2946142873698212e-07,0.0008018485931165848,3.9728442267977976e-08,0.000304921419308617,0.9979808252062534
rh_chr18_12999959,"{Vv,Vv}",0.9997422161505548,0.9997238030184515,Vv,Vv,chr18,12935466,False,5.733450130686367e-09,5.8294366581161215e-09,8.183346122176533e-09,6.93512234200412e-09,0.00011981079848063733,1.994734411704249e-09,4.695184964797756e-09,3.920511917296757e-09,3.6643557080576135e-05,3.1363337045336214e-09,5.725712426544201e-09,5.312078596726164e-05,2.9588181692835332e-09,4.815959526578959e-05,0.9997422161505548
rh_chr18_13105502,"{Vv,Vv}",0.9997062886992105,0.9996853093205827,Vv,Vv,chr18,13040938,False,5.595608814326679e-09,6.031361961494595e-09,8.013658025088716e-09,7.167863423835276e-09,0.00012760289772228774,1.7702501939795705e-09,4.393927617991746e-09,3.91935362126181e-09,4.623274386635343e-05,2.679451041544196e-09,5.391598515600303e-09,5.734020646736708e-05,2.7231757048725347e-09,6.248776648458438e-05,0.9997062886992105
rh_chr18_13389611,"{Vv,Vv}",0.9996913964129308,0.9996693532995687,Vv,Vv,chr18,13308282,True,2.8699565860170648e-09,2.762171534930288e-09,3.2534062781486315e-09,3.599275177796327e-09,0.000137125531811025,6.47519398068163e-10,1.43089831806852e-09,1.7171289566847182e-09,4.546355465704475e-05,8.261875085385036e-10,2.06356447185559e-09,5.017473145729258e-05,1.3407902345772646e-09,7.581925824544936e-05,0.9996913964129308
rh_chr18_13446367,"{Vv,Vv}",0.9997117010188882,0.999691108234523,Vv,Vv,chr18,13365052,False,1.8290567957229414e-09,1.7763977007131865e-09,2.0467867161065965e-09,2.4294564717532926e-09,0.00013334163431421743,3.3000109835197517e-10,8.268265666968192e-10,1.0906018695419533e-09,3.9399521708334614e-05,4.0637459950580547e-10,1.2783488763083235e-09,4.2765826636125776e-05,8.219014149554003e-10,7.277916270100594e-05,0.9997117010188882
rh_chr18_13686865,"{Vv,Vv}",0.9997244776860795,0.9997047975207995,Vv,Vv,chr18,13605414,False,2.4093257783787585e-09,1.9638599759987907e-09,1.9940281277884964e-09,3.4071134207544476e-09,0.00015170135317686185,1.9778610137228831e-10,4.128088259286292e-10,1.1536160135782158e-09,2.2536581626775363e-05,1.8205182334550676e-10,1.1732485854693833e-09,2.217324664081421e-05,1.0999383027520426e-09,7.909713869906049e-05,0.9997244776860795
rh_chr18_13786964,"{Vv,Vv}",0.999751826924322,0.9997341002760592,Vv,Vv,chr18,13705382,False,1.3748789652543243e-09,1.6123586539653208e-09,1.5421625257873444e-09,2.4461395187285766e-09,0.00014924055643892489,2.2187664603197258e-10,4.580043174171307e-10,1.0147521005383894e-09,1.3314625667993655e-05,1.7712170230782848e-10,9.725649865123326e-10,1.1577178692732846e-05,6.938150162696422e-10,7.403020120396593e-05,0.999751826924322
rh_chr18_13860028,"{Vv,Vv}",0.9997530637504359,0.9997354254468956,Vv,Vv,chr18,13778422,False,2.218282699927624e-09,3.3685596446442736e-09,3.123121863503211e-09,4.556369979249231e-09,0.00013405491628757626,3.8620540292457826e-10,7.667321125357457e-10,1.975259014195745e-09,2.29226804231906e-05,2.892087866825746e-10,1.8373349990805723e-09,1.8758234946126436e-05,1.1457522203222713e-09,7.118075108048556e-05,0.9997530637504359
rh_chr18_14135632,"{Vv,Vv}",0.9998830182995293,0.9998746624637814,Vv,Vv,chr18,14194638,False,8.485522577433261e-10,1.5215625097912377e-09,1.2953526980083827e-09,1.661747130763491e-09,3.633540365132513e-05,8.716142335425887e-10,6.49573603713039e-10,1.0699306514424537e-09,3.854234850939468e-05,3.034888275914371e-10,8.923919737135304e-10,1.6062444157946787e-05,5.588480211609529e-10,2.6031831090063284e-05,0.9998830182995293
rh_chr18_14215513,"{Vv,Vv}",0.999933577717975,0.9999288332692589,Vv,Vv,chr18,14274026,False,5.589506938052321e-10,1.0894075643710266e-09,9.433359626177873e-10,1.1841330747125505e-09,1.7515305287341757e-05,5.702919139235839e-10,5.324057090728571e-10,8.043974734857697e-10,2.6672599271895367e-05,2.1386074597356918e-10,6.71757449393054e-10,8.74021621445765e-06,3.738503308736459e-10,1.348721886047172e-05,0.999933577717975
rh_chr18_14491995,"{Vv,Vv}",0.9999553204740942,0.9999521290793867,Vv,Vv,chr18,14537600,False,8.52333593040445e-11,2.3251758572257192e-10,1.5632377089846598e-10,1.782891888094289e-10,1.0272697003938294e-05,1.7199511571680052e-10,1.8015806203138055e-10,2.0974111675785987e-10,1.5586970583217214e-05,5.815624173080185e-11,1.3360440110447468e-10,9.011762430331736e-06,7.229391812162859e-11,9.806617575528901e-06,0.9999553204740942
rh_chr18_14551153,"{Vv,Vv}",0.9999843172217997,0.9999831970233568,Vv,Vv,chr18,14596744,False,2.464487186927005e-11,9.289669474647409e-11,4.998915881463305e-11,5.563278313332624e-11,2.6192689795112952e-06,9.308039116886914e-11,7.965835310960121e-11,8.977917893204233e-11,7.089967315271939e-06,1.7975757473727657e-11,4.448725506258493e-11,3.028038701416618e-06,2.1442549971666192e-11,2.9449336171351147e-06,0.9999843172217997
rh_chr18_14734468,"{Vv,Vv}",0.9999703311799691,0.9999682119785384,Vv,Vv,chr18,14779766,False,2.2698281276407413e-11,7.977848030792227e-11,3.628574859605354e-11,3.838783908329546e-11,2.0567913355351062e-06,1.9870566678858077e-10,1.0190380862831421e-10,1.0591518218857613e-10,2.3164376016842517e-05,2.0857129631149286e-11,3.6295648893330875e-11,2.2703695589294825e-06,2.0598390895475794e-11,2.176621693327727e-06,0.9999703311799691
rh_chr18_14788154,"{Vv,Vv}",0.9999604697073491,0.9999576461150169,Vv,Vv,chr18,14833526,False,5.0421287036232215e-11,2.2031742885499105e-10,8.865841890386732e-11,9.432769919554943e-11,4.008665933225158e-06,4.900952694719665e-10,2.950635703754249e-10,2.597237799938869e-10,2.7338430468811795e-05,4.613384262025208e-11,8.97815168933298e-11,4.4709872521838154e-06,4.534935895213306e-11,3.7105291245020776e-06,0.9999604697073491
rh_chr18_14846541,"{Vv,Vv}",0.9998627953559349,0.999852995024216,Vv,Vv,chr18,14892118,False,4.705318545502353e-10,1.3801496672274684e-09,8.67181357169499e-10,8.539098017590078e-10,1.5542210135028716e-05,3.0613742422609634e-09,1.9785212802509193e-09,1.5565687156199809e-09,7.947179411409478e-05,5.173050596787198e-10,8.600357280027131e-10,2.468892214969321e-05,4.510002683443589e-10,1.7489721088293587e-05,0.9998627953559349
rh_chr18_17295477,"{Vv,Vv}",0.9969110865171003,0.9966904498397503,Vv,Vv,chr18,17802765,False,7.009448684236051e-08,6.022657328402455e-08,7.891334645212144e-08,7.450751517490004e-08,0.0009722365607169964,4.295398662578618e-08,8.259680006118755e-08,6.056861248296313e-08,0.0001196856350433055,8.005538401339626e-08,7.786155445939487e-08,0.0010910166776646555,5.0191062954388764e-08,0.0009052966401524095,0.9969110865171003
rh_chr18_17449458,"{Vv,Vv}",0.9978421930846366,0.9976880640192535,Vv,Vv,chr18,17956442,False,9.103796836318785e-08,8.138533610389545e-08,1.3871100558171798e-07,1.3062087888006818e-07,0.0006835582974677126,3.787633926099499e-08,1.2214592449468932e-07,8.400266683969433e-08,9.44442918262094e-05,1.0767097791788386e-07,1.3887975527305605e-07,0.0007782532211310194,6.211868807587984e-08,0.000600556655397621,0.9978421930846366
rh_chr18_18048055,"{Vv,Vv}",0.9966010708776234,0.9963582902260251,Vv,Vv,chr18,18557226,False,5.590412137036354e-07,5.11989029744329e-07,9.553667360604939e-07,9.168294331919623e-07,0.0010038333439304692,1.9950813161933497e-07,8.602957373468366e-07,5.478855970381292e-07,0.0004484501328430824,6.736766897982479e-07,9.756723570493323e-07,0.0011195699768187766,3.469000949471488e-07,0.0008205285037638445,0.9966010708776234
rh_chr18_18227410,"{Vv,Vv}",0.996300351360605,0.9960360907435054,Vv,Vv,chr18,18732554,False,6.230856185768807e-07,7.680277041202288e-07,1.3430010116211573e-06,1.195024730652163e-06,0.0010103834363378347,2.533602609290019e-07,1.189331567414402e-06,7.743552065287481e-07,0.0005614331089888824,8.380475578777014e-07,1.3149000426132403e-06,0.0012562410107480092,4.220904317849436e-07,0.0008628698591880869,0.996300351360605
rh_chr18_18521209,"{Vv,Vv}",0.9955788750153316,0.9952630803735696,Vv,Vv,chr18,19027429,False,7.374202951386144e-07,1.2596419004933257e-06,2.069439072070776e-06,1.701974745091038e-06,0.0010724637670217409,3.8588371846860997e-07,1.912190087855368e-06,1.2355659987762366e-06,0.000781177651831086,1.1886113345453818e-06,1.973399908427886e-06,0.0015651988843711415,5.59766017789102e-07,0.000989260788365697,0.9955788750153316
rh_chr18_20579251,"{Vv,Vv}",0.9990677857483197,0.9990011990160568,Vv,Vv,chr18,22632452,False,4.2219769435260525e-08,7.193441869040424e-08,7.71864121849806e-08,9.212454701108688e-08,0.00011916012724013565,4.2017428648112106e-08,7.735649513661313e-08,8.993824392145964e-08,0.0001922296145485665,4.5303876803899846e-08,9.810716310153675e-08,0.00012631181203213299,6.42729053898485e-08,0.0004938122365992434,0.9990677857483197
rh_chr18_20761725,"{Vv,Vv}",0.999088935424188,0.9990238593830586,Vv,Vv,chr18,22815992,True,3.44129997600954e-08,7.171815038727975e-08,7.313324379679126e-08,1.0004269127649073e-07,0.00013960248353699677,3.55529946680014e-08,7.617755160836865e-08,1.008734736439993e-07,0.0001926723337348395,3.663550175777302e-08,1.0485189749535948e-07,0.00014410599655177486,5.920786408900063e-08,0.0004339911556199415,0.999088935424188
rh_chr18_22082943,"{Vv,Vv}",0.999915155587268,0.9999090952720728,Vv,Vv,chr18,23488438,False,4.353323696651895e-10,4.283066350205241e-10,7.400629629202636e-10,9.580875627932496e-10,2.547530211357731e-05,1.5526392353149248e-10,3.557087500253109e-10,6.629560913052543e-10,6.443144654468232e-06,3.5626587708990587e-10,8.75143941053219e-10,2.0338581442105418e-05,5.944765847825541e-10,3.258182291729061e-05,0.999915155587268
rh_chr18_22144736,"{Vv,Vv}",0.9999510463663297,0.9999475496782104,Vv,Vv,chr18,23550138,False,1.2245333969472242e-10,1.2567827108877798e-10,2.194156004086575e-10,2.9247267423503846e-10,1.6791747608480662e-05,4.0080051632916234e-11,1.0041152169045736e-10,1.8867359709524288e-10,1.9072162844865663e-06,9.484594749447753e-11,2.5735303043186024e-10,8.041255654990753e-06,1.524683373003283e-10,2.2211820269938502e-05,0.9999510463663297
rh_chr18_22284854,"{Vv,Vv}",0.9999721961802311,0.9999702101931048,Vv,Vv,chr18,23690408,False,1.3795437530708728e-11,1.2902859746035031e-11,2.0770915104794246e-11,2.7660854926885816e-11,1.0746650864067032e-05,2.9002883555808808e-12,9.217131969712575e-12,1.5733282383588334e-11,3.025423942932554e-06,7.55443781296607e-12,2.242662639294965e-11,5.183236662096837e-06,1.1342738961627456e-11,8.848363995239888e-06,0.9999721961802311
rh_chr18_22372187,"{Vv,Vv}",0.999988166202785,0.9999873209315553,Vv,Vv,chr18,23777442,False,1.2280791815457138e-11,8.702075479082356e-12,1.1089961871838508e-11,1.2858724047590032e-11,7.47131246265642e-06,2.1309155636162647e-12,7.1193958918849565e-12,8.319723174409428e-12,8.665792102285515e-07,4.424749750597294e-12,1.0996476148510088e-11,1.7781644405727522e-06,5.260879850942179e-12,1.717657917795246e-06,0.999988166202785
rh_chr18_22455321,"{Vv,Vv}",0.9999852028831528,0.9999841459462352,Vv,Vv,chr18,23860632,False,7.541953297143035e-12,1.4234180645963375e-11,9.54422798278825e-12,1.1835985602354842e-11,6.937112381024956e-06,3.114465975886334e-12,8.739505554481333e-12,7.47595684633918e-12,1.6719571501018333e-06,2.7659220534104386e-12,6.975110714246738e-12,4.227152673124648e-06,4.842926761383555e-12,1.9608175726552665e-06,0.9999852028831528
rh_chr18_22586109,"{Vv,Vv}",0.9999740706034826,0.9999722185037314,Vv,Vv,chr18,23991175,False,2.4074578711233753e-11,4.338573411570842e-11,3.131214074282873e-11,4.2346228914741546e-11,7.247637809567956e-06,1.7871097640549475e-11,2.7948331782389394e-11,3.385432088605907e-11,5.394827705430679e-06,8.08601047217061e-12,2.1976981584660605e-11,4.523614602015656e-06,2.2128215580116594e-11,8.763043416726329e-06,0.9999740706034826
rh_chr18_22656666,"{Vv,Vv}",0.9999824156337862,0.9999811596076281,Vv,Vv,chr18,24061976,False,1.204037121768071e-11,2.2459973546489622e-11,1.9883767002999302e-11,2.470595109714507e-11,3.0778163862179347e-06,7.804214728662968e-12,1.658385174526809e-11,1.941002490293973e-11,2.0134438195767853e-06,6.154350353635803e-12,1.675909143929992e-11,2.3009456949988715e-06,1.9393882092704085e-11,1.0191995117461206e-05,0.9999824156337862
rh_chr18_22829291,"{Vv,Vv}",0.9999795218911753,0.9999780591691164,Vv,Vv,chr18,24234616,False,9.345376199043726e-12,1.4647079302981178e-11,1.473800918496052e-11,2.069146396013264e-11,5.935055195600744e-06,1.0586058686033904e-11,1.4013769226034082e-11,2.0879897464726623e-11,1.8341836493315537e-06,8.70493984384131e-12,2.0076011473307148e-11,6.564093393232001e-06,1.3924979631565108e-11,6.144628978952808e-06,0.9999795218911753
rh_chr18_22955610,"{Vv,Vv}",0.9999770571437175,0.9999754183682688,Vv,Vv,chr18,24359758,False,3.039107388613003e-11,3.749042084734624e-11,5.299017648851488e-11,4.815072209493543e-11,4.054470235853411e-06,3.408363681281622e-11,3.786027387534643e-11,4.768875537843239e-11,8.287422529386486e-06,2.929478622104172e-11,4.8058251997472045e-11,4.058033271910595e-06,2.8119090868110653e-11,6.54253611806855e-06,0.9999770571437175
rh_chr18_23048890,"{Vv,Vv}",0.9999454261545925,0.9999415280227777,Vv,Vv,chr18,24452537,False,7.421963091677077e-11,1.2461307825021438e-10,1.1825537750194248e-10,1.2270568512104596e-10,1.3575030952960545e-05,7.714488340494208e-11,1.2110555952061102e-10,1.3249216187089954e-10,1.4718963686635801e-05,6.806592313140628e-11,1.1916105681199716e-10,1.284461822113654e-05,6.789022352566788e-11,1.3434206893165727e-05,0.9999454261545925
rh_chr18_23201357,"{Vv,Vv}",0.9999405311919702,0.9999362834199681,Vv,Vv,chr18,24604288,False,4.847662329056708e-11,6.285747774220815e-11,7.174971721186367e-11,6.155943964724554e-11,1.744588590439769e-05,2.8173192940228336e-11,5.476950575500315e-11,4.951216274335758e-11,1.3526454515726899e-05,3.5842372367359183e-11,5.3290499601792993e-11,1.5506502630753455e-05,2.5340188937965576e-11,1.2989473407706459e-05,0.9999405311919702
rh_chr18_23288982,"{Vv,Vv}",0.9999364015611139,0.9999318588154791,Vv,Vv,chr18,24691838,True,1.1774365549433538e-10,1.4044477023358628e-10,1.862560994119429e-10,1.3986447623706337e-10,2.062208844982668e-05,4.7007162529266065e-11,1.1249606648609701e-10,9.133317800083253e-11,1.2867694661324794e-05,7.508142917656215e-11,1.1061485734767974e-10,1.750157363478094e-05,4.133496106334462e-11,1.2606019963601567e-05,0.9999364015611139
rh_chr18_23351706,"{Vv,Vv}",0.9999453609143364,0.9999414581225032,Vv,Vv,chr18,24754676,False,1.286482332069037e-10,1.302964387280366e-10,2.0388752058130665e-10,1.3205179035005034e-10,1.992632217656774e-05,3.463471622779355e-11,9.102846030176188e-11,6.734999372306272e-11,9.411074136529303e-06,6.716036067903389e-11,9.00803465208857e-11,1.5954363152160263e-05,2.6731324021442347e-11,9.346354329092747e-06,0.9999453609143364
rh_chr18_23418352,"{Vv,Vv}",0.9999526741305149,0.999949293711266,Vv,Vv,chr18,24816674,False,1.3309969291163135e-10,1.4021671817695812e-10,2.396396857138263e-10,1.4265173351309704e-10,1.826491224830281e-05,5.2658692754650634e-11,1.1791598762588193e-10,9.682329324232777e-11,6.929649566815779e-06,8.28503785380542e-11,1.137029792328692e-10,1.5235831311630178e-05,3.3094604835904564e-11,6.894323704605104e-06,0.9999526741305149
rh_chr18_23578408,"{Vv,Vv}",0.9999626244913983,0.9999599548122124,Vv,Vv,chr18,24976634,False,8.583552341781337e-11,1.8508482533645195e-10,1.830525635749069e-10,1.4234973978365102e-10,8.337301517080385e-06,1.109060192357434e-10,1.5058693642666168e-10,1.2322299520021774e-10,9.077129435251362e-06,1.0871639272577667e-10,1.1487363221519552e-10,1.4963840227153054e-05,4.033980154056784e-11,4.995992453736105e-06,0.9999626244913983
rh_chr18_23738824,"{Vv,Vv}",0.9999740843808529,0.9999722332651996,Vv,Vv,chr18,25150212,False,2.1274521085785254e-11,6.235207568957197e-11,5.5080915636019054e-11,3.944945993703444e-11,2.7027863452476865e-06,1.6006081342012923e-10,7.364916915733325e-11,5.052336898055836e-11,1.7440551753904297e-05,2.9701987603361076e-11,4.581140295083418e-11,3.5702139250408437e-06,1.507466079097273e-11,2.2015141445108672e-06,0.9999740843808529
rh_chr18_23887396,"{Vv,Vv}",0.9999879724189658,0.9999871133060347,Vv,Vv,chr18,25297827,False,2.3694857022745305e-11,1.0748771789343321e-10,5.6267080909504695e-11,4.748717329495318e-11,2.1591167880368893e-06,1.2773999203208157e-10,1.2613997827853497e-10,1.1264698032145469e-10,5.839565362780652e-06,3.346989737031042e-11,5.660406469468402e-11,2.149769031310261e-06,2.5303963550382113e-11,1.8784130104353432e-06,0.9999879724189658
rh_chr18_24396473,"{Vv,Vv}",0.9998787008067189,0.9998700365786274,Vv,Vv,chr18,25815701,False,3.2627149957393293e-10,6.161964277971633e-10,5.26254279578494e-10,5.160408062281563e-10,1.2762547290004696e-05,1.6919257521871127e-09,1.510016285447432e-09,1.412828199072851e-09,5.164819732659063e-05,6.970587132161303e-10,9.844761103259856e-10,2.9313781853989014e-05,6.095926379369706e-10,2.756577614975117e-05,0.9998787008067189
rh_chr18_24556216,"{Vv,Vv}",0.9999517369826373,0.9999482896242542,Vv,Vv,chr18,25977646,False,1.7271155287162878e-10,5.041870911457909e-10,4.1795199362339277e-10,3.924934929580359e-10,4.4422739534973435e-06,8.596226452236773e-10,8.942056336995551e-10,8.494107168476505e-10,2.7379546775671455e-05,3.6909299278269477e-10,6.374106077727816e-10,8.43940551042481e-06,3.0990310888910376e-10,7.996384133349237e-06,0.9999517369826373
rh_chr18_24904198,"{Vv,Vv}",0.9998710572538408,0.9998618470576867,Vv,Vv,chr18,26320637,False,1.9667747052083536e-09,4.72001767731673e-09,3.772698933944436e-09,3.6248453555210055e-09,2.6927015653933575e-05,3.0996711660424184e-09,5.322363378822656e-09,5.105530735032659e-09,3.620104828242869e-05,2.3684367727015822e-09,4.101492515502849e-09,3.73167285809229e-05,2.1726486963895344e-09,2.846169916193496e-05,0.9998710572538408
rh_chr18_26302911,"{Vv,Vv}",0.9992917346318441,0.9992411442484044,Vv,Vv,chr18,28549532,False,9.01725134882154e-08,1.4427672091398908e-07,1.4390710436205889e-07,1.445208912098081e-07,0.00017017080108954881,9.352623325187353e-08,1.4556978176987224e-07,1.4611373819522377e-07,0.00018112861449958806,9.490210621430931e-08,1.4935611817750662e-07,0.00017635015232901665,9.767212558513063e-08,0.0001793657829046206,0.9992917346318441
rh_chr18_27803197,"{Vv,Vv}",0.9995352286054814,0.9995020306487301,Vv,Vv,chr18,29743886,False,9.645077844253841e-09,2.0007441883532044e-08,1.413739429050088e-08,1.4927954975604937e-08,9.79028931428203e-05,1.4402296361187148e-08,1.4068276773224916e-08,1.4518897659233877e-08,0.00010827718748945499,1.2879696124350173e-08,2.5881718230057205e-08,0.00012103042707234797,1.6343586095728693e-08,0.00013740407447367738,0.9995352286054814
rh_chr18_27872983,"{Vv,Vv}",0.9996456106745354,0.999620297151288,Vv,Vv,chr18,29813310,False,6.948991003250267e-09,1.63219984415081e-08,1.1110553635415471e-08,1.1638442234091642e-08,6.38697317011504e-05,1.1199606329979568e-08,1.0963544461838734e-08,1.1109611430366464e-08,7.097385994141818e-05,9.7516128422019e-09,2.2513572068943107e-08,0.00010099001521750047,1.2877171620532504e-08,0.00011843128350049384,0.9996456106745354
rh_chr18_28224774,"{Vv,Vv}",0.9999351715288803,0.9999305409238004,Vv,Vv,chr18,30162116,False,5.657305598891329e-10,1.5306752478246207e-09,9.433027210088592e-10,1.0225001551650164e-09,1.0423092377466513e-05,1.1279011143503945e-09,1.2835920715253143e-09,1.3727451282580555e-09,3.98628533760454e-05,6.6197275094758e-10,1.4372461721488854e-09,6.32847982758408e-06,8.641835280429618e-10,8.203235689074888e-06,0.9999351715288803
rh_chr18_28307719,"{Vv,Vv}",0.9999516227638973,0.9999481672470328,Vv,Vv,chr18,30245498,False,6.512617918046569e-10,2.1476995195157687e-09,1.1401061354358778e-09,1.2325042342949334e-09,8.666894891237772e-06,1.4286029189701932e-09,1.857644823618959e-09,1.962967680362295e-09,2.576961566369782e-05,6.766420792797254e-10,1.5178630137705011e-09,6.206409814861839e-06,8.628956799521357e-10,7.72083754508917e-06,0.9999516227638973
RHCD71E6B58F354FEZ0Z,"{Vv,Vv}",0.9985802570307187,0.9984788468186272,Vv,Vv,chr18,31393547,True,8.11833337142685e-08,1.270122765303812e-07,1.208624024448938e-07,1.2236200157668756e-07,0.0003748309342067307,7.724410799022553e-08,1.2219647154377493e-07,1.244142811317335e-07,0.0003539381670026315,7.18890570989965e-08,1.1824899577842809e-07,0.0003419144425987737,7.549540753928541e-08,0.00034801851713782476,0.9985802570307187
RHEC381B74F4E14FDZ0Z,"{Vv,Vv}",0.9985804456044266,0.9984790488618857,Vv,Vv,chr18,31394142,True,8.116425639890283e-08,1.2710249095142105e-07,1.2095018838920137e-07,1.224508142433047e-07,0.000374796177252558,7.72252985030498e-08,1.2228417360455492e-07,1.245039012595427e-07,0.0003538835152267368,7.186995243237323e-08,1.183357735604589e-07,0.0003418633932485529,7.547740219488039e-08,0.00034796994559404984,0.9985804456044266
RH47A76EDB3AA04EFZ0Z,"{Vv,Vv}",0.998580662881746,0.9984792816590136,Vv,Vv,chr18,31394824,True,8.114236414830281e-08,1.272058285518641e-07,1.2105074263720368e-07,1.2255254463666563e-07,0.00037475605614635397,7.720371770798982e-08,1.2238463736183643e-07,1.2460656343205436e-07,0.00035382058981907674,7.184803397978338e-08,1.1843517775957995e-07,0.0003418045966635786,7.545674370507488e-08,0.0003479139892710403,0.998580662881746
RH0A976FD279264A9Z0Z,"{Vv,Vv}",0.9985807604416633,0.9984793861874964,Vv,Vv,chr18,31395129,True,8.113256562098031e-08,1.2725203508001584e-07,1.2109570403355235e-07,1.2259803183499002e-07,0.0003747380159862483,7.719406041200041e-08,1.2242956056352677e-07,1.2465246983020357e-07,0.0003537923511106174,7.18382259061948e-08,1.184796266961213e-07,0.0003417782042990389,7.544749892774941e-08,0.00034788886716187787,0.9985807604416633
RH38CC6044A25541AZ0Z,"{Vv,Vv}",0.9985901740521806,0.9984894721987649,Vv,Vv,chr18,31421662,True,8.025435700078042e-08,1.3113717587824293e-07,1.248748717291273e-07,1.264220821976441e-07,0.000372937711697654,7.633004252943908e-08,1.262085829994149e-07,1.285165771158934e-07,0.00035110431822442064,7.096168610109296e-08,1.2221905212848158e-07,0.0003392505324136313,7.462053280509598e-08,0.0003454718405232809,0.9985901740521806
rh_SDI_e7_AGL11,"{Vv,Vv}",0.9998297475384144,0.9998175866483011,Vv,Vv,chr18,32255594,False,4.2230477104614495e-09,1.1814649250083714e-08,5.163532496106053e-09,6.829254712207525e-09,8.133426327050262e-05,7.624164169374877e-09,1.1479883660977063e-08,1.561491674712724e-08,3.1046653512816596e-05,2.4512019679981636e-09,8.095380918736868e-09,2.397254424013732e-05,7.440425856366096e-09,3.3818264104753184e-05,0.9998297475384144
RHED9932EF63D241BZ0Z,"{Vv,Vv}",0.9998297846043335,0.9998176263617858,Vv,Vv,chr18,32255663,True,4.22163263150149e-09,1.181409845864531e-08,5.1624801939924794e-09,6.828172367893913e-09,8.132339169021849e-05,7.623705757452082e-09,1.1479761427327547e-08,1.5614949625493166e-08,3.103796441402796e-05,2.4506620152008273e-09,8.094934892281137e-09,2.396318562798382e-05,7.439900711600443e-09,3.381012363629308e-05,0.9998297846043335
rhMAS_SDI_p4_AGL11,"{Vv,Vv}",0.9998333212907449,0.9998214156686552,Vv,Vv,chr18,32262146,False,4.088440680758701e-09,1.1759921791069039e-08,5.061090375172521e-09,6.723844214496977e-09,8.028853652894184e-05,7.581220720445768e-09,1.1466595504857565e-08,1.5616366971120184e-08,3.0208007894378405e-05,2.4003519341264207e-09,8.051202943590498e-09,2.30703029472471e-05,7.391096800745211e-09,3.3031721752635396e-05,0.9998333212907449
rhMAS_SDI_p3_AGL11,"{Vv,Vv}",0.9998334499372007,0.9998215535041436,Vv,Vv,chr18,32262810,False,4.089696619837366e-09,1.1759903771861478e-08,5.067943289498229e-09,6.734075367525107e-09,8.02871588231289e-05,7.576890346864072e-09,1.1470607953097812e-08,1.5622816369327056e-08,3.012298644323182e-05,2.401340328895421e-09,8.063907915777768e-09,2.3039690745241015e-05,7.398284049687008e-09,3.302004132171461e-05,0.9998334499372007
rh_chr18_30314724,"{Vv,Vv}",0.999833708505613,0.9998218305417282,Vv,Vv,chr18,32263952,False,4.091431383003831e-09,1.1758383580529004e-08,5.078748700410044e-09,6.750420482410585e-09,8.027770086781866e-05,7.568635796194185e-09,1.1476177668022433e-08,1.5632109423487078e-08,2.9965471708691488e-05,2.4026539951748646e-09,8.084350639215398e-09,2.2978411940671993e-05,7.409679815307856e-09,3.298965727825245e-05,0.999833708505613
rhMAS_SDI_p2_AG11_chr18_30Mb,"{Vv,Vv}",0.9998337538109153,0.9998218790831236,Vv,Vv,chr18,32264136,False,4.092065928141324e-09,1.175890089628239e-08,5.080776598799328e-09,6.752663284065209e-09,8.028431334023584e-05,7.567660918834356e-09,1.14774807007826e-08,1.5633532435745574e-08,2.99462253982313e-05,2.402873767920298e-09,8.086599139497263e-09,2.296848600851174e-05,7.4090828754090415e-09,3.296690270108833e-05,0.9998337538109153
rh_chr18_31132460,"{Vv,Vv}",0.9997830170126866,0.9997675182278785,Vv,Vv,chr18,33251940,False,1.2792397241812338e-09,2.5271710377902496e-09,1.6276848964499321e-09,1.6052506251309148e-09,9.314677808713378e-05,3.0856836730986604e-09,1.6283002660632587e-09,1.9664790256463868e-09,2.385650749086299e-05,8.367204157307566e-10,1.2639731369196148e-09,4.800808498632758e-05,8.501778726786076e-10,5.195494606840087e-05,0.9997830170126866
rh_chr18_31185354,"{Vv,Vv}",0.9997990498793591,0.9997846962993133,Vv,Vv,chr18,33302375,False,1.5401751389187482e-09,3.314390364392802e-09,2.3107670961030655e-09,2.308168206057e-09,8.161701712548994e-05,3.0991340063806804e-09,1.9819505775633677e-09,2.3628619311540555e-09,3.301394777075055e-05,9.373410084623562e-10,1.7412566112332306e-09,4.028275350374924e-05,9.389333585230358e-10,4.601586726254582e-05,0.9997990498793591
rh_chr18_31650949,"{Vv,Vv}",0.999830854383663,0.9998187725539247,Vv,Vv,chr18,33756994,False,2.754453111542544e-09,6.601266150933615e-09,2.964548022650862e-09,3.0578622803542528e-09,5.009143899600701e-05,6.576690754224803e-09,3.6417183320879477e-09,3.877350572771688e-09,6.954118605774876e-05,1.1337874166124162e-09,1.921793463464985e-09,2.3761802568184445e-05,1.203290475889853e-09,2.5717455954475966e-05,0.999830854383663
rh_chr18_31885147,"{Vv,Vv}",0.99932613129725,0.9992779978184821,Vv,Vv,chr18,33991854,False,4.31766667010703e-09,1.2078700680311028e-08,4.4889521509742245e-09,4.545009067544069e-09,0.0001581425454440707,1.5639536184282007e-08,6.178610894961876e-09,6.3753044527868636e-09,0.00035281922217437215,1.825148990836963e-09,3.1021877676934716e-09,7.908015028006845e-05,1.8531992778130536e-09,8.376638053531083e-05,0.99932613129725
REN4_PsGc31_555062_556062,"{Vv,Vv}",0.9991285975891897,0.9990663545598462,Vv,Vv,chr18,34135737,True,1.2352700859994e-08,4.7856066445782736e-08,1.5490302303800015e-08,1.5581302147752575e-08,0.00020087224687967908,5.412311550277109e-08,2.4199570683677045e-08,2.467411190654393e-08,0.0004415031058801348,5.098696051445165e-09,1.0709350193518652e-08,0.00011264169045013543,5.11981361490137e-09,0.00011617016257073076,0.9991285975891897
rh_chr18_32680533,"{Vv,Vv}",0.9989068558907863,0.9988287741686996,Vv,Vv,chr18,34788950,True,3.9365270187859654e-08,1.802162398056256e-07,2.7869985856137194e-08,2.6347175373554715e-08,0.00022567364640808238,2.9508739466269926e-07,4.41227059689413e-08,4.441330796444542e-08,0.0006818876639280283,1.167153544276231e-08,1.6588811404809255e-08,9.329534063123319e-05,1.0285306206451996e-08,9.159149051357791e-05,0.9989068558907863
RH02F6D41F84C6464Z0Z,"{Vv,Vv}",0.999000512483651,0.9989291205181975,Vv,Vv,chr18,34925421,True,4.006196095684216e-08,2.044304114124886e-07,2.646013703396947e-08,2.4404990243539872e-08,0.00019580698482030116,3.360754966873745e-07,3.490831875696224e-08,3.50878753217991e-08,0.0006982599204066987,1.1344086796176669e-08,1.5941993826203778e-08,5.3734428069742824e-05,9.668442339190831e-09,5.094779933890721e-05,0.999000512483651
rhMASpr_t1_r60_comp43401_c0_seq1,"{Vv,Vv}",0.9990269382870294,0.9989574338789601,Vv,Vv,chr18,34954776,True,4.0225959003145837e-08,2.096602823641977e-07,2.641748856295166e-08,2.424743980022864e-08,0.00018780923116099734,3.445843642053679e-07,3.251352104531023e-08,3.2674628905723616e-08,0.0007002644070148322,1.1446199362505211e-08,1.62051807940977e-08,4.362975143427551e-05,9.714045984201388e-09,4.061063425054561e-05,0.9990269382870294
rhMASpr_t1_r61_comp47732_c0_seq1,"{Vv,Vv}",0.9990274583212821,0.9989579910585166,Vv,Vv,chr18,34955330,False,4.02293894753499e-08,2.0976030428706443e-07,2.6418816353304934e-08,2.4246608679466705e-08,0.00018765295313026665,3.4474357046016704e-07,3.246802283623971e-08,3.262881373877135e-08,0.0007002970784747995,1.1449042448817368e-08,1.6212745217034176e-08,4.3433638560807823e-05,9.715852652611313e-09,4.041013538585417e-05,0.9990274583212821
rh_chr18_32908620,"{Vv,Vv}",0.9990241040439687,0.9989543971899665,Vv,Vv,chr18,35027937,True,4.354913251455639e-08,2.3396204116465077e-07,3.07385741761159e-08,2.8027562516242256e-08,0.00018369428721330485,3.6742271961076577e-07,3.863185748432452e-08,3.8803169813531184e-08,0.0007054232381169297,1.2150735983584446e-08,1.744907223894812e-08,4.496412251888986e-05,1.0229771119419284e-08,4.0993343545603835e-05,0.9990241040439687
rhMASpr_t_r64_183comp31351_c0_seq2tmv,"{Vv,Vv}",0.999037558000586,0.998968812143485,Vv,Vv,chr18,35113527,False,4.7534310872435274e-08,2.621708996407895e-07,3.597614098729102e-08,3.256705457372886e-08,0.00017468034308362133,3.942237421823106e-07,4.4485514808431376e-08,4.471218053585345e-08,0.0007073225374640271,1.3286028176568104e-08,1.9321396253243878e-08,4.2312825538397087e-05,1.1098572218483741e-08,3.722091748765978e-05,0.999037558000586
rhMASpr_t_r65_comp42667_c0_seq3,"{Vv,Vv}",0.9990375580005861,0.9989688121434851,Vv,Vv,chr18,35113527,False,4.753431087243526e-08,2.6217089964078953e-07,3.597614098729101e-08,3.256705457372887e-08,0.0001746803430836213,3.942237421823106e-07,4.4485514808431376e-08,4.471218053585344e-08,0.0007073225374640271,1.3286028176568104e-08,1.9321396253243878e-08,4.2312825538397087e-05,1.1098572218483741e-08,3.7220917487659786e-05,0.9990375580005861
rhMASpr_t_r63_comp42667_c0_seq3,"{Vv,Vv}",0.9990371875297771,0.9989684152104755,Vv,Vv,chr18,35113622,False,4.7565149177859555e-08,2.623254030088034e-07,3.601276785765736e-08,3.259995792298041e-08,0.00017483061028796608,3.9430060350677425e-07,4.464809458377095e-08,4.4870108032182056e-08,0.000707297368022383,1.3293291031236498e-08,1.9334605154714906e-08,4.2444022039870636e-05,1.1104591148382186e-08,3.7334415301285134e-05,0.9990371875297771
REN4_PsGc31_1387489_1388489,"{Vv,Vv}",0.9989879223326916,0.998915631070741,Vv,Vv,chr18,35120616,True,5.064930431236273e-08,2.760282339977162e-07,4.007038807999901e-08,3.6196478156479956e-08,0.00018952782852516234,4.0183501299329004e-07,5.848875632835374e-08,5.826413319555748e-08,0.0007134574219483182,1.4280025101854948e-08,2.090904741001475e-08,5.778433136954083e-05,1.1910085790874944e-08,5.033945400009742e-05,0.9989879223326916
RHBC649A5C22B047FZ0Z,"{Vv,Vv}",0.9980594776301713,0.9979208688894693,Vv,Vv,chr18,35256214,True,1.8441539438754613e-07,5.751308505212799e-07,2.024467461245841e-07,1.794438203667432e-07,0.00046780622248478567,5.692253467806457e-07,3.6428448901297264e-07,3.548142719742074e-07,0.0008257880000036566,1.177684975267161e-07,1.3017122023169248e-07,0.000348539646579406,9.442247864217265e-08,0.0002956163776453227,0.9980594776301713
rh_chr18_33874740,"{Vv,Vv}",0.9938922890857121,0.9934560240204059,Vv,Vv,chr18,35996542,False,2.900821507016907e-06,3.0858997144380693e-06,3.6600135816271505e-06,3.1891047201841825e-06,0.001762676084670709,1.9701745113637005e-06,3.045474580047119e-06,2.9979557356996805e-06,0.001200102987711646,2.9883993928271996e-06,3.131066172486137e-06,0.0017118298807427016,2.340667134391311e-06,0.0014037923841126426,0.9938922890857121
rh_chr18_34123552,"{Vv,Vv}",0.9917779968216834,0.9911907108803751,Vv,Vv,chr18,36228374,False,4.4521169851709365e-06,5.146542489915224e-06,6.607511642589701e-06,5.997843601638988e-06,0.002284100003846728,2.7443692063958742e-06,5.245190712572068e-06,5.07789252415179e-06,0.0016438707721545098,4.685205426073058e-06,6.0292284045017475e-06,0.00226004863033612,3.8896428791327015e-06,0.0019841082281070893,0.9917779968216834
rh_chr18_34381037,"{Vv,Vv}",0.9891446099846569,0.988369224983561,Vv,Vv,chr18,36486162,False,7.1905204835772545e-06,9.499286692304545e-06,1.1497147992939196e-05,1.063790870133767e-05,0.002936796219134139,4.92586694296937e-06,9.57258209250476e-06,9.135518749320873e-06,0.0023238759633654534,7.370791077766211e-06,1.0639848384754097e-05,0.0028857282278335786,6.338452158266167e-06,0.0026221816817341244,0.9891446099846569
rh_chr18_34523455,"{Vv,Vv}",0.9752298768374754,0.9734605823258665,Vv,Vv,chr18,36628029,False,1.730489325646181e-05,2.3697691705337004e-05,2.6656231318057157e-05,2.5346005503523148e-05,0.00638030197735196,1.3995858223406623e-05,2.368128382366546e-05,2.2785808996332336e-05,0.00577707714234467,1.7393577656262736e-05,2.5259496863887002e-05,0.006330043723089972,1.5913305175614754e-05,0.006070666167215417,0.9752298768374754
rh_chr19_5269,"{Vv,Vv}",0.9938442060995639,0.993404506535247,Vv,Vv,chr19,36252,False,8.917138023998517e-07,2.185321515003461e-06,1.5989688390667716e-06,2.399605293168023e-06,0.0005387745052710191,3.829679203151113e-06,2.1224265717349486e-06,8.721214074889266e-06,0.0021497485552550337,1.5260512909785996e-06,3.14921354580959e-06,0.0007664053427936942,8.725760367536077e-06,0.002665715542612565,0.9938442060995639
rh_chr19_82358,"{Vv,Vv}",0.9962347272414328,0.9959657791872495,Vv,Vv,chr19,112801,False,2.4191533112914927e-07,5.252407740422913e-07,3.904710423133345e-07,5.777145567245673e-07,0.00014627366479299904,6.742754987057733e-07,4.6430132459917753e-07,4.1616294713830876e-06,0.0013916293764996126,2.7996898884040737e-07,1.465149556160903e-06,0.0004832530775999838,4.0165335112613365e-06,0.0017313194396195032,0.9962347272414328
rh_chr19_197793,"{Vv,Vv}",0.9992835384780365,0.9992323626550391,Vv,Vv,chr19,228805,True,1.0684997309581816e-08,1.9888266254617387e-08,1.5078348518449252e-08,2.8953917807270616e-08,2.7198022803092926e-05,2.5818451444237465e-08,1.7380718213282917e-08,1.8568168083095876e-07,0.0002333160203121224,1.1579481439970615e-08,6.783861059589096e-08,8.511735440629555e-05,2.591971703442558e-07,0.0003701880227991758,0.9992835384780365
rhMAS_Ren7_VVip17,"{Vv,Vv}",0.9996991325968511,0.9996776420680548,Vv,Vv,chr19,244487,False,5.0113233274771274e-09,8.426284828314411e-09,6.545763163607462e-09,1.478049948302496e-08,9.748331789051527e-06,1.0497349122592945e-08,7.142841838506142e-09,8.9244588923959e-08,7.58083981516792e-05,4.983073196110006e-09,3.301097484885419e-08,3.00778053225361e-05,1.4408319127474928e-07,0.00018490914199567057,0.9996991325968511
rh_chr19_271672,"{Vv,Vv}",0.9998146619228385,0.9998014234887556,Vv,Vv,chr19,302666,False,1.895550484739644e-09,2.734058571889986e-09,2.155921632748787e-09,6.063825318102258e-09,5.637878036995008e-06,2.882270866358743e-09,2.0732029803694903e-09,3.0768738751291653e-08,3.0729022808467466e-05,1.3905378491566192e-09,1.1454963614352107e-08,1.502083342046104e-05,5.353509847673261e-08,0.00013383538872706135,0.9998146619228385
rh_chr19_377073,"{Vv,Vv}",0.9998964258572853,0.9998890277042343,Vv,Vv,chr19,408106,False,7.96485569118816e-10,9.132218896994124e-10,6.562459871637085e-10,2.4558182147492744e-09,7.4660441402738786e-06,5.64280402249746e-10,4.236939562919543e-10,7.48200345517948e-09,1.5579411605476226e-05,2.12692246633369e-10,2.5993469863143712e-09,8.66270690221813e-06,1.522981029237468e-08,7.18346464676563e-05,0.9998964258572853
rh_chr19_472320,"{Vv,Vv}",0.9999520740647833,0.9999486507836963,Vv,Vv,chr19,500624,False,4.715193948443185e-10,4.644988850626083e-10,3.365448303847068e-10,1.4491559485658937e-09,5.842962777634822e-06,2.0354055349628405e-10,1.8004758568270766e-10,3.034700157407553e-09,4.446844401629121e-06,8.194147981688605e-11,1.1341265738227394e-09,3.0063302448497027e-06,7.43658798780313e-09,3.461500512919667e-05,0.9999520740647833
rhMAS_Ren7_PN19_018,"{Vv,Vv}",0.9997751361416316,0.9997590744374625,Vv,Vv,chr19,844453,False,1.6403639200415656e-09,7.832974076124448e-10,8.536744185510328e-10,2.2974199414768535e-09,0.00011338262280140013,1.908870541973751e-10,2.4895303555790595e-10,1.2275241582799888e-09,1.4163522807380522e-05,2.1803658742366498e-10,7.437154080677528e-10,1.2473804960572291e-05,3.590797708812742e-09,8.483211312937734e-05,0.9997751361416316
rh_chr19_900536,"{Vv,Vv}",0.9997411432076214,0.9997226534367373,Vv,Vv,chr19,927412,False,1.1012250026077824e-09,3.985697216964985e-10,5.482368110590783e-10,2.2522948515544417e-09,0.00015468165307132281,1.3799941245586119e-10,2.4172074200668346e-10,8.21038119211353e-10,7.768780452151833e-06,1.8542190511534199e-10,6.4286955056398e-10,1.0131034455760516e-05,2.44711737321672e-09,8.626654790589469e-05,0.9997411432076214
RH5E6EAC43A4FD47DZ0Z,"{Vv,Vv}",0.9996935933429575,0.9996717071531688,Vv,Vv,chr19,992458,True,1.6936554264384904e-09,1.0337338377131643e-09,1.2944174946254308e-09,3.2242628115574906e-09,0.0001656978204125259,1.5860185884803994e-10,3.408363140032693e-10,1.1187791009682807e-09,1.4198592315225718e-05,2.455462368787565e-10,1.0606020805545837e-09,2.2501272948204346e-05,2.445586420246267e-09,0.00010399635534498008,0.9996935933429575
RH212B9048D9D840DZ0Z,"{Vv,Vv}",0.9996931702159967,0.9996712538028536,Vv,Vv,chr19,993112,True,1.6977388202185553e-09,1.0395293088096435e-09,1.3012682780291036e-09,3.2325287548410454e-09,0.00016579505882729486,1.587424010737083e-10,3.4232522696499926e-10,1.1219252262730159e-09,1.424928444103594e-05,2.460401217875138e-10,1.0649536228743827e-09,2.2611781809874602e-05,2.444690052711736e-09,0.0001041610091833943,0.9996931702159967
RH30C723D0AFA446Z0Z,"{Vv,Vv}",0.9996924043855522,0.9996704332702345,Vv,Vv,chr19,994300,True,1.7050798399657535e-09,1.050002541665988e-09,1.3136501073024271e-09,3.2474213994419368e-09,0.00016597100830387733,1.5899977118435059e-10,3.4503569429566525e-10,1.1276179760446336e-09,1.4340658554991167e-05,2.4694344560652757e-10,1.0728337016823866e-09,2.281181995540293e-05,2.4430338278836066e-09,0.00010445941701522069,0.9996924043855522
RH295994F4D6FF48AZ0Z,"{Vv,Vv}",0.9996916568744366,0.9996696323654678,Vv,Vv,chr19,995465,True,1.7121779266925643e-09,1.060211449559935e-09,1.325720808364149e-09,3.261883920325359e-09,0.00016614269192392452,1.592530684522607e-10,3.477045807603059e-10,1.1331792184491359e-09,1.442937530416508e-05,2.4783303855005285e-10,1.0805367897759818e-09,2.300710416678237e-05,2.4413692724873425e-09,0.00010475118429850472,0.9996916568744366
RHCD57417A70A64CEZ0Z,"{Vv,Vv}",0.999690200759752,0.9996680722425915,Vv,Vv,chr19,997750,True,1.7258238433077423e-09,1.0800343235522701e-09,1.3491640385022132e-09,3.289800349377542e-09,0.0001664769585585945,1.597569241424007e-10,3.529564947156394e-10,1.144001074562193e-09,1.4600828535532028e-05,2.4959942912160687e-10,1.0955504350504013e-09,2.3387598144937347e-05,2.4380024491098193e-09,0.00010532097031956619,0.999690200759752
rh_chr19_984249,"{Vv,Vv}",0.9996837946351086,0.9996612085376163,Vv,Vv,chr19,1008062,False,1.7829963217667729e-09,1.165741380802355e-09,1.4506336145428353e-09,3.4075968499581086e-09,0.00016794482374446934,1.621851895320446e-10,3.7666701737413956e-10,1.19096214452039e-09,1.533252135207587e-05,2.5803622501002864e-10,1.1612612951697646e-09,2.5063061088826957e-05,2.4212545687305565e-09,0.00010785158137138611,0.9996837946351086
rh_chr19_1219270,"{Vv,Vv}",0.9996112476060448,0.9995834795779052,Vv,Vv,chr19,1242714,False,3.650941038244692e-10,2.2281818791075292e-10,4.3958816297030415e-10,6.464712099579278e-10,0.00018332893091249243,1.908525338361598e-11,8.392162201234728e-11,2.0525401395736964e-10,1.3329922152104613e-05,1.1347295584300771e-10,3.723456004537976e-10,4.471899521689065e-05,3.958866800967651e-10,0.00014737168173596622,0.9996112476060448
rh_chr19_1306780,"{Vv,Vv}",0.999544952098095,0.9995124486765303,Vv,Vv,chr19,1332862,False,2.5097160762203544e-10,1.399031380536577e-10,7.095752006995856e-10,5.848976770630695e-10,0.00020761308742306834,1.2123203930886202e-11,1.2564412509819398e-10,1.5895097620830602e-10,1.0493044963744e-05,2.2780729729777256e-10,6.828308842576918e-10,5.6654485051108786e-05,3.384772753006467e-10,0.00018028405328567233,0.999544952098095
rh_chr19_1367967,"{Vv,Vv}",0.9992901761480301,0.9992394744443179,Vv,Vv,chr19,1394064,False,9.617066094769358e-10,5.221236341773488e-10,2.7730660250462644e-09,1.8551428276295968e-09,0.00022779861729867117,4.0234943722395715e-11,1.6992139767126717e-10,2.52763883326776e-10,1.090854621363264e-05,4.6932455043049e-10,1.6966773556877137e-09,0.00018572667498793291,7.211302576304453e-10,0.0002853805513782684,0.9992901761480301
rhMAS_Ren7_VVIu09,"{Vv,Vv}",0.9992779023890762,0.9992263239882959,Vv,Vv,chr19,1447414,False,2.167781645294602e-09,1.1486173529406758e-09,7.634589926343074e-09,5.312102667358839e-09,0.0002398638337119301,7.786223111665332e-11,5.838092246506804e-10,9.778439999058553e-10,1.1489952603338503e-05,2.8089802157648254e-09,9.042110212940588e-09,0.00018866898791941616,2.587240988893838e-09,0.0002820424957506438,0.9992779023890762
rh_chr19_1471481,"{Vv,Vv}",0.9992516382423497,0.999198183831089,Vv,Vv,chr19,1499273,False,3.1947089018263446e-09,1.6862300470011199e-09,1.2581229401630526e-08,8.32274902057747e-09,0.0002544469527259894,1.1254885912181212e-10,8.069648208186033e-10,1.449546576194754e-09,1.20360465615859e-05,5.065432236073692e-09,1.6268079218436307e-08,0.00019692767845084694,4.144452249921717e-09,0.00028489744797041916,0.9992516382423497
rh_chr19_1612358,"{Vv,Vv}",0.9992046487772802,0.9991478379756574,Vv,Vv,chr19,1641928,False,5.720556530103681e-09,2.674919658681845e-09,2.8525160063180965e-08,1.597915743597635e-08,0.00032550520844303374,2.289706036720866e-10,2.0100439350098634e-09,2.7740937413870193e-09,1.5477192390681356e-05,5.3176901614508834e-09,2.708655453799409e-08,0.00016901203498431553,6.670227923129792e-09,0.00028525979952709617,0.9992046487772802
rh_chr19_1954527,"{Vv,Vv}",0.9994984549194124,0.999462630270799,Vv,Vv,chr19,1985018,False,1.331443805525605e-08,1.309863415752713e-09,3.6335864582612676e-09,1.7073127915822797e-08,0.00032420520848871353,1.1800252342954884e-10,6.178737032951308e-10,9.769565198457713e-10,8.888685311540875e-06,6.135240217849322e-10,2.606373249356137e-09,2.7716401714107356e-05,3.731066080529152e-09,0.00014069079026131294,0.9994984549194124
rh_chr19_2036017,"{Vv,Vv}",0.9995756603214078,0.9995453503443654,Vv,Vv,chr19,2066514,False,1.0530100637915406e-08,1.0976253489824742e-09,1.9209823795605847e-09,1.3834655953870095e-08,0.0002995144767252811,6.961231804585362e-11,3.471136742858952e-10,6.50482858092416e-10,6.892750874358964e-06,3.020294080246555e-10,1.3310479841405073e-09,1.4591237115410951e-05,2.6820205000535032e-09,0.00010330844820604276,0.9995756603214078
rh_chr19_2096267,"{Vv,Vv}",0.999666225967164,0.9996423849648186,Vv,Vv,chr19,2126816,False,5.013375651315306e-09,1.2988007037315963e-09,1.4483585300020967e-09,8.321417085211314e-09,0.00025768705419666944,4.5907146144381966e-11,2.342381387935475e-10,5.91695254097736e-10,5.617938377024962e-06,1.9090740945126126e-10,9.585213006105812e-10,7.750490248178706e-06,1.5717179735348053e-09,6.269887507482436e-05,0.999666225967164
rh_chr19_2366639,"{Vv,Vv}",0.9998060165796654,0.99979216062107,Vv,Vv,chr19,2396602,False,1.1273132578847753e-09,9.131061559796973e-10,9.419510604574257e-10,1.7505839495136397e-09,0.00012762940944719697,6.429004254983762e-11,1.3662749055139894e-10,3.1127488681964597e-10,1.4950307563439178e-05,8.071402079602343e-11,3.5096812964291277e-10,1.5832531270835806e-05,2.835501763773471e-10,3.5565211673991244e-05,0.9998060165796654
rh_chr19_2600280,"{Vv,Vv}",0.999932976895664,0.9999281895310685,Vv,Vv,chr19,2624802,False,3.0444872066810975e-10,2.429640601664633e-10,2.7303850138912846e-10,3.7120838016477327e-10,5.310138732721119e-05,2.388541269632537e-11,5.257107626135867e-11,8.285244364606361e-11,3.456497015242483e-06,3.353965503847339e-11,9.663559958565786e-11,3.844961029779762e-06,6.972397457466994e-11,6.618708095983382e-06,0.999932976895664
rh_chr19_2689517,"{Vv,Vv}",0.9999205332724322,0.999914857077606,Vv,Vv,chr19,2714274,True,4.561324510769625e-10,4.639109070185117e-10,5.319446571681973e-10,6.282603061274326e-10,4.7926912091357114e-05,4.872653374410275e-11,1.1055677195579322e-10,1.4670793597567704e-10,8.362948049337107e-06,7.276502448272237e-11,1.737368538406962e-10,1.040117531289995e-05,1.1491906498117115e-10,1.2772944453664122e-05,0.9999205332724322
rh_chr19_2847152,"{Vv,Vv}",0.9999472962484284,0.9999435316947447,Vv,Vv,chr19,2870474,False,3.174105356815756e-10,2.896754697951224e-10,3.8374685335412425e-10,4.544974117327533e-10,2.689372131396734e-05,4.073040098578041e-11,1.0965376004471918e-10,1.3702544570914653e-10,4.748547161133604e-06,8.971445865166397e-11,1.9909264767166033e-10,9.688614124555862e-06,1.3287601582782376e-10,1.1370714549041043e-05,0.9999472962484284
rh_chr19_3058726,"{Vv,Vv}",0.9999164435482666,0.9999104752302856,Vv,Vv,chr19,3084843,False,3.4082432272622107e-10,2.2824759465158866e-10,2.933642904564887e-10,4.083890575403758e-10,2.196155161465188e-05,3.5165887004546266e-11,6.843923585862183e-11,1.0166720624456958e-10,6.3037786184401105e-06,1.7580867605265586e-10,3.3773057165834786e-10,2.3479752662753917e-05,2.7851325149807507e-10,3.180910068752179e-05,0.9999164435482666
rh_chr19_3112004,"{Vv,Vv}",0.9999130590570046,0.9999068489896478,Vv,Vv,chr19,3138150,False,3.278530455799589e-10,2.1637928121220334e-10,3.1905460813431647e-10,4.538409925819598e-10,2.5364835749717014e-05,2.2566367326445535e-11,6.721958888623566e-11,1.0262564557407803e-10,7.249222185459764e-06,1.0282265780471131e-10,2.782523328451101e-10,2.0912202493412414e-05,2.346869991850497e-10,3.341255726522209e-05,0.9999130590570046
rh_chr19_3299138,"{Vv,Vv}",0.9999035489731258,0.9998966596140634,Vv,Vv,chr19,3325460,False,2.8470870195612823e-10,1.9381869426268154e-10,3.259561503478306e-10,5.767287466229074e-10,3.1340804133816394e-05,4.6188700700901724e-11,1.1401639663923383e-10,1.7694516037103452e-10,6.287984928423355e-06,9.92978003534852e-11,3.9095989823450626e-10,1.4207573770687696e-05,4.696002120573493e-10,4.461198582084654e-05,0.9999035489731258
rh_chr19_3372376,"{Vv,Vv}",0.9999094684500989,0.9999030019108203,Vv,Vv,chr19,3398665,True,2.192005973313482e-10,1.8649029349439774e-10,2.7914410361423054e-10,4.875919673336035e-10,3.305247447658476e-05,4.281769031168468e-11,1.134946982049344e-10,1.9985089041978123e-10,5.711047401238008e-06,7.799128243081686e-11,3.322677060927135e-10,1.0022281120240754e-05,3.4006417101392116e-10,4.174346798962644e-05,0.9999094684500989
rh_chr19_3429612,"{Vv,Vv}",0.9999238253278854,0.9999183842798772,Vv,Vv,chr19,3456832,False,1.1786063611068431e-10,1.3426945914721253e-10,1.819441081672574e-10,2.97018560898905e-10,3.2007993669159115e-05,3.964299573736093e-11,9.91434771339207e-11,1.5460479685908907e-10,2.820630863651762e-06,6.12590071748325e-11,2.209206387332794e-10,4.276466084288097e-06,1.848640631567199e-10,3.706808996972487e-05,0.9999238253278854
rh_chr19_3532026,"{Vv,Vv}",0.9999038080862441,0.9998969372352615,Vv,Vv,chr19,3558486,True,4.138953226364775e-10,5.647659920232995e-10,5.71749956091059e-10,1.0254123695254826e-09,3.493750278225821e-05,1.5697768962415855e-10,2.607966902652338e-10,6.445829305611859e-10,1.1089880406309701e-05,1.4754680938978463e-10,6.525026576469965e-10,1.1382119578732021e-05,5.110905580410586e-10,3.8777461667603416e-05,0.9999038080862441
rh_chr19_3653862,"{Vv,Vv}",0.9999141823628237,0.9999080525315969,Vv,Vv,chr19,3680058,False,6.082982648509543e-10,1.0148301741651712e-09,9.442197388657407e-10,1.5638929259226722e-09,2.989599012431856e-05,3.509475524572322e-10,5.799338271673501e-10,1.141129027706633e-09,1.2364087874119465e-05,2.6150861637715505e-10,1.0474910545341473e-09,1.1262653806818951e-05,7.204998431528971e-10,3.228667262001444e-05,0.9999141823628237
rh_chr19_4132489,"{Vv,Vv}",0.9996841619959008,0.9996616021384652,Vv,Vv,chr19,4134550,True,2.9430781673128513e-09,5.84159584791257e-09,4.750361008953648e-09,5.801349832528917e-09,7.251688713237182e-05,4.8889069890789214e-09,4.89684502946584e-09,6.4433138493149374e-09,0.00010145160311686013,2.295222870639505e-09,4.93902702043184e-09,6.15411036259219e-05,3.2918571277910432e-09,8.028231866625404e-05,0.9996841619959008
rh_chr19_4492595,"{Vv,Vv}",0.9998520169334715,0.9998414467144338,Vv,Vv,chr19,4468412,False,7.350331862706467e-10,1.5198284780256077e-09,1.2828225389291455e-09,1.4341012944453546e-09,1.9553582127646743e-05,2.7993673666125466e-09,1.2580974449355673e-09,2.5795595616394395e-09,8.305519325965902e-05,4.769586553515608e-10,1.184297512199365e-09,1.3978138806954592e-05,7.194179786877688e-10,3.138216285031676e-05,0.9998520169334715
rh_chr19_4706082,"{Vv,Vv}",0.9999384849680468,0.999934091037193,Vv,Vv,chr19,4709581,False,1.1578825345813255e-10,3.015009019716281e-10,1.7485652542884756e-10,1.8878236652019445e-10,1.4429309755812263e-05,2.8548839602206814e-10,2.37690337445366e-10,3.1985837057428746e-10,3.616481161398634e-05,7.628636170104961e-11,1.491805315483603e-10,3.606313034328088e-06,8.037846397800985e-11,7.312667738460815e-06,0.9999384849680468
rh_chr19_4935010,"{Vv,Vv}",0.999944064902467,0.9999400695383576,Vv,Vv,chr19,4928112,False,1.7509702679913133e-10,3.042821085665047e-10,2.302238731644975e-10,1.4356923607656265e-10,1.912757406339068e-05,1.6258550618515146e-10,2.2029036138037905e-10,1.9907279669723682e-10,1.8258314461521e-05,1.5912425441122408e-10,1.244113762813164e-10,1.1626493170704919e-05,6.2208004192169e-11,6.920934972875999e-06,0.999944064902467
rh_chr19_5003967,"{Vv,Vv}",0.9999529598107662,0.9999495997972494,Vv,Vv,chr19,4997108,False,1.426998950215214e-10,2.3006385922695154e-10,2.685511644687798e-10,1.2807430768880815e-10,1.652726747039005e-05,1.1232447448978256e-10,1.6567429415910193e-10,1.643389840657845e-10,1.0811322682801142e-05,1.6498137592156167e-10,1.0198165729613977e-10,1.4121017315019673e-05,4.59290956416136e-11,5.579057146424559e-06,0.9999529598107662
rh_chr19_5072068,"{Vv,Vv}",0.9999606274881226,0.9999578151658457,Vv,Vv,chr19,5065203,False,1.1832760182472003e-10,2.2324267837297727e-10,2.588723388262714e-10,1.467607661057075e-10,1.3242889346720352e-05,8.333354945589431e-11,1.7596298721015584e-10,1.5186043440321807e-10,8.79388149572892e-06,1.2267839716293184e-10,1.235830171540178e-10,1.1328029007235188e-05,4.0053696102447645e-11,6.0062673522100605e-06,0.9999606274881226
rh_chr19_5230241,"{Vv,Vv}",0.9999896074553289,0.9999888651307096,Vv,Vv,chr19,5221539,False,1.3785050990691137e-11,1.4445277721268257e-11,2.0436525182430238e-11,1.3532772488562892e-11,4.5686390194380685e-06,2.789394467152832e-12,9.807913870538503e-12,7.2044519014254426e-12,1.0710046637919975e-06,8.697850185366381e-12,9.755503752282412e-12,2.991401079644388e-06,3.6337413361229646e-12,1.7613958196431152e-06,0.9999896074553289
rh_chr19_5314072,"{Vv,Vv}",0.99997648506684,0.9999748054287572,Vv,Vv,chr19,5305350,False,1.3482508190879659e-11,1.29205130767527e-11,1.806326697570408e-11,1.4386461448177549e-11,1.1560778347914405e-05,2.763995143070034e-12,8.436217425850037e-12,6.8589852559427524e-12,7.233603845921998e-07,5.816208537199596e-12,9.352459047693748e-12,6.866506885902323e-06,3.81279199240193e-12,4.364191648258715e-06,0.99997648506684
rh_chr19_5485618,"{Vv,Vv}",0.9999621879191807,0.999959487056265,Vv,Vv,chr19,5474348,False,5.922900708969008e-11,5.4949629408577567e-11,9.18447484437764e-11,7.812338104180384e-11,2.942319448265646e-05,1.2352174776026157e-11,4.020377024488986e-11,3.2116129877597235e-11,1.7925655028748897e-06,3.248857489946657e-11,5.511437011313599e-11,3.739969947730862e-06,2.2984973827730254e-11,2.8558714793956457e-06,0.9999621879191807
rh_chr19_5807614,"{Vv,Vv}",0.9999480771779481,0.9999443684049444,Vv,Vv,chr19,5792706,False,1.6890836888814029e-10,1.0016584931362885e-10,2.3660216821653867e-10,2.735581702921621e-10,2.2803505850231388e-05,2.1439936170806106e-11,1.0270834065331535e-10,7.43844882334887e-11,2.086679631199716e-06,1.5421683558063416e-10,2.0987545572246934e-10,1.6718588732240803e-05,9.935456110837072e-11,1.0312606624025877e-05,0.9999480771779481
rh_chr19_5928605,"{Vv,Vv}",0.9998819898396829,0.9998735605425174,Vv,Vv,chr19,5918402,False,1.3107705856650446e-10,9.923603592331349e-11,2.0799617367400802e-10,4.762938831125007e-10,3.05563529452423e-05,1.9650400987016185e-11,8.128525634600147e-11,6.575310794928799e-11,1.999219065175654e-06,1.01712004330123e-10,3.368469364361049e-10,5.376287224243962e-05,7.314485058285217e-11,3.169012306846765e-05,0.9998819898396829
rh_chr19_6154322,"{Vv,Vv}",0.9997405575061915,0.9997220258994909,Vv,Vv,chr19,6141798,False,4.376149576544841e-10,4.368291659245235e-10,1.0899332825230277e-09,6.494730198714247e-09,7.913210916040871e-05,1.3256994467885607e-10,5.168969200352414e-10,5.473302258385164e-10,1.0705698530238455e-05,4.24939801251868e-10,6.640908666594009e-09,0.00011252766028706695,5.537498426127021e-10,5.7059750327824934e-05,0.9997405575061915
rh_chr19_6382258,"{Vv,Vv}",0.9998186679108834,0.9998057156188036,Vv,Vv,chr19,6390141,False,7.426767725022236e-10,4.6435207469679213e-10,4.1715276448074135e-09,5.480833970421184e-09,6.057767835578812e-05,1.1671994494464207e-10,6.468455896936421e-10,4.5587734924934286e-10,6.927682284026516e-06,4.4892192195551293e-10,1.9608936356020857e-09,6.951354779481881e-05,3.714454967240716e-10,4.429832058760645e-05,0.9998186679108834
rh_chr19_6602361,"{Vv,Vv}",0.9999473437487124,0.9999435825879062,Vv,Vv,chr19,6610161,False,3.902090282323714e-10,4.88539633218876e-10,1.495916899898313e-09,1.6344908437575842e-09,1.6065538588114516e-05,9.73799546501705e-11,5.612384209919469e-10,4.0974137361171196e-10,5.3311574865958115e-06,3.586296377566901e-10,9.927013011359472e-10,1.843178029140914e-05,2.6643847465971784e-10,1.2821079635868802e-05,0.9999473437487124
rh_chr19_6693425,"{Vv,Vv}",0.9999456092682996,0.9999417242160352,Vv,Vv,chr19,6701164,False,3.817570325237399e-10,6.008125995105615e-10,1.4594710835047086e-09,1.5144783436816913e-09,1.549011891945702e-05,1.2664367113517278e-10,6.740823826183434e-10,5.142571867432048e-10,8.473208217393058e-06,3.723511765040845e-10,1.058746463343745e-09,1.7036988344940724e-05,2.809818558090186e-10,1.3383432636809469e-05,0.9999456092682996
rh_chr19_7055420,"{Vv,Vv}",0.9999901469136274,0.9999894431217436,Vv,Vv,chr19,7062996,False,2.2816851300339367e-11,4.185816206312858e-11,5.6320079898492686e-11,5.4497528126194655e-11,2.5216437191945842e-06,1.731501887593144e-11,4.3530516723296846e-11,3.954848135733549e-11,2.209556117536377e-06,2.326190939421998e-11,5.056862674118203e-11,2.5909800776362046e-06,2.0693836824920428e-11,2.530536047140452e-06,0.9999901469136274
rh_chr19_7169706,"{Vv,Vv}",0.9999989979282934,0.9999989263517429,Vv,Vv,chr19,7177086,False,7.877000652853258e-13,1.2286906212844415e-12,1.5800581371697152e-12,1.3528032524985161e-12,2.7606589128586846e-07,6.113139568973965e-13,1.2265317834496332e-12,1.1047067867717176e-12,2.2108686856491472e-07,7.191662377923834e-13,1.2730689769639412e-12,2.888395801478159e-07,5.364473539181941e-13,2.160689460336594e-07,0.9999989979282934
rh_chr19_7238559,"{Vv,Vv}",0.9999981139300014,0.9999979792107158,Vv,Vv,chr19,7246048,False,1.1551627976269084e-12,1.0570352847617517e-12,1.5544334612467917e-12,8.870195452670812e-13,5.857646451921832e-07,9.441135262802348e-13,9.717742910142498e-13,8.226061968207091e-13,4.641817160543339e-07,8.26066826621932e-13,7.934939458735132e-13,5.189609791582822e-07,3.757299280541613e-13,3.1715327078914995e-07,0.9999981139300014
rh_chr19_7350707,"{Vv,Vv}",0.9999809502724388,0.999979589577613,Vv,Vv,chr19,7357250,False,3.801312299617184e-11,2.1398542408022964e-11,4.317030545965388e-11,1.471640992825899e-11,6.8703335968326e-06,3.477875054984333e-11,1.8127863907546066e-11,1.7383066411147466e-11,4.749972966887807e-06,2.1482374377351275e-11,1.1893339851179816e-11,5.524211676333883e-06,6.746482070391754e-12,1.9049816109040158e-06,0.9999809502724388
rh_chr19_7474984,"{Vv,Vv}",0.9999777954262866,0.9999762093853071,Vv,Vv,chr19,7480662,False,5.056176934965063e-11,6.624686279703637e-11,5.7984354740630413e-11,4.585432980804157e-11,3.962186576896796e-06,1.2737664166482762e-10,3.854528446766603e-11,3.069899709320843e-11,1.4614985446242083e-05,1.8391976734429678e-11,2.5306992554213815e-11,2.094289139756631e-06,1.1325922227257043e-11,1.5326402573927812e-06,0.9999777954262866
rh_chr19_7548460,"{Vv,Vv}",0.9999738121390139,0.9999719415775149,Vv,Vv,chr19,7554200,False,1.0728629236050951e-10,2.2286293825834303e-10,1.2239261279529736e-10,1.21864279304487e-10,7.211088699325446e-06,1.5796075831761497e-10,1.3020344379638778e-10,1.255265801400933e-10,1.270455314167204e-05,3.5387726355189034e-11,6.157710381863956e-11,3.1939766108772787e-06,3.0438068677391745e-11,3.0771270343807538e-06,0.9999738121390139
rh_chr19_7695207,"{Vv,Vv}",0.999912142671577,0.9999058671481182,Vv,Vv,chr19,7700280,False,7.311270322005961e-10,1.0919400375016617e-09,7.35573782803874e-10,9.045551749892374e-10,3.8865905012550274e-05,4.1119877125289737e-10,6.333739099246581e-10,6.53983666663543e-10,1.9817661842189516e-05,2.2780152821684111e-10,4.3378358647584714e-10,1.3848477021438927e-05,2.555933398774386e-10,1.5319205615994917e-05,0.999912142671577
rh_chr19_8133480,"{Vv,Vv}",0.9997423511158061,0.999723947624078,Vv,Vv,chr19,8198904,False,5.455863040687032e-10,8.205320408423317e-10,7.737191440184568e-10,5.540555343093575e-09,0.00020447072672306448,2.096847344846079e-10,3.501206797013349e-10,4.219755188463965e-10,1.3581778002251975e-05,1.986202232203987e-10,3.9827010675523705e-10,1.319223905410493e-05,3.021185686281729e-10,2.6394579231822274e-05,0.9997423511158061
rh_chr19_8299444,"{Vv,Vv}",0.9998925681882572,0.9998848944874185,Vv,Vv,chr19,8346400,False,4.3461860882856916e-10,4.1821044674489197e-10,4.2278319974369907e-10,1.289620839102136e-09,8.011827080467e-05,2.2621568221059232e-11,4.4587238790804776e-11,6.934842957847537e-11,6.340592096716043e-06,2.3823201147965397e-11,7.107257461561778e-11,6.7343746462022215e-06,6.216542637104585e-11,1.4235715343627214e-05,0.9998925681882572
rh_chr19_8367018,"{Vv,Vv}",0.9999638169841025,0.999961232482967,Vv,Vv,chr19,8413208,False,2.2412335413758532e-10,2.3230980657202442e-10,2.3148988964356288e-10,5.181230017412049e-10,2.224117454556327e-05,1.3862487769966089e-11,2.8990129323718207e-11,4.044471807174976e-11,2.1645817936741695e-06,1.3955518628242898e-11,4.3306888359417205e-11,2.8346970646884943e-06,3.662432970803191e-11,8.941179263458649e-06,0.9999638169841025
rh_chr19_8441912,"{Vv,Vv}",0.999958460047599,0.9999554929081418,Vv,Vv,chr19,8487804,True,1.8660561813087321e-10,2.3684341801637386e-10,2.3770477588932994e-10,4.3887570713238485e-10,1.9866609624317118e-05,2.205672595104744e-11,4.881768687752309e-11,7.519211253101399e-11,5.380096931691052e-06,2.3294135695392446e-11,7.888806173569092e-11,5.808950164398629e-06,5.025379295327756e-11,1.0482897148545036e-05,0.999958460047599
rh_chr19_8566871,"{Vv,Vv}",0.99998607237764,0.9999850775474715,Vv,Vv,chr19,8627274,False,3.657604317666809e-11,4.813216986865374e-11,4.659564884310737e-11,6.999405852727016e-11,6.068062661859232e-06,9.612723302582939e-12,1.8776242784361163e-11,2.3038203678237126e-11,1.9595681577203717e-06,9.49393135143437e-12,2.3017225546961948e-11,1.9394966231644916e-06,1.3430227618971416e-11,3.960196250766529e-06,0.99998607237764
rh_chr19_8657020,"{Vv,Vv}",0.9999891493203448,0.999988374271798,Vv,Vv,chr19,8717064,False,1.920940908338537e-11,2.883312969869512e-11,2.542844475706345e-11,3.022994415550933e-11,3.835049252695729e-06,8.354153691696873e-12,1.3815831948969348e-11,1.5760074419345095e-11,2.4390910483888413e-06,7.136870188890248e-12,1.4629689611713712e-11,2.3914143698187137e-06,6.930942728145548e-12,2.184954655831948e-06,0.9999891493203448
rh_chr19_8733005,"{Vv,Vv}",0.9999870006126182,0.9999860720849482,Vv,Vv,chr19,8793035,False,9.317554053053833e-12,1.9441389794233372e-11,1.3175527659721219e-11,1.2663600778764732e-11,4.278910202952678e-06,7.010310520033784e-12,1.037061849336487e-11,1.0116161101440054e-11,3.7620070122299086e-06,4.231042848895233e-12,7.805281714092343e-12,3.4866019458813424e-06,2.984117393548245e-12,1.4717711051406502e-06,0.9999870006126182
rh_chr19_8787547,"{Vv,Vv}",0.9999917552335543,0.9999911663216654,Vv,Vv,chr19,8847590,False,1.146697469275508e-11,3.3017655048319235e-11,1.7308990516897104e-11,1.5439092664067698e-11,2.3726310569826793e-06,1.2163406730063537e-11,1.7854132552732036e-11,1.7088534988247544e-11,3.02463390290592e-06,5.450841337744255e-12,1.0572290601675132e-11,1.6200617484894763e-06,3.913944866031273e-12,1.2272954614979008e-06,0.9999917552335543
rh_chr19_9045752,"{Vv,Vv}",0.9998853022784172,0.9998771095840184,Vv,Vv,chr19,9105911,True,3.671755143197383e-10,1.2683668571373224e-09,3.0879832940699785e-10,3.645994254196803e-10,2.6263456575328193e-05,5.548268721518088e-10,4.161927830408833e-10,7.749783347466154e-10,5.660600572318773e-05,1.417701568366823e-10,2.388957324483333e-10,1.2893337370344111e-05,2.1032525665944786e-10,1.893027598468851e-05,0.9998853022784172
rh_chr19_9151792,"{Vv,Vv}",0.9998905921144569,0.9998827772654895,Vv,Vv,chr19,9211980,False,3.182549224378405e-10,1.9706502859058657e-09,2.8746350001027517e-10,3.652290439087673e-10,2.3813298546312252e-05,2.7653273521357473e-10,2.797768828831288e-10,1.011126077303247e-09,6.647307333258272e-05,1.0467007178332876e-10,2.0690584115213463e-10,5.207712975272475e-06,1.4811727996547592e-10,1.3908831962244816e-05,0.9998905921144569
rh_chr19_9229826,"{Vv,Vv}",0.9998496660394972,0.9998389278994613,Vv,Vv,chr19,9290016,False,6.661110805700688e-10,3.2251411536499206e-09,5.746972108720568e-10,8.47494235887371e-10,3.9077238719900095e-05,8.2092007336798e-10,8.025302154695112e-10,1.6238493437224063e-09,7.574070661411544e-05,1.646164972248563e-10,4.0293646021447894e-10,1.310849906810126e-05,2.872393394709607e-10,2.2398100565070304e-05,0.9998496660394972
rh_chr19_9486156,"{Vv,Vv}",0.9998237949139325,0.9998112088363562,Vv,Vv,chr19,9542910,False,1.7938027102054084e-09,6.295947499744333e-09,9.381088026421201e-10,1.9396226816629903e-09,6.212652479504846e-05,1.1925741198646767e-09,8.521629140512093e-10,1.903999187058251e-09,7.945850919651541e-05,2.2936485673097158e-10,5.67801006045177e-10,1.1378440808255105e-05,5.570570842949241e-10,2.3225340826899136e-05,0.9998237949139325
rh_chr19_9695699,"{Vv,Vv}",0.9996650515035858,0.9996411266109847,Vv,Vv,chr19,9751294,True,6.784538918291755e-09,1.4573392460268783e-08,3.4334865777695935e-09,8.010878115833372e-09,0.00011816472682013006,4.556669788532713e-09,3.6644269754918145e-09,7.588749413936854e-09,0.00011289543520170902,1.1061563945873519e-09,2.397117091855013e-09,3.344262623793292e-05,2.5343815947296367e-09,7.039105835719161e-05,0.9996650515035858
rh_chr19_9748768,"{Vv,Vv}",0.9996424193796367,0.9996168779067536,Vv,Vv,chr19,9804267,False,7.92750791566755e-09,1.7193051960169884e-08,4.1753813938170914e-09,1.0197572520315907e-08,0.00012801550394883596,5.1376751297283626e-09,4.421068793573032e-09,9.371419583491374e-09,0.0001169870327399029,1.2895281257724742e-09,3.0674126930521e-09,3.4566755186583746e-05,2.9449809130748946e-09,7.794560288886711e-05,0.9996424193796367
rh_chr19_10336006,"{Vv,Vv}",0.9997853158781214,0.9997699812979872,Vv,Vv,chr19,10390915,False,7.421345436303882e-09,8.484274749820145e-09,6.393356925926401e-09,8.08026244772111e-09,7.288231932781427e-05,2.405950585539951e-09,3.8614475337401655e-09,4.521435998294788e-09,4.6093995346455885e-05,2.022436985700659e-09,3.6062096608324136e-09,3.3957563468909397e-05,2.7890241488722232e-09,6.170065799106502e-05,0.9997853158781214
rh_chr19_10514939,"{Vv,Vv}",0.9997978253116862,0.9997833842625209,Vv,Vv,chr19,10573018,False,7.1475737343635074e-09,7.226539852221239e-09,6.54416179692689e-09,8.370734095564648e-09,7.930822724445609e-05,1.424391002408085e-09,3.0969614617696924e-09,3.465260449813303e-09,3.7917598936233505e-05,1.7567436449578403e-09,3.6221004458349048e-09,3.602374666364666e-05,2.231779967499872e-09,4.888022922307445e-05,0.9997978253116862
rh_chr19_10666680,"{Vv,Vv}",0.9998735571856217,0.9998645255560232,Vv,Vv,chr19,10724926,False,6.7732902615413595e-09,5.850266611890111e-09,6.331472413011596e-09,7.987038039211653e-09,6.862315964105177e-05,7.148686115518769e-10,2.167767619294508e-09,2.1239945287712488e-09,1.4928819043339844e-05,1.5094786229697324e-09,3.1046725727687173e-09,2.1540994941949694e-05,1.5930632249979733e-09,2.1311684839504584e-05,0.9998735571856217
rh_chr19_10724583,"{Vv,Vv}",0.9998140433353606,0.9998007607164578,Vv,Vv,chr19,10781119,False,7.359243855428333e-09,6.273238047784851e-09,7.175905494895829e-09,8.931277079720334e-09,0.0001039510573928198,7.045504419594803e-10,2.386256049136793e-09,2.2766556375719816e-09,2.02614723039777e-05,1.696749407740406e-09,3.5522809147492895e-09,3.343482462095021e-05,1.6903138459854325e-09,2.8267263850833118e-05,0.9998140433353606
rh_chr19_10825978,"{Vv,Vv}",0.9997540619233312,0.9997364949178548,Vv,Vv,chr19,10882483,True,7.313531967257689e-09,6.8133427060240565e-09,8.159539581388053e-09,1.044340142240132e-08,0.0001307374786563374,8.82567269715251e-10,3.002277662064473e-09,3.210038946526032e-09,2.874011328542043e-05,2.0378487351501074e-09,4.764054871115412e-09,4.5334223944515354e-05,2.394855428636995e-09,4.1077239323898874e-05,0.9997540619233312
rh_chr19_10968935,"{Vv,Vv}",0.9997145109228428,0.999694118845903,Vv,Vv,chr19,11019955,False,6.694362665841793e-09,7.245118511393026e-09,9.164021204397607e-09,1.265692629348185e-08,0.00015680510530648598,1.1060260628179905e-09,3.9278194890900726e-09,4.8450861119647365e-09,2.9689921225616335e-05,2.5047284860744593e-09,6.859459951861835e-09,5.098323575245366e-05,3.6371371191268212e-09,4.795217418671812e-05,0.9997145109228428
rh_chr19_11030882,"{Vv,Vv}",0.9996715838674436,0.999648125572261,Vv,Vv,chr19,11081731,False,1.0129103477364154e-08,1.2510300070251538e-08,1.6023222377775595e-08,1.920464486724902e-08,0.0001828524816347367,2.172969730469675e-09,7.83013623007077e-09,8.599013446373991e-09,3.286256083366334e-05,4.601109065448888e-09,1.1679339267061882e-08,5.865483477061429e-05,5.554515483962295e-09,5.394795096327167e-05,0.9996715838674436
rh_chr19_14747580,"{Vv,Vv}",0.9840670156921354,0.9829289453844308,Vv,Vv,chr19,14911855,False,1.0204155744404755e-05,7.98403662945941e-06,1.3006408858393133e-05,1.2590858623391762e-05,0.0047482838291109265,1.2449296472924667e-06,3.40907719867121e-06,3.1940295171702986e-06,0.000862672257500146,3.1090058239753634e-06,6.07391339361525e-06,0.005858437225820909,4.07470579414532e-06,0.004398699874202033,0.9840670156921354
rh_chr19_14659354,"{Vv,Vv}",0.9840808856460064,0.9829438060492925,Vv,Vv,chr19,15000219,False,9.707786399392634e-06,8.10536982913253e-06,1.2966000103353652e-05,1.2643540109490726e-05,0.004618995972888566,1.2580092500670663e-06,3.61352458738973e-06,3.3748197783360678e-06,0.0007996239340274792,2.9741758958846977e-06,6.42791597562044e-06,0.005981223777072796,4.004895360415634e-06,0.004454194632715605,0.9840808856460064
rh_chr19_17658056,"{Vv,Vv}",0.9962414713399536,0.9959730050070931,Vv,Vv,chr19,19346067,False,4.4321364175869475e-07,7.563277628515442e-07,4.626493144055137e-07,4.281715182544911e-07,0.0012444824202166838,5.720957201688314e-07,7.687350705655288e-07,7.174442760535741e-07,0.0008069074789112264,2.648321689765531e-07,4.2814603613908964e-07,0.0008737583209213157,2.3185079188185618e-07,0.0008283069736961982,0.9962414713399536
rh_chr19_17622217,"{Vv,Vv}",0.9964390578278992,0.9961847048156063,Vv,Vv,chr19,19381856,False,4.261879006002588e-07,7.193413314918307e-07,4.465134682646303e-07,4.154824924323699e-07,0.0012006199486547695,5.36917479734915e-07,7.409592044579166e-07,6.929578322009111e-07,0.0007548913287633924,2.5256088157784217e-07,4.19979118423351e-07,0.0008189048874914413,2.220278339231597e-07,0.0007816530796480755,0.9964390578278992
rh_chr19_16545270,"{Vv,Vv}",0.9976772231166182,0.997511310482091,Vv,Vv,chr19,19678437,True,2.4876207510315805e-07,4.615607593199884e-07,3.255146640705225e-07,3.150212204987469e-07,0.000755684462905588,2.82518486267699e-07,4.6084663006755194e-07,4.444869889250072e-07,0.0004864453046203443,1.5383162200455847e-07,3.02777976217536e-07,0.0005368332916992885,1.4230418311407377e-07,0.0005406761995509082,0.9976772231166182
rh_chr19_16452320,"{Vv,Vv}",0.9981065690767,0.9979713240107501,Vv,Vv,chr19,19769880,True,2.102625452900692e-07,4.131683889770387e-07,3.0048164498787963e-07,2.9304805184216417e-07,0.0006071062916212607,2.3123291091962318e-07,4.092862693517167e-07,3.974106061938399e-07,0.0003915064733973921,1.314801062414369e-07,2.787330489613108e-07,0.00043781643305896905,1.2283147858565728e-07,0.0004542137901709477,0.9981065690767
rh_chr19_16370721,"{Vv,Vv}",0.9985076357261754,0.998401038278045,Vv,Vv,chr19,19851234,False,1.8226372924211721e-07,3.7802430319130825e-07,2.8170607449257507e-07,2.760532278440084e-07,0.0004703303182544934,1.948872669013865e-07,3.719929229643733e-07,3.627322745476427e-07,0.0003021731442641942,1.1497080070243074e-07,2.604608694418275e-07,0.00034490134818054976,1.0781498658597603e-07,0.0003724285566693634,0.9985076357261754
rh_chr19_19077261,"{Vv,Vv}",0.9993643470165552,0.9993189432320234,Vv,Vv,chr19,21635399,False,1.1686875953653645e-07,9.920850533086018e-08,1.6829916290065574e-07,1.0715963615096523e-07,0.00017338340944776195,3.5357709375172447e-08,9.897287865963489e-08,6.423597235777373e-08,7.940178179695747e-05,8.966309803800168e-08,1.039849432400117e-07,0.00022487261249553764,5.881870072003473e-08,0.0001570526103382431,0.9993643470165552
rh_chr19_19495933,"{Vv,Vv}",0.9984426867744884,0.9983314501155234,Vv,Vv,chr19,22053256,False,2.4463955846215725e-07,2.1017740220394877e-07,3.996385865173077e-07,2.2177973636539504e-07,0.0004481331582801519,6.643978372868696e-08,2.2482249824250422e-07,1.2482450223687623e-07,0.0001741616746495262,1.9526340278909594e-07,2.3009684133075806e-07,0.0005145730803423177,1.1208818865732136e-07,0.00041841554173899193,0.9984426867744884
rh_chr19_19725625,"{Vv,Vv}",0.9966060943207994,0.9963636724865708,Vv,Vv,chr19,22279463,True,4.272108332826275e-07,3.829286311425529e-07,7.392060922497175e-07,4.498596521538751e-07,0.00108244464507136,1.1170310550389507e-07,4.106237365683709e-07,2.5356769493177194e-07,0.0004062514123222146,3.31620216150818e-07,4.654937979863539e-07,0.0011954822507327482,1.9474988786673796e-07,0.0007059604074264099,0.9966060943207994
rh_chr19_19968859,"{Vv,Vv}",0.9948756520728537,0.9945096272209146,Vv,Vv,chr19,22511212,False,7.11121621772943e-07,6.911048837182691e-07,1.3538740742428363e-06,8.031099787596e-07,0.0016965610197120671,1.771772560459506e-07,7.388347364295156e-07,4.5139604130307444e-07,0.0006026622222606421,5.276748639878256e-07,8.260423082443289e-07,0.0018581291953569568,2.9771057107766603e-07,0.000960417443481028,0.9948756520728537
rh_chr19_21475599,"{Vv,Vv}",0.9859874224262475,0.9849865240281223,Vv,Vv,chr19,24000211,False,3.7845415983809622e-06,2.48427602291945e-06,7.0875041780717784e-06,2.3911067738003913e-06,0.005277090963277459,5.09489923531878e-07,2.7211864009579584e-06,1.1538972104289736e-06,0.0010411389474307947,1.0536382727395575e-06,2.3372441324389243e-06,0.005808509922138662,7.034138687919679e-07,0.001861611442523541,0.9859874224262475
rh_chr19_21537562,"{Vv,Vv}",0.9859253653488925,0.9849200343023848,Vv,Vv,chr19,24062161,False,3.890507926495353e-06,2.4900217688066126e-06,7.458943504894592e-06,2.4508506391419122e-06,0.0053306128638523735,4.899905706607201e-07,2.7247360397155636e-06,1.1504139184911393e-06,0.001014760837515728,9.186796011766627e-07,2.3500764247143e-06,0.005868318096657573,6.816304813928113e-07,0.0018363370022062562,0.9859253653488925
rh_chr19_21589986,"{Vv,Vv}",0.9859492965460395,0.9849456748707566,Vv,Vv,chr19,24114568,False,4.074247389523516e-06,2.57138958503896e-06,7.841003856014461e-06,2.603184583265813e-06,0.005418190312479039,4.895591107264125e-07,2.808257964567077e-06,1.1929655224847029e-06,0.0010095842810125145,1.0460242381576069e-06,2.5002190314277986e-06,0.005752607266879064,6.953824080594363e-07,0.0018444993599007478,0.9859492965460395
rh_chr19_22763652,"{Vv,Vv}",0.9884594114614392,0.9876350837086849,Vv,Vv,chr19,25273722,False,7.648842406235874e-06,1.250598667717856e-06,8.880732057743744e-06,2.604943054778719e-06,0.006920847060629468,2.577888155789551e-07,9.471582153297039e-07,5.044192213165509e-07,0.00034517065420658843,1.6966441821034604e-06,1.3423975779268364e-06,0.002749531909499516,3.956308066353535e-07,0.0014995097592199144,0.9884594114614392
rh_chr19_22967359,"{Vv,Vv}",0.9859926637631653,0.9849921397462486,Vv,Vv,chr19,25502042,False,8.864289056461088e-06,8.866514212873627e-07,9.320278227004741e-06,2.5799376077298377e-06,0.008749148481681493,2.8698467416843426e-07,8.101381834145406e-07,4.5246310691300835e-07,0.00028794303904311773,1.7372931975584044e-06,1.077727324049836e-06,0.002968113389760958,2.883312824406962e-07,0.001975827232268201,0.9859926637631653
rh_chr19_23034666,"{Vv,Vv}",0.9862268542668776,0.9852430581430832,Vv,Vv,chr19,25568777,True,9.38627364900976e-06,1.0430641811223545e-06,1.0002754041400659e-05,2.812140620919133e-06,0.00878741246131062,3.0015054622519596e-07,9.784252580820084e-07,5.461531280993708e-07,0.00028879448306024755,2.1024051170744853e-06,1.3350142266911843e-06,0.002758788505509105,3.671737637074878e-07,0.0019092767287100729,0.9862268542668776
rh_chr19_23614226,"{Vv,Vv}",0.9887659076698807,0.9879634725034436,Vv,Vv,chr19,26143030,False,1.3681671367846059e-05,1.6425927936146695e-06,1.4081094823415248e-05,3.5221017410207557e-06,0.009005816148642778,5.035247663871097e-07,1.9547157781780298e-06,1.148413889445437e-06,0.00014441997075188568,5.1496987411478864e-06,2.789579014060898e-06,0.0008383238492502008,9.235512644899637e-07,0.001200135417294846,0.9887659076698807
rh_chr19_24285394,"{Vv,Vv}",0.9868426052080339,0.985902791294322,Vv,Vv,chr19,26803425,False,7.676434555123267e-05,1.1522536458840203e-05,4.887748938668255e-05,1.646408983131772e-05,0.009649092667315238,2.7216198123555567e-06,5.00588570733671e-06,6.025383846011911e-06,0.0008101161520718917,1.4606457753673837e-05,8.885357954243056e-06,0.001229960293026554,5.0198894360475925e-06,0.0012723326238146093,0.9868426052080339
rh_chr19_24344947,"{Vv,Vv}",0.9862022828490302,0.985216731623961,Vv,Vv,chr19,26862844,False,8.43884642096287e-05,1.4034139813202263e-05,5.7657382212762796e-05,1.9429691512705685e-05,0.00974516364878293,3.0290440362611193e-06,5.5114480053325916e-06,6.732351639860044e-06,0.0010184991768633083,1.5728580981466193e-05,9.677136814097153e-06,0.0014140954749926689,5.459415751334192e-06,0.0013983111953542893,0.9862022828490302
rh_chr19_24442103,"{Vv,Vv}",0.9780044569548085,0.9764333467372949,Vv,Vv,chr19,26957816,True,0.00010308147604872688,2.0672901351554136e-05,7.878349872660374e-05,2.7152968933447355e-05,0.012652603465730276,5.120044020173179e-06,8.479417641201385e-06,1.0248816681579784e-05,0.0021074118520545103,2.1707562655182385e-05,1.3310397936901363e-05,0.004371315027626185,7.872850465519577e-06,0.002567782765319648,0.9780044569548085
rh_chr19_24538531,"{Vv,Vv}",0.9697510775528794,0.9675904402352279,Vv,Vv,chr19,27054448,False,0.0001268153246210461,2.9986210915630054e-05,0.00010968764967911074,3.787145561482665e-05,0.015579294959872904,8.473801464118e-06,1.4182109078839305e-05,1.6272420709895374e-05,0.00318599966486739,3.256519514497179e-05,1.9988955318565878e-05,0.00734795584691401,1.1564897529846857e-05,0.0037282639553893587,0.9697510775528794
rh_chr19_24632229,"{Vv,Vv}",0.9607340000400141,0.957929285757158,Vv,Vv,chr19,27148228,True,0.00014614763493760286,5.423471278034724e-05,0.0001379892589330872,6.268034111918398e-05,0.017708627536053387,1.4394076325571014e-05,2.880501597456755e-05,2.6540958479215335e-05,0.00544502838217484,4.318682403796954e-05,3.519647704179628e-05,0.009563444352276622,1.810143775243898e-05,0.005981622952099288,0.9607340000400141
